0,0
1,1
2,2
3,3
4,4
5,5
6,6
7,7
8,8
9,9

9,0;1,1.1464645310864208;2,3.7999580122652574;3,3.6696098136806645;7,5.037997823141254;5,5.135083576840054;6,6.632282129361689;4,6.147273877425059;8,7.613853702882326
2,0;6,1.803378052861237;5,3.5397297646871264;4,0.5853208220607778;8,3.4880608397369506;3,1.154969452931148;9,2.298551271251847;7,2.608055981443526;1,4.702556924875189
2,0;5,1.6463159750805505;4,2.8997577978812723;8,3.0340966171440718;3,2.930893364590072;6,4.379924497392633;9,4.391823351055812;7,5.023006481684401;1,4.4837905934225635
4,0;8,1.1205178611009112;3,1.55361164624114;6,1.1937688302751022;9,0.7602670667646553;1,1.016363707618892;2,1.7937002199700314;7,2.4072790416699474;5,2.1258705528270054
8,0;7,1.433685880662093;5,1.182524744215555;9,4.673825359869709;1,1.461205828315948;2,1.749748243134295;3,1.6642340283695398;6,2.721225158133202;4,8.434412252472244
3,0;7,1.5561672639432373;5,1.1113151265203385;8,1.0427889586375205;9,1.7637984991769624;1,1.878306294215904;2,2.4037363369113884;4,3.7390565089988272;6,5.564822430325716
3,0;7,0.40875113424642623;1,0.27601722380496624;5,1.1095947540623645;8,1.0107247801138848;2,0.3550606533493198;6,0.8967903052808266;4,0.8486267423027959;9,1.572631054430729
8,0;7,0.8264552975935131;5,1.0617641627585965;9,1.207561237467471;1,2.0384087927586805;2,4.219690705877782;3,2.190175529874443
8,0;7,2.2928447641188345;5,0.45411678054897553;9,2.5391928871092966;1,2.52854385936901;2,2.627807742830837;3,2.8286454231734206;4,2.728564173048613;6,3.632415201030383
2,0;5,0.8050372219088637;4,2.8441063076653856;8,2.899388771103267;3,4.391549857952141;6,3.9843879767876236;9,4.0103936529010955;7,3.463444765316337;1,4.235776008612408
6,0;3,3.8287361574461003;5,4.221732373183258
9,0;1,0.7775913481576763;2,1.5078218129591767;3,2.22700021991222;5,2.8201061886041034;4,1.815687450024644;8,4.300937188885039;6,4.079309519391678;7,4.337907156532229
3,0;7,6.885409244568206;1,1.3760912469749622;5,1.5563477202352796;8,6.669600340083129;2,1.9532895647319513;6,2.0164381038936594;4,7.46689459526878;9,7.276773728784738
4,0;8,4.532729741128237;3,4.04482840329287;6,3.7239597302758582;9,0.6327016894455448;1,2.3072299919155306;2,3.7041683573227977;5,4.70169516444257;7,4.335854584786135
2,0;5,3.913686100089766;4,1.7569771956204763;8,2.1812370384959037;3,2.6468685736170765;6,1.8475558612077339;9,2.2909726870229443;7,3.0929751890605313;1,2.7417865862048503
4,0;8,0.04539053427674339;3,2.6640675511651173;6,1.5675722848763998;9,0.5363686365612838;7,2.738261656123971;5,0.1195873011925933;1,2.438881104841292;2,4.118937675725292
2,0;6,0.12731306697736108;5,2.516147626738988;4,1.872614547602648;3,3.6025734805397236;8,2.610362198583747;9,2.654091355136362;7,3.45241597899513;1,2.9503612418214633
4,0;8,1.2909315564490966;3,0.8791220685774375;6,0.8388554475350236;9,0.8365849276457913;1,2.4538678748118947;7,1.0174657460087837;5,1.1336663148773807;2,4.406410149060939
2,0;4,0.6029369455231394;8,2.202655103093847;3,1.7580558197744676;6,3.227991353511646;9,1.0377774122248944;1,1.8777577568124242;7,2.246662854694968;5,2.180743336331353
2,0;5,5.573238781656283;4,3.995473691055973;8,7.269583115009462;3,5.822417358321109;6,4.142709250165858;9,4.408681046762047;1,7.1892881068261705;7,7.081398696182568
8,0;7,0.8049051447472003;5,0.14162051591004532;9,2.0025656930915554;1,2.216744470740823;2,3.3224534050013776;3,3.0640616278239414;4,7.0841985619492185;6,8.40297072984976
2,0;5,1.973512743669421;4,1.295954974833414;8,1.6450068896387404;3,1.532178162774758;6,4.193326658574089;9,2.1158868074803685;7,1.6772256727430592;1,1.7750831493683723
6,0;3,0.10693966581638573;7,1.8497938970330425;1,3.5536106434558485;5,1.592490386014466;8,1.546195260809338;9,2.154789638406127;2,5.056056299376391;4,9.743658250423273
4,0;8,0.07583883019448705;3,1.8581552329404067;6,3.1110707428777333;9,0.406889788985156;7,0.39055542741803234;5,0.1848337695379031;1,0.9062207889543639;2,0.9616798893901414
8,0;7,0.9980683303202629;5,0.40288325042564405;9,2.2694898411804116;1,2.168231716968434;2,2.208843727904558;3,2.538340855666513;4,2.3634768295858937;6,3.4173121977818695
3,0;7,0.15619826529147332;1,1.259943003786599;5,0.8185094630514316;8,6.210893985098869;9,1.670074308829559;2,1.733194851302792;6,2.78732741722638;4,6.39312418680511
2,0;6,8.926084966554496;5,2.7427392763307563;4,1.3651490418459036;8,5.797628293601937;3,4.41854811346854;9,3.672797655501081;1,3.901853626589942;7,4.873677600460508
3,0;7,3.544020521753847;5,1.80201786008406;8,4.093950691700646;9,3.7021757222815923;1,4.833384522262423;2,7.713026608070857;6,8.688953754478053
8,0;7,1.7383596946150388;5,0.6433418702778044;9,2.041229304641203;1,1.7907609094878352;2,2.727754816929905;3,2.38432185338167;4,9.427607095380274
2,0;6,5.694485245152209;5,0.5327676344955168
6,0;3,9.294041405019902;7,9.646912787491546;1,9.670607992409625;5,9.870725312535622;2,9.83292952787537
7,0;9,1.2190122458465862;1,0.9860816115991896;5,1.1321685469636273;2,7.09378817104665;3,2.4838619983060797;8,8.844767653815895;6,8.260684610253904
3,0;7,0.22445278205876718;1,0.6591953330405538;5,0.6250463002131466;8,0.7650430482491642;9,1.3829293748268041;2,0.7037097793690866;6,2.6416084121524284;4,1.3057856039244462
2,0;6,3.065321095664754;4,1.950667397009338;8,4.609067606932949;3,2.64473905591659;9,5.946467311574551;7,5.035628883151933;1,4.3522122915947214;5,4.410706052952496
7,0;9,0.9487561562226047;1,1.0520346639566427;5,2.1868555773750993;2,1.1886512029156024;3,1.1102922032034623;8,4.3596130897734495;6,1.9788439796236963;4,5.921466875288797
2,0;6,1.2403392193508158;5,2.144584698207119;4,5.948044596457952;8,5.991636758136558;3,7.95412215467136;9,5.99816199739658;7,7.909627887335395;1,8.160436259394784
2,0;6,6.683673378720436;5,6.728855105882311;4,5.65709222766016;8,6.257996339431383;3,8.137818203688834;9,6.200420304934014;1,8.218380326915796;7,7.258801029695882
3,0;7,1.4666913657771625;1,2.2213081054129633;5,1.7460556269066656;8,3.2197459294781656;9,2.070511455472215;2,2.7440421185413535;4,3.951315058495509;6,3.28971179583746
1,0;2,0.6091794238654792;3,0.22258570644520684;7,2.439742232248903;5,2.4838124113152626;6,0.7059700894228941;4,4.190771361203766;9,3.5869459910952726;8,5.7634204420553266
2,0;5,1.6997951058058816;4,8.567923545689935;6,9.768167314188554;9,8.86352102241061;1,9.21786822071777;3,9.485513326523602;7,9.737379885206572
6,0;3,5.044114499631184;7,5.6183978475191125;5,7.306291698148748;8,7.044591737698974;9,6.091542171783479;1,6.442155278029028;2,8.750632049517229;4,9.653072046868797
1,0;2,1.8973012738612272;3,3.07039528364915;6,2.573924464535937;5,3.28923273087124;4,2.4599491119787715;8,5.594793964838879;9,4.540772584080383;7,4.153202438544552
1,0;2,0.5615310553687098;3,1.5671229636033224;5,2.0076891516304616;4,1.4117799132911104;8,1.854065535806878;6,5.7304867579254894;9,2.2547604715226313;7,1.9463524430796457
8,0;7,0.08047995518896135;5,0.5665132155931413;9,0.17549547622092995;1,2.2543282204831963;2,3.85647175813377;3,3.1906784216822475;6,4.961712469407236;4,4.451360044704473
3,0;7,0.20134010451422643;1,0.7033081850430365;5,0.25952871992669113;8,2.361339526915418;9,0.25326445462547365;2,0.7990277505322774;4,3.595451199335294;6,7.491168442223938
8,0;7,2.4707442375895337;5,0.0766958619350686;9,2.7553248008035385;1,3.3719308047499372;2,3.8361710162483833;3,4.079560126013774;4,4.2061111513764065;6,4.996375615862439
8,0;7,0.32956379768787497;5,0.4173326502638796;9,0.49489448272641257;1,0.4144482635650164;2,1.5442796984672487;3,0.5522171697735756;6,3.6973708720223355;4,4.59028967541646
7,0;9,0.357768518201471;1,0.4151800626335822;5,2.440527262709164;2,0.6680497157636096;3,1.3785075664756894;6,3.3313153433232294;4,1.6778645563625159;8,5.5749258883132695
8,0;7,0.4887648646533187;5,1.8372769146170478;9,1.7072534639995187;1,1.2806766276055144;2,1.57374886324754;3,2.1081807828251895;4,4.429028127690694;6,6.334547262281321
3,0;7,1.5374746804509647;1,3.881172785327472;5,1.4908572101719062;8,3.2228748349945437;9,2.9130197460235983;2,4.0582703178967865;4,4.918710264810674
6,0;3,5.64841762012641;7,6.492095442476145;5,5.656245621305443;8,6.397473766109842;9,6.726275501221208;1,7.993936967356232
6,0;3,1.5253445354380935;7,5.633556735812458;1,5.385422905211465;5,4.286282172361661;2,6.32525780537277;9,6.045950274116401;4,8.202611334898958
2,0;6,4.8980710794218005;4,1.8127621996584502;8,1.8965379524172967;3,4.318881059008439;9,2.280826688901954;7,2.4406378435350113;5,2.280314902745361;1,2.929837818820221
3,0;7,0.4959921772821718;1,1.3422235547105426;5,0.8931543474266598;8,2.6479143600595623;9,0.9623169897998971;2,1.7722702000002335;6,7.376546717773587;4,7.347297923252837
7,0;9,0.194668645847623;1,0.37970427151232083;5,1.2957879435247268;2,0.6863422020188863;3,1.0416800307640113;6,1.7931995537907421;4,3.7576426491945285;8,5.509823834295586
3,0;7,1.1938341338002663;1,3.1387900902337873;5,0.46957096435982043;9,1.2022900330607178;2,3.8182042881913896;4,6.523472861547662;8,8.256814326003237;6,7.033869257602252
4,0;8,0.632569080806878;3,1.2117912065652958;6,1.6421532282123066;9,1.4098888952047162;7,2.3898674522927434;5,2.643641095555191;1,1.4208081382429247;2,2.004125030281646
3,0;7,0.00905710060475688;1,0.5367134207880575;5,0.008644024178434205;9,0.4291617851874787;2,0.6849759820534328;6,2.3656525663525114;4,2.701315467621359;8,2.999566950061438
6,0;3,1.110015199689387;7,1.409117415228601;1,2.0207809103467653;5,1.2565656815905883;9,4.94033116462991;2,3.5670858468927094;4,3.8909447908589936;8,4.324380660618442
7,0;9,1.8905206237853065;1,0.25905014568998475;5,0.3658338318767;2,1.678689909561054;3,3.4794723130120935;4,9.789592119492061;8,5.024410098443804
2,0;6,1.02158032062252;5,2.262913990531868;4,1.7819217149710669;3,2.0574470137083534;8,4.2851080342123815;9,2.1122149108536803;7,3.543735340819805;1,3.6355603322439007
1,0;2,0.1584605459338732;3,0.3233002013419327;6,6.251174147800349;5,0.32995428339298216;4,3.5385934268993964;7,0.425388345286228;8,3.0624978296596024;9,2.7460209637154818
4,0;8,1.8769975715560852;3,3.0160295973929685;6,0.26169069510245946;9,2.7234758614483323;7,2.5142680629575276;5,2.5552610823883777;1,2.7904434302224397;2,3.6222102023790463
7,0;9,1.145817246115877;1,1.2105497152844389;5,2.6892895791483484;2,3.366433864183775;3,1.869173834538382;8,3.309108007231055;6,5.929544083254152;4,8.016488492233105
3,0;7,0.3455573109934415;5,0.9720770340332046;9,0.9063215191148819;1,1.092849783858259;2,2.256280747239953;4,2.555358394904735;8,4.635840558879337;6,2.5586810314543476
4,0;8,1.1135203463822008;3,1.0385784586895475;6,3.4091007110353924;9,0.810717558348885;1,0.9626788370845655;2,2.8252462263658704;7,1.4699300789131446;5,2.4452437506206026
7,0;9,2.2970162050124263;1,0.547373567701063;5,0.19188749648584624;2,1.2576735756101198;3,5.005067047362058;8,7.296074432985591
3,0;7,0.3243825341374904;1,0.49130416334018623;5,0.7828845890386564;8,0.5299037143747138;9,0.7222386955397652;2,3.8725088915523944;6,4.363996612135574;4,3.9311387677103453
8,0;7,1.0911447198860729;5,0.5736907406746348;9,1.26738590165152;1,1.484942798766203;2,1.8624381282299707;3,4.133586015321143;6,6.315180189033449;4,4.632947472271045
6,0;3,0.9276507095306258;7,1.053325087460485;1,2.816013570866689;5,1.9342414941980102;8,4.940904939224827;9,2.2670856716167127;2,4.988706354982114;4,9.397453383782178
8,0;7,3.4500347795752875;5,1.6307455587775725;9,3.4847268329397605;1,4.619004764889194;2,7.928336686418021;3,5.038268502281429;4,8.143736740829937;6,8.567162013032368
3,0;7,1.0626191811406143;1,1.0741790317823767;5,1.5211426153092926;8,1.7091828677421892;9,3.2543458461442323;2,1.3143122078524636;6,1.3687577263196855
7,0;9,0.7884112080937419;1,1.5177587986221566;5,0.04690739596622732;2,2.20605550306964;3,3.53950582242944;6,3.7928171211972934;4,3.2773486605815534;8,5.3272192376013
1,0;2,1.3120549034435847;3,3.0234306998003366;6,5.021117331185609;5,2.3572614286977207;4,2.765854856689929;8,3.561408948851449;9,4.181859775199775;7,4.079356111994063
4,0;8,3.2426956642206255;3,0.2921707136061837;6,3.7153789256740595;9,0.04710635059307579;1,1.4760184195117032;7,1.7367201089559816;5,0.7916613987070252;2,1.6601336181417619
6,0;3,0.0004252145426167706;7,2.726968559509979;1,2.4029476131293936;5,1.8341708676495712;8,0.8312867489985394;2,4.301348487805063;9,2.9197607625811313;4,9.171313379001472
8,0;7,1.8249083824204058;5,0.6454558764642876;9,4.0375730070336395;1,2.463241943455793;2,2.465237784448579;3,6.12815556627636;6,5.949907148938822;4,4.138618234470618
4,0;8,0.9739047196294923;3,0.4094686949064279;6,0.13397310892839628;9,0.801883393804146;7,1.1032610215871124;1,1.6074291474991829;5,1.236670301487895;2,2.1965995082576955
9,0;1,1.6212549531559428;2,2.1524005905676007;3,2.4575117963228577;6,4.731359105325258;5,2.509180105003735;4,7.847324082137844;7,2.6788755091712964;8,7.945580183649357
6,0;3,2.38419649153643;7,2.4991656145807153;1,3.0899641565794234;5,2.7731852205170604;8,4.683586150827744;9,3.0705231550935808;2,3.173160480656992;4,4.291823967664792
7,0;9,0.9068684056077776;1,0.396818418102163;5,0.2462837493839712;2,0.5526847381438581;3,2.4469625489457476;4,4.552662385135468;8,3.3799337382282038;6,9.542875052514834
4,0;8,1.9869591491630048;3,0.2236640907825838;6,1.4589340604634482;9,1.14620823138726;7,2.1047398810976685;1,3.0475561463461696;5,3.142638705135151;2,5.919722074322128
4,0;8,2.978086668877884;3,0.1741595302418059;6,4.629691063072648;9,0.704082902756068;7,0.36486752575277837;1,0.519524037980478;5,4.3734700052982225;2,2.1804307730886574
1,0;2,1.2433545744951555;3,2.593976536288121;6,6.912595209102422;5,3.2837631011145128;4,5.73315480766065;7,3.207643516646505;8,4.176580889970119;9,3.2851221709953635
8,0;7,0.01208126615794376;5,0.6490957903799353;9,0.0917166227938851;1,0.24255306450668493;2,0.5760227099404551;3,0.5047928090750012;4,8.85465757175441
4,0;8,1.9135970141276895;3,0.40936180946134504;6,0.460828619306983;9,2.963490480702405;7,2.7346375474814275;1,3.088854588341568;5,1.9832349869093655;2,3.0938585222445156
6,0;3,8.927654719682389;7,9.383302460406851;5,9.190343044362143
9,0;1,0.8166441129905274;2,2.3460709270010884;3,2.1410853040909585;7,2.803311964095863;5,2.942358082254098;6,6.276249842728909;4,7.898346574535728;8,9.027246063044544
7,0;9,0.23475575834035156;1,0.48258720606634575;5,0.7285686888410734;2,1.9573402396897444;3,2.0563707569696357;6,4.045129720825219;4,4.090859866506495;8,2.0665171186724427
6,0;3,4.3252162829962595;7,4.626760338285193;5,4.330690727132118;8,8.284407702843115;9,5.071647381198385;1,5.384016052957529;2,6.535805585443162;4,9.88573184196094
6,0;3,3.9171556724028775;7,7.29291863863738;1,5.683682021659995;5,5.844827628657657;8,5.158507025449071;2,5.780789066090072;4,7.139594827804974;9,7.805889201114079
3,0;7,0.5029860951501361;1,1.3657816197522106;5,0.5925424808203952;8,3.790903928828304;9,0.684190231369509;2,1.5660599408036633;6,4.287761639890549
4,0;8,5.739208677364906;3,5.475747914675188;6,0.032768156798949816;9,1.9327600918347811;1,2.1356485656759916;2,2.8205607723444794;5,3.9190131185803248;7,5.882672483816245
8,0;7,0.2372647884678884;5,0.14359364397311855;9,0.3007399259791296;1,0.7560763524515752;2,0.8143083260233972;3,1.3676678428140991;6,5.588720119089589;4,5.157474297833623
9,0;1,2.5029053920014173;2,2.853544638334485;3,3.3920654210761256;5,3.8819384164254225;4,4.4767903021174575;7,4.709802707049298;8,4.1773265472623855;6,7.092012682950473
8,0;7,0.2906059422025318;5,0.7265479298503279;9,1.767356209452889;1,0.6679022808161421;2,1.5067378163141347;3,2.513966295966635;4,2.540420155577002;6,5.734655115853866
8,0;7,0.2491295273405751;5,0.8636171770203639;9,0.7116376224332175;1,2.4857684307991086;2,3.186152860587896;3,3.42794623841236;6,9.46477824927045;4,4.941729037265898
8,0;7,0.970445161791932;5,1.0593787845544769;9,1.5688654761464103;1,2.256957375291681;2,2.406981211454483;3,2.9097671036407187;4,4.847004730134602;6,5.382545264917017
2,0;6,4.777338955425048;5,1.275821022460309
1,0;2,0.5024854178632614;3,3.2241419320251232;5,3.2601765815679324;4,1.5982077432091715;8,2.4408280648562353;6,5.193106252889964;9,2.546264938209424;7,2.65088464159455
1,0;2,1.493811620739878;3,1.0582132545112275;7,1.2447605505093804;5,2.481497348302322;8,3.0821352588087367;9,1.5318843808860438;4,2.3222593900131714;6,7.003078313803851
