0,0
1,1
2,2
3,3
4,4
5,5
6,6
7,7
8,8
9,9
10,10
11,11
12,12
13,13
14,14
15,15
16,16
17,17
18,18
19,19
20,20
21,21
22,22
23,23
24,24
25,25
26,26
27,27
28,28
29,29
30,30
31,31
32,32
33,33
34,34
35,35
36,36
37,37
38,38
39,39
40,40
41,41
42,42
43,43
44,44
45,45
46,46
47,47
48,48
49,49
50,50
51,51
52,52
53,53
54,54
55,55
56,56
57,57
58,58
59,59
60,60
61,61
62,62
63,63
64,64
65,65
66,66
67,67
68,68
69,69
70,70
71,71
72,72
73,73
74,74
75,75
76,76
77,77
78,78
79,79
80,80
81,81
82,82
83,83
84,84
85,85
86,86
87,87
88,88
89,89
90,90
91,91
92,92
93,93
94,94
95,95
96,96
97,97
98,98
99,99
100,100
101,101
102,102
103,103
104,104
105,105
106,106
107,107
108,108
109,109
110,110
111,111
112,112
113,113
114,114
115,115
116,116
117,117
118,118
119,119
120,120
121,121
122,122
123,123
124,124
125,125
126,126
127,127
128,128
129,129
130,130
131,131
132,132
133,133
134,134
135,135
136,136
137,137
138,138
139,139
140,140
141,141
142,142
143,143
144,144
145,145
146,146
147,147
148,148
149,149
150,150
151,151
152,152
153,153
154,154
155,155
156,156
157,157
158,158
159,159
160,160
161,161
162,162
163,163
164,164
165,165
166,166
167,167
168,168
169,169
170,170
171,171
172,172
173,173
174,174
175,175
176,176
177,177
178,178
179,179
180,180
181,181
182,182
183,183
184,184
185,185
186,186
187,187
188,188
189,189
190,190
191,191
192,192
193,193
194,194
195,195
196,196
197,197
198,198
199,199
200,200
201,201
202,202
203,203
204,204
205,205
206,206
207,207
208,208
209,209
210,210
211,211
212,212
213,213
214,214
215,215
216,216
217,217
218,218
219,219
220,220
221,221
222,222
223,223
224,224
225,225
226,226
227,227
228,228
229,229
230,230
231,231
232,232
233,233
234,234
235,235
236,236
237,237
238,238
239,239
240,240
241,241
242,242
243,243
244,244
245,245
246,246
247,247
248,248
249,249
250,250
251,251
252,252
253,253
254,254
255,255
256,256
257,257
258,258
259,259
260,260
261,261
262,262
263,263
264,264
265,265
266,266
267,267
268,268
269,269
270,270
271,271
272,272
273,273
274,274
275,275
276,276
277,277
278,278
279,279
280,280
281,281
282,282
283,283
284,284
285,285
286,286
287,287
288,288
289,289
290,290
291,291
292,292
293,293
294,294
295,295
296,296
297,297
298,298
299,299
300,300
301,301
302,302
303,303
304,304
305,305
306,306
307,307
308,308
309,309
310,310
311,311
312,312
313,313
314,314
315,315
316,316
317,317
318,318
319,319
320,320
321,321
322,322
323,323
324,324
325,325
326,326
327,327
328,328
329,329
330,330
331,331
332,332
333,333
334,334
335,335
336,336
337,337
338,338
339,339
340,340
341,341
342,342
343,343
344,344
345,345
346,346
347,347
348,348
349,349
350,350
351,351
352,352
353,353
354,354
355,355
356,356
357,357
358,358
359,359
360,360
361,361
362,362
363,363
364,364
365,365
366,366
367,367
368,368
369,369
370,370
371,371
372,372
373,373
374,374
375,375
376,376
377,377
378,378
379,379
380,380
381,381
382,382
383,383
384,384
385,385
386,386
387,387
388,388
389,389
390,390
391,391
392,392
393,393
394,394
395,395
396,396
397,397
398,398
399,399
400,400
401,401
402,402
403,403
404,404
405,405
406,406
407,407
408,408
409,409
410,410
411,411
412,412
413,413
414,414
415,415
416,416
417,417
418,418
419,419
420,420
421,421
422,422
423,423
424,424
425,425
426,426
427,427
428,428
429,429
430,430
431,431
432,432
433,433
434,434
435,435
436,436
437,437
438,438
439,439
440,440
441,441
442,442
443,443
444,444
445,445
446,446
447,447
448,448
449,449
450,450
451,451
452,452
453,453
454,454
455,455
456,456
457,457
458,458
459,459
460,460
461,461
462,462
463,463
464,464
465,465
466,466
467,467
468,468
469,469
470,470
471,471
472,472
473,473
474,474
475,475
476,476
477,477
478,478
479,479
480,480
481,481
482,482
483,483
484,484
485,485
486,486
487,487
488,488
489,489
490,490
491,491
492,492
493,493
494,494
495,495
496,496
497,497
498,498
499,499
500,500
501,501
502,502
503,503
504,504
505,505
506,506
507,507
508,508
509,509
510,510
511,511
512,512
513,513
514,514
515,515
516,516
517,517
518,518
519,519
520,520
521,521
522,522
523,523
524,524
525,525
526,526
527,527
528,528
529,529
530,530
531,531
532,532
533,533
534,534
535,535
536,536
537,537
538,538
539,539
540,540
541,541
542,542
543,543
544,544
545,545
546,546
547,547
548,548
549,549
550,550
551,551
552,552
553,553
554,554
555,555
556,556
557,557
558,558
559,559
560,560
561,561
562,562
563,563
564,564
565,565
566,566
567,567
568,568
569,569
570,570
571,571
572,572
573,573
574,574
575,575
576,576
577,577
578,578
579,579
580,580
581,581
582,582
583,583
584,584
585,585
586,586
587,587
588,588
589,589
590,590
591,591
592,592
593,593
594,594
595,595
596,596
597,597
598,598
599,599
600,600
601,601
602,602
603,603
604,604
605,605
606,606
607,607
608,608
609,609
610,610
611,611
612,612
613,613
614,614
615,615
616,616
617,617
618,618
619,619
620,620
621,621
622,622
623,623
624,624
625,625
626,626
627,627
628,628
629,629
630,630
631,631
632,632
633,633
634,634
635,635
636,636
637,637
638,638
639,639
640,640
641,641
642,642
643,643
644,644
645,645
646,646
647,647
648,648
649,649
650,650
651,651
652,652
653,653
654,654
655,655
656,656
657,657
658,658
659,659
660,660
661,661
662,662
663,663
664,664
665,665
666,666
667,667
668,668
669,669
670,670
671,671
672,672
673,673
674,674
675,675
676,676
677,677
678,678
679,679
680,680
681,681
682,682
683,683
684,684
685,685
686,686
687,687
688,688
689,689
690,690
691,691
692,692
693,693
694,694
695,695
696,696
697,697
698,698
699,699
700,700
701,701
702,702
703,703
704,704
705,705
706,706
707,707
708,708
709,709
710,710
711,711
712,712
713,713
714,714
715,715
716,716
717,717
718,718
719,719
720,720
721,721
722,722
723,723
724,724
725,725
726,726
727,727
728,728
729,729
730,730
731,731
732,732
733,733
734,734
735,735
736,736
737,737
738,738
739,739
740,740
741,741
742,742
743,743
744,744
745,745
746,746
747,747
748,748
749,749
750,750
751,751
752,752
753,753
754,754
755,755
756,756
757,757
758,758
759,759
760,760
761,761
762,762
763,763
764,764
765,765
766,766
767,767
768,768
769,769
770,770
771,771
772,772
773,773
774,774
775,775
776,776
777,777
778,778
779,779
780,780
781,781
782,782
783,783
784,784
785,785
786,786
787,787
788,788
789,789
790,790
791,791
792,792
793,793
794,794
795,795
796,796
797,797
798,798
799,799
800,800
801,801
802,802
803,803
804,804
805,805
806,806
807,807
808,808
809,809
810,810
811,811
812,812
813,813
814,814
815,815
816,816
817,817
818,818
819,819
820,820
821,821
822,822
823,823
824,824
825,825
826,826
827,827
828,828
829,829
830,830
831,831
832,832
833,833
834,834
835,835
836,836
837,837
838,838
839,839
840,840
841,841
842,842
843,843
844,844
845,845
846,846
847,847
848,848
849,849
850,850
851,851
852,852
853,853
854,854
855,855
856,856
857,857
858,858
859,859
860,860
861,861
862,862
863,863
864,864
865,865
866,866
867,867
868,868
869,869
870,870
871,871
872,872
873,873
874,874
875,875
876,876
877,877
878,878
879,879
880,880
881,881
882,882
883,883
884,884
885,885
886,886
887,887
888,888
889,889
890,890
891,891
892,892
893,893
894,894
895,895
896,896
897,897
898,898
899,899
900,900
901,901
902,902
903,903
904,904
905,905
906,906
907,907
908,908
909,909
910,910
911,911
912,912
913,913
914,914
915,915
916,916
917,917
918,918
919,919
920,920
921,921
922,922
923,923
924,924
925,925
926,926
927,927
928,928
929,929
930,930
931,931
932,932
933,933
934,934
935,935
936,936
937,937
938,938
939,939
940,940
941,941
942,942
943,943
944,944
945,945
946,946
947,947
948,948
949,949
950,950
951,951
952,952
953,953
954,954
955,955
956,956
957,957
958,958
959,959
960,960
961,961
962,962
963,963
964,964
965,965
966,966
967,967
968,968
969,969
970,970
971,971
972,972
973,973
974,974
975,975
976,976
977,977
978,978
979,979
980,980
981,981
982,982
983,983
984,984
985,985
986,986
987,987
988,988
989,989
990,990
991,991
992,992
993,993
994,994
995,995
996,996
997,997
998,998
999,999
1000,1000
1001,1001
1002,1002
1003,1003
1004,1004
1005,1005
1006,1006
1007,1007
1008,1008
1009,1009
1010,1010
1011,1011
1012,1012
1013,1013
1014,1014
1015,1015
1016,1016
1017,1017
1018,1018
1019,1019
1020,1020
1021,1021
1022,1022
1023,1023

784,0;774,0.6093844047325435;27,0.7786842604618612
536,0;923,1.3577480033799607;350,1.0272892113574186
187,0;811,1.1434523171410966;1003,0.3912416753216329;594,2.0113518893881124;207,1.523488072253513;631,2.7895132040292836;225,1.6235881050750682;985,3.0241512730870372;840,2.912136944441539;718,3.4439803831980798;973,4.801889311848846;331,3.771756878823082;541,3.6928812255310985;203,3.860117381277185;346,3.6075758354646146;377,3.2991509889775967;17,3.8539414221479924;351,4.26531483735096;219,3.773296295196238;176,4.732520714230827;902,5.010215009309075;566,5.147933834318987;373,5.451890465680217;417,5.227396136705374;627,5.4157276655582285;168,9.208008557085535;866,6.781524067630146;547,8.623105607986053;703,8.426956392670952;834,6.955986514130657;679,6.812683988473882;789,7.063290411830684;914,6.885784913173035;458,7.907418443032322;513,7.722218209283091;877,9.466978620359816;475,8.55114362343029;178,8.005387745021642;244,8.744913039828837;53,8.738748303572793;823,9.32517955489111;851,10.587268544775121;188,9.71018257743917;553,9.670298407537764;759,12.88443516222818
781,0;83,0.7365269167660672;500,0.10376169076145032
547,0;53,0.9345331686070848
935,0;497,1.3122326432048956
755,0;501,0.4407937165063982
822,0;863,0.3520937849060906
904,0;438,0.12131102909697336;230,2.107468148455018;993,0.14227548346302468
890,0;420,0.8176092266971653;446,2.2038498918341953
87,0;277,0.43195063498062797;663,0.6214577195762501
401,0;958,0.6675269967060685
14,0;650,0.19002143299277208;702,2.2601543883772717;906,1.9920463420344527
736,0;618,0.010728894335167664;277,0.174399649762766;763,1.5861632689907437;269,1.0662042698950736;663,2.0169749943423154;882,2.6582611517439925;565,1.773262706249362;129,2.0678528933616773;302,2.5355811404183384
756,0;969,0.9709866842274602;943,3.4954828740668002;682,5.695930617935503
34,0;499,4.298798339389753;410,0.48966403996611446;165,3.0297397263439607;714,1.2509278590840598;791,2.5155678827702306;148,1.0498092647835071;634,3.2381609192823326;119,3.3978791885334014;930,3.7593112732623126;289,3.522626889112594;601,4.92755650958879
733,0;55,0.531704163595787;626,1.048830280500721;995,2.587783712834036;133,3.0386266789904526;575,3.223323690447368;387,4.344479837596955;906,7.842294268150345;131,7.844970628541446;784,9.112373974098793;136,8.754002727892363;821,8.763950628236987;1,10.097259363760939;485,11.173582965994097
136,0;1,5.074851133436733;485,5.299599765331566
625,0;338,0.7433973133143809;849,1.119620460059836;869,2.5125307059334197;788,4.338576054179858;98,4.227973777735278
662,0;592,1.6557322056095416;821,1.0073399522020339;964,0.5738991542203533;934,4.455661154260512;749,0.9243997053474804;910,4.528227311630182;492,5.888043823565382
408,0;880,2.277304879502982;313,0.027982380770128396;359,0.6558812513925442;599,4.034933281120967;718,2.9092016339755005;17,4.807640987188177;16,4.441785803205882;690,4.326932986878714;26,5.311624294794093;973,5.141076609409445;740,5.363905079195673;373,5.142051055730979;325,5.550417559502312;301,5.867428400965121;205,8.238800261944258;866,5.717678851379656;767,5.354681587213054;715,6.528325633176841;232,6.168807943121116;762,5.580101334027666;542,6.3007746059045315;181,6.280511893520287;887,6.067761478279677;245,9.795747735811783;73,10.054829949117071
937,0;987,1.3447657571179183;453,0.33492152327852054;260,0.809097662230795;493,2.9957941976654507;642,3.116883181937859;514,3.0368374466036676;645,3.5135495753149373;256,5.778043699361849;138,5.451087924268066;585,6.843358768039254
539,0;447,0.8574737092694967;938,0.3396872971440115;572,1.1702952527242887;210,1.876518173098125;922,3.806136247903156;169,3.691458042510737;881,4.091763215587783;964,4.30335782015787;42,4.89576155590926;749,5.904989505660894;910,6.967938994108886
812,0;175,1.9444443063747388;757,4.074625990156923
85,0;774,1.2308877898726738;27,1.8106395628024736;316,2.743697266990729
933,0;700,0.19165178066925345;348,1.6556857978312958
396,0;132,0.3684053832643822;233,0.9162955854567231;886,2.834650086225275;99,1.1146969221796024;680,2.6415029639095744;958,4.615420085957695;930,5.997340972566358;497,5.795335732608476;47,6.480098889441259;746,6.042522197280059;440,6.949831534644883;370,8.728924473534958
409,0;657,0.0010391458556653908;650,2.6511492981078453;907,0.07096933998881257;261,0.9563700915208527;1014,1.6576449734860341;333,2.9939878644611433;296,2.5095348304474006;96,2.529999819462854;200,1.791326309314713;709,1.8204156190469634;387,2.2970942271738255;987,2.205437271628893;570,1.9880601767189696;903,1.8877390734584312;845,2.5835113739929025;738,2.310412889111468;293,3.0284794406537574;166,3.1757805918763844;132,2.9041464362598584;338,3.8363568611302714;438,3.144292442970228;185,3.2273056154184667;219,3.7892827711661035;534,5.543276695048977;763,3.200278813857378;831,3.3576600270887837;140,4.228244152003298;1010,3.846635083992162;468,5.88728588510971;162,4.174777234413047;869,5.5104007108937525;939,6.23615628530752
965,0;128,0.009692162200739906;780,0.764285042153864
92,0;690,0.2505421358792043;310,0.4164249940211255
356,0;376,5.062537343486104;651,5.420236095451768;164,7.37754522421489;520,5.688112330018439;192,5.706360155665528;688,6.449905865529555;38,8.104600794640238;572,6.603034525905235;786,9.90718596665151;395,10.703814407155805;429,7.867864078689554;629,9.892669178500489;315,8.31441541702873;212,8.134246190766518;878,8.852949110218564;25,8.278393210384007;643,8.298648825216837;264,10.117199230375556
598,0;618,0.5340354864720891;501,0.7253528346529037;280,0.8468087324380396;269,0.9542704933270563;802,1.587920779835141;882,1.0330046608422923;338,2.1248045490986893;367,2.3866755860263495;573,1.705735078154747;26,2.7573055888963447
1020,0;267,0.8333969116510375
929,0;178,0.23061643225112208;624,0.9068715993786086;37,2.1640201202426534;308,3.884527607240387;345,5.454972736209719;569,5.839626720772933;1023,6.410507198963441;522,6.178564921617522;265,6.20248402545376;746,6.754181202253953;610,6.594382733334842;258,8.543492017621444
540,0;236,0.6746076878512106;528,0.9851952185311869
323,0;267,0.6061375157335627;587,1.522926308962529
802,0;367,0.004283511345085012;573,0.030714225951061644
187,0;588,1.7088854004817378;811,1.1177561821145143;395,1.4279287628832902;1003,0.8278960917715359;594,1.0089166264781322;207,0.8894823257610412;143,2.5842057632749387;391,2.271421058976456;331,3.921766247024281;631,2.716923084564782;946,3.524049843620456;987,4.801421307598712;28,3.691375652667895;219,3.9726194346933323;738,5.399098059716553;250,6.072874231458549;290,6.691715053963084
239,0;433,0.36777131311211175
101,0;118,2.2009712398584713;305,0.5695712277483468
580,0;698,0.7329733777210441;445,0.5957309497221711;0,3.2136680218525013
125,0;378,2.646253725541235;726,0.15630283374316137;503,3.0875527869745434;119,2.7432328792964413;918,3.5405118054996665;601,3.0324150768725633;415,5.273656998476571;674,5.329563260543197;589,5.652078354892106;380,6.147565497857118;960,5.426135479160077;281,5.719727758712198;201,6.92263287187018;298,5.898627397326968;416,5.886973492449888;804,6.268711224206015;472,6.015239335025404;279,6.798474145423989;346,9.600034762287429;834,6.49534514761604;499,6.962062826634648;65,7.120003909075319;498,7.809423360835831;115,7.850128142370991;708,8.302985053705054;993,9.017248690426726;933,9.87359305183157;693,10.565428073090239;700,10.399545308507763;241,10.514425588063766;438,11.975425184680601;970,12.767598579559124
529,0;947,0.3841429692111607;392,1.2579742849123434
197,0;620,1.2414524868804193;257,0.5669953748373658;881,1.8426056768464263;303,2.3718887542375655
621,0;947,2.3985990683621465;392,3.2850837382009894
963,0;766,3.1305528426285063;423,4.400966595074124;554,4.862999560712222
57,0;37,2.389710511385815
767,0;232,0.13875976884560856
408,0;880,0.8154733185685593;359,0.61192007245348;718,1.6721763327807642;546,1.3009749816845837;17,3.358444155432972;973,3.9209091523834925;740,5.240132887390858;373,5.479667165759118;176,5.2543139651252595;417,5.295644430756293;205,4.239207993008131;667,5.318156915573015;902,6.148443299291252;627,5.592230597603642;866,5.721668127396663;168,5.77887357500056;703,6.416745266130961;834,6.128201667861325;124,7.123377114633562;188,6.217765723733456;723,6.254254310503805;327,7.722634901647263
524,0;429,0.2962102088568491;629,0.6362295677984342
791,0;827,0.5199243138458058;988,1.9425538762462762;708,5.243620188317635
65,0;498,0.32895936352089133;708,0.004755878229839875;958,0.418768778476076;930,0.551992396845681;440,0.6612740586224615;296,1.1218321887908735;17,1.1388240914460983;166,1.58138419539772;740,1.6498512976578183;831,2.1470536836439473
568,0;422,0.007825792969850224;471,0.4549779096057059;113,1.403807444497364
921,0;657,0.7743492719141837;111,0.44115830110290377;86,2.3677183205810994;650,1.4469830172406541;907,1.1082686666173964;1014,1.6304396823208425;132,1.9707990372701947;906,1.7598260888751944;96,3.678316024444039;200,10.654223049991845;709,3.3164361062917065;570,2.8664444772079793;131,1.8807390288770283;136,4.9512063297607085;233,2.811797513228791;903,5.587076134679523;254,5.603519733790517;654,13.117433189467494
988,0;708,0.2721316149552061
196,0;182,0.33540114652141945;864,0.6167063573408313;949,0.6734616467615689;553,1.7946483279338383
276,0;219,0.6985219430809315;1000,1.0928454118624236;267,1.519148790777948;301,1.1580152648680742;931,1.490893703038707;960,2.3825470896190675;606,1.8305391343947623;587,2.130815775821933
696,0;111,0.8689608162173608;217,1.0763631499593524;86,3.1686065811538295;788,3.5591662257169894;516,6.505607417624962;701,8.57853657871936;917,6.841124813416249;461,8.436894245393
87,0;786,2.5053006682258663;277,0.13866192672261896;663,0.8446269308072307;264,3.2769869558144284
655,0;38,0.4479587172044675;822,1.0976586267757193
670,0;462,0.2608245279688691
1003,0;207,1.0328387774886767
859,0;46,1.5734005348366054;780,2.71701171004623
259,0;428,0.31794615069468773;118,2.0229185991453655
659,0;33,1.99328170848923;394,2.043277900185091
607,0;643,0.8108974162434589;786,0.9640084026200535;999,0.9298543146776223;877,3.7112399832869922;264,1.1120316410415336;702,1.174540433171596;340,1.41113121806625;460,2.531169649044749;853,4.935914251275978;553,4.285703820731353;579,4.9398953055759725
442,0;178,1.035337892546067
398,0;836,0.2652532154372492
886,0;951,0.369031862690908;1018,0.4665861337462011;323,3.5973607946000508;700,1.8466859062643612;348,2.429240224813321;241,2.333183812127398;5,3.1565416544281915
363,0;254,0.11025327976809907
816,0;235,2.428055011049766;522,2.577991306329343;746,3.475236329977145;610,3.7892894929402887;258,3.8058000492106157;565,3.8535491549054774
185,0;820,0.7028233453227362;565,0.7562302424219054
133,0;99,2.0837341804075358
803,0;558,1.6314491837591898;904,0.23735351919220596;230,1.000968701408415;824,2.375924760504658;408,1.8593561852602927;313,2.3562412940399344;472,2.8803362685629033;599,2.490955515424427;657,4.853718368964664;393,4.009555365781674;16,3.6278764018905374;690,3.788030133237905;98,4.170540384550582;915,4.2984350058194085;720,5.150389441350784;907,4.912115241558135;261,5.112728349832441;1014,5.639241838505717;333,5.24136935307001;338,5.741042114498;709,6.477017578076734;387,8.299877198808895;987,5.76106147228546;570,6.224680013309413;162,7.293596777675338;738,6.679169092273421;493,7.415296213135894;254,7.089848185658754;49,7.374746803473591;293,7.397323841394139;302,7.351028840661642;185,8.032637694161032;219,9.577573297489293;514,7.619298828892611;138,9.039885182089309;585,9.99876945222252
801,0;940,0.16930970615289173;412,0.5794149635663217
914,0;453,0.7036765055426916
192,0;688,0.7019778911156633;107,1.0398776974489197;1000,1.7398509305318437;267,2.79742164035637;958,2.578271608038645;295,2.2131572360132608;792,2.602774079477697;930,7.26042974475319;825,2.8448188028499612;495,6.704340003556801;440,8.570109922895881
531,0;243,1.2288069381520375;154,1.5885441569186907;1,1.4068317532843782
999,0;186,0.07304045152741424;877,0.41665416278085066;152,1.0085094786805544;553,0.541979914227595;791,1.2305180663890332;634,1.2708601096649623;106,1.452560594841489;930,2.229644291316642;289,3.5163957686644687;398,1.8729384624076477;724,1.4892726592371615;319,2.320849401368319;288,1.672642782321489;637,3.0077349997809346;836,2.861987174368872;647,2.092386623536085;249,2.7451035576641636;458,4.679653247065838;778,3.325707293362222;475,5.001982969695006;178,7.560616040374134
764,0;322,0.2806467637005082;727,2.7705216868342752;106,0.9479964276630819;154,0.3722242661512735;920,1.453167704202232;319,1.3773422195126;80,3.16162087056563;715,4.951520289527993;911,5.6015424278928325;517,3.94466215926026;47,4.033427912339731;828,5.474671619472652;928,4.314386013012341;297,4.7992991450307585;840,4.460975644796272;595,4.749791244242869;541,5.139731310105731;318,4.5549817514402005;44,5.143827903744615;947,5.317132761498093;1010,5.596636717385662;728,6.008953705758189;709,5.866308752372616;392,5.654073256774714;456,5.795489590083977;959,6.007389460098383;979,5.804401114776329;830,5.925289610784052;704,7.011913331470006;623,6.220683450928257;49,7.276541026943351;529,6.706302789397208;336,6.798916195408804;487,7.82733824505124
394,0;260,0.48208992742969253
338,0;162,0.45239266334913614;302,1.2954973486030361
744,0;373,0.031899131774477014
1021,0;815,0.2009343048172011
409,0;657,0.12318708589818085
145,0;298,0.9726039426584568;956,0.1396672773355853;740,0.6334762626115602
184,0;393,0.6390591113084031;730,0.7641483472078829;98,1.381918312165786;915,2.5885421025257678;720,3.2786073332926886
182,0;864,0.08356825466561343;969,0.7520930128709274;996,1.1052492840407977;782,0.14932223718130402;949,1.1536603498306894;135,0.6601154547728674;222,0.4861697314422194;845,1.7223046503948956;745,5.4996234055225335;553,2.216263415266499
695,0;451,0.033094100572317584
273,0;104,0.28303046409790755;517,2.3203037246961307;828,4.226877154445292;959,4.491851882924689;336,7.2859856107316325;60,7.8943184718273205
547,0;575,0.48749569143300925;387,2.656079935954692;906,2.780831349872157;131,3.7697391260670345
303,0;92,0.15001160122130075;359,0.4004832726296752;310,0.9539301402534214
643,0;85,0.2745509318701459;774,0.2790673401325222;27,0.9832883538553938;316,2.641880734966822
931,0;606,0.22186584692179306
879,0;599,0.1301932964551997
947,0;392,2.0811686538591343
471,0;760,3.427070888558967
273,0;104,0.18124212255051445
544,0;631,0.9883650838349014;28,4.054672788758556;567,4.879886574543717
493,0;492,2.017695486103386;642,2.2694551102335234;645,0.5321388517348735;808,3.00305113792635
242,0;464,0.2543301925506578
335,0;278,3.556010561077085;581,3.210489250833995;866,3.229385492609999;703,3.319920634865723;834,5.294868614471646;124,4.516934580578453;679,6.063741902758146;978,5.936476747818733;331,4.860930628545506;428,4.755146356778629;1010,6.8535147230074145;45,6.284708344612654;141,7.644153131665851
29,0;793,0.362998163553738;282,0.15815106147726718
435,0;299,0.4256477932491132
198,0;1,1.4345716549683074;485,3.293228912390088
432,0;140,0.731459392333069;110,2.1796429512922355
364,0;839,0.0940999361438028;768,4.5335835424266255
1014,0;709,0.36364236031880776;570,1.4779481350331984;903,0.6632087990134297;49,1.0139907550633434
836,0;778,3.5199483330260897;344,0.17495075425980983;604,1.3644491174897702;690,4.8347097963058365;388,5.117431311849892;676,9.119229412373002;448,9.780748083335713
551,0;433,0.4928665356585609
98,0;915,0.45324257653755295;53,0.3180848351343067
1014,0;200,0.10642127301666253;387,0.5420950782006357;987,0.583101189094385;169,0.16307564660721155;881,1.8322130472812044;42,0.4623234520464259
296,0;17,0.42990431341405416;72,0.2614587511730851;973,1.0493320402886694;176,1.0553857007106053;325,1.7911523079094245;667,1.1880287610208475;902,1.8479589030043422;497,1.610363370559769;47,4.322513054894129;928,7.02710436650906;840,10.572327896697814;318,11.142218560393003;44,11.701636726928983;947,13.324730592559408;392,14.711625564913296
240,0;714,1.0479670111302615;237,1.4672322080219673;33,2.580934951176018;612,3.9499005297252925;858,6.465369253171731;847,4.083782034865121;263,7.185298397416285
250,0;290,0.9607050742037323
966,0;557,3.1777132493628115
779,0;741,0.8881609879765143;117,0.10599487311851732
134,0;469,1.5234503219521638
847,0;136,1.2858445449286011;426,0.7293812448842546
661,0;999,0.037108937737795056;877,1.5462222776221268;553,1.8071491206929826
243,0;154,0.38136018589166126;1,0.9157045078057707;485,2.534284368431334
306,0;212,0.7214685730899233;915,0.1618661721478704;558,1.6249208967180104;643,2.4235540482615443;408,2.068910614818329;880,2.565397507652151;359,3.3131429208453262;718,2.88194042145203;546,2.7231721197272014;17,3.2271735204993477;864,4.900809764714956;949,5.712773955399822;135,5.04742468499186;814,6.754732457613379;553,6.896018916355076;136,7.546211832677226;1,8.343360756845025;485,9.212383109140854
669,0;265,0.9931765873806893
347,0;236,0.4013899492774308;27,0.746907938860959;528,2.338968377669168;870,4.477735565662621
554,0;813,0.5448923188374492;93,4.716163874555626;665,2.2013567506477285
658,0;574,0.12567352701688303
823,0;233,0.25659637762952836;886,1.6965497272911954;581,1.1206149466888746;99,2.159833314009344;866,1.4218839580876712;834,1.6857781413604747;1010,1.7023382470996773
57,0;37,0.5582754243438773;643,2.6211837684886024;85,4.000387658090775;774,5.630509224636309;27,8.070884023925283
624,0;76,1.3248742125366746;37,0.20638138193024547;308,1.9297542763791178;345,0.2650959340806286;1023,2.226467768485988
736,0;360,1.1873770502315952;618,0.5101250460773199;277,1.4437301710349995;269,1.122674325602503;771,1.1966648147244978;882,2.1559655393145345;318,1.9407561388081669;55,1.779573347658237;663,1.8947264983330783;90,1.8667338054809093;626,2.092113170502274;995,2.6295644100435513;70,2.377148462195702;129,2.958038927484621;44,2.9171492849697427;947,2.097864586638526;338,3.310954191301601;133,3.634081312820509;302,3.758867435444885;869,3.8312647764404546;575,3.745859556151056;387,4.084140276876456;788,4.61187715792498
628,0;993,0.2268457459181162
786,0;264,0.1760897596883204;340,0.7571752482023818
949,0;553,0.3321168471451585
259,0;893,0.08393388066651032;70,1.3353915436779398;877,0.08632735159799956;553,1.3208920300443199;356,1.8819066320989544
418,0;187,0.9273994509062484;588,0.93800503149887;811,1.1459271944293379;395,2.2852537914923508;594,3.4969305927172964;225,4.558292911299105;985,1.3394625205883692;652,1.8247037684797287;751,2.8772325402221037;921,3.6126754135230508;584,4.429398932964908;331,3.710877753174533;247,5.928940670927412;111,4.333986706144848;219,5.9638819778465635;217,6.2503697979944945;86,4.617157160112019;718,5.601925396739055;1000,6.122045466540955;301,7.605142343624115;534,8.421597041562888;181,8.246056014328067
558,0;408,0.38495227872984944;313,1.5533133442065474;472,0.46620031337635937;359,1.7561474835908861;279,1.8337256936695785;864,6.260963446347797;239,2.0539110487584638;949,9.94416608601589;814,13.495665288779136
621,0;947,4.6570945587649755
998,0;277,0.7874668804848498;456,3.3348266022165216;663,0.8208408558614938
99,0;786,1.0198404886328647;264,2.202836877484053
1000,0;267,0.8210622978128267;301,1.6026254684525663;931,0.08111297914515561;295,1.0466136514145732;606,2.333829799311686;534,1.8275408963563933;887,5.2630390655614505
792,0;825,0.18611924425480553;495,2.2492676106885954
988,0;708,1.014212639176011
701,0;777,0.8492355645676563
235,0;522,1.123474776997716
213,0;447,0.11485944660010178;479,1.3698890263430266;210,2.2087489997704433;922,3.7479632987167957;169,3.1540615518256923;964,3.7460563557751767
145,0;211,1.517294775995117;219,3.7616137284152975;403,1.726773286540134;575,1.9495907021678145;151,2.5320677113692875
41,0;546,1.4607185959415243
702,0;460,1.4367451814744472;853,5.840059810279003
122,0;762,1.3136341022224471;505,1.473488687183981;542,1.779984954338185;73,1.822679678564736
888,0;200,0.6435553356431322;654,1.0527035971876666;692,2.9588430255611686;137,3.328385124397556;653,3.8937688044644583
69,0;412,0.7802154915148426
830,0;587,0.6339003344552376
998,0;696,0.21917729563486263;277,0.7053742025825364;456,0.9826136441637472;663,2.378756067741277;129,3.134207497843535
646,0;1005,0.018284323945916524;660,1.1698964044420759;296,1.570388925553175;17,1.9027086174317076;973,2.1996723568699057;373,3.119606648727749;176,3.7308421939827987;301,3.369830789227125;866,4.6096981879204115;547,5.582229603476744;667,3.9179983479140117;497,5.031412724190618;717,5.359530593404822;124,5.2600832333840195;331,5.683133462660119;395,6.204622006798489;428,7.877759235859937;118,9.00992080401387
933,0;700,0.3788290220868643;241,0.4223109755509671
250,0;290,0.24199762926398288;19,0.6961201123907512
516,0;917,0.8840956945229882;461,1.4963445543593636
125,0;378,1.284487325871197;918,1.528370784881113
802,0;367,2.353071845668894;573,1.3934265291195935;26,3.726506834160295;767,4.230969677550888
618,0;501,0.2007685816330639;763,0.6111342406917042;269,0.708243845265007;771,2.273865929231773;882,1.4970061632406657;338,3.2691530149735923;70,2.330151694922425;162,3.486753964049296;869,4.904639510240037;483,3.9022923537291;788,5.4488394008063255;98,5.097323692396229;915,5.488960944569192;53,6.799614965404605
769,0;334,1.2612483321068666
151,0;641,0.27729935188746274;292,1.7552404405514868;603,0.36212753582308443;131,1.8747427111591006;867,1.7659673384537822;784,3.251185060363259;110,3.8991567295734297;774,3.551804717273138;27,3.963714040691435;636,4.065583881884804;457,5.590410807304927;316,4.557618057427457;685,4.165181035232966;562,7.045147776856795
791,0;827,0.2395547591782693
320,0;279,0.45371365051357976;239,0.6889202607804579
771,0;70,0.9940574077346344;356,1.4142464995307327;376,3.7047354037239195;651,4.215055025661963;520,7.450911600746386
866,0;834,0.6708258502810033;679,0.4600412728851241;141,1.031119847478466;1010,1.096885086551544
976,0;270,1.6648028430803796;375,0.360237096018549;765,0.8719896937120797;457,1.3173311150760632;850,2.087291799440035;78,2.8830854667506065;41,1.8704486401604274;174,2.7885227894479194;546,3.826606098693075;292,2.190473374859196;329,4.438326784000612;867,5.730106374602871;738,2.8480236693487586;293,5.406353509703466;299,3.7039107660478505;102,4.440337886258122;626,4.669272519196944;655,4.530788921817733;413,4.783031667505614;38,4.537294053410954;212,4.855943151060482;843,6.158307765012472;664,5.842250567889556;233,5.438196853509269;25,4.95706502419508;643,6.006226583013569;312,4.987489037425067;438,5.93045956281736;886,5.583990380838533;581,5.506081927438579;866,5.931859926339584;63,6.50003981463396;96,6.08626964050913;739,6.915155486898692;426,8.096981835053375;534,7.116334119234523;703,6.181302087663709;834,10.317243484713984;124,6.084531808604174;85,6.959019336769229;978,6.296358333783532;395,6.359880634938941;428,6.728727432726456;801,6.103770757243897;491,6.809436078316125;68,6.280423424391127;402,6.378558092349831;488,8.508250942750516;143,7.03685793880244;45,6.385684685191791;109,7.933117986423679;118,8.81402696905141;269,7.232364507952089;987,8.16191386378339;882,8.257634136666601;928,8.81709383856847;683,10.529871511723282;840,11.266712849964687
368,0;814,0.01287746737553071
379,0;460,1.5883134962997474;496,2.932835922725719
921,0;657,0.41583582846710626;111,0.10723343211975847;217,0.5016318883049569;650,2.440663598162151;907,1.8215666586328763;788,0.6949069131879413;765,2.243895722964303;132,3.695562531957794;702,6.050893395775476;460,6.266519964865461
699,0;627,0.13547952630335583;168,0.15042436422841177;188,2.4258148300349607;723,5.016616698767372;327,5.313501331013829
965,0;128,0.2600757127940372;780,3.1607314602116685
820,0;565,0.0009767252326834618
547,0;53,1.062351054957103
15,0;117,0.6132864801357809;839,1.7334786282460437;768,2.60285662989746
612,0;858,2.551799777670347;847,0.6150069112667883;426,2.3381115264858243;1019,4.260558319073885;430,3.243689520057536;390,7.505372666833319
441,0;220,3.430413760462527;322,4.0906745498363;154,4.663668640562678;920,4.246804364941587;879,4.643277352531814;599,4.9372299204931736;393,5.910748838186501;16,5.171972766144255;690,7.129071145583899;26,5.902551718133019;256,7.676194254302024
78,0;102,0.09072216366141134
473,0;514,1.2428410385410833;691,3.1354046113466585
361,0;538,0.4509246810912352
727,0;80,3.892597112996588;715,0.25274600378436457;911,4.527797043816249;979,6.788698435292927;830,5.092527481907134;704,4.593500040793902;529,5.272967541971427;587,7.876182297305523;487,6.028243937670199;517,7.270180836295184;481,7.032780111180037;47,8.241132707115629;902,9.434073438870637;928,9.34063444507292;297,9.445789907762766;802,9.610259576282704;573,9.835369495030925
894,0;319,0.3401819367780411;754,0.09318278837354481;249,1.5826262092935472;458,1.6753804786392967;475,2.093223014363467
421,0;211,4.318807051099919;90,4.94419814161979;263,8.177333616377009;219,5.6663807404955575;403,5.345741647482888;81,5.7056068176191275;70,5.613971188486589;575,5.893046317996021;151,5.437387917134221;356,8.430018595368306;387,7.450751620075376;826,8.519700628647978;816,10.870535050955779;200,8.837890065308182;654,8.889113759636972;235,12.28989607132358;522,13.776663571571612;746,13.821215866613912;610,14.744845849684287
534,0;717,1.727120751452462;845,3.0284175833385856;998,3.645542123030106;535,5.3408408151058175;126,3.6582962862835977;931,4.441823823690713
362,0;940,3.0786639672963663;412,3.4809377250458593
133,0;312,1.0887870559118131;106,1.1324853476502852;724,1.73536770913834;371,3.610810038072879
1018,0;323,1.085256923816988;270,1.1051859058679614;700,2.4160908464341966;267,1.374590670586788;850,1.2544967421757671;329,2.436142981821016;626,2.6107767051055766
996,0;745,3.8785202676653947
957,0;834,1.3922894961576837
219,0;1000,0.6685387329791349;267,0.7306343114304465;301,1.1168666394245736;931,1.1546189753617133;295,2.030248893253314;587,2.3547296777640576;534,2.927041783732127;181,2.0514625904359893;887,2.037286846844718;960,1.9472656665194348;606,1.7879549488730682;902,2.607669512554964;717,3.165305672174469;845,5.666650774900505
715,0;709,1.2464134156360342;903,1.7062227946399071;332,2.0300485257513174
217,0;788,0.37804947428018965
874,0;24,1.1994194492590222
528,0;870,0.4222376234243973
624,0;76,0.013666933178429739;37,2.0337097354282574;149,0.4967173746738023;67,1.2373230581480947;308,2.5458071849753425;345,2.078581369149477;522,2.459759600839556;746,4.850412690614355;335,3.7734528694481138;278,4.878171767324537
923,0;649,0.1049588358441077;841,0.24063076561366417;904,0.37626176834033365;230,1.0514924787563125;993,3.5209587152586974
772,0;87,2.166535138496486;786,2.56852173836951;264,2.6440920364101674;702,3.6579760469720073
1000,0;958,1.284081409034509;295,0.7251087008603588;792,3.839276151038739
34,0;499,1.0531597710340994;410,1.266441141217372;799,0.6604809745282195;647,1.6773382814000386;65,1.5501718631872317;714,2.197415410408725;148,2.7189289457091017;498,1.571000289557127;830,1.7489254430869206;587,3.7776199363529956;237,2.2392742141471933;33,3.384594891667124;394,3.636618374357038;612,6.02967770859958;276,4.1667050511935635;219,5.249681168474388;1000,6.960977658171193;847,6.9491155750722164;136,7.5562505051301745;267,7.558822082987385;301,7.347170025125709;534,7.60769553652473;887,11.571173068847365;1,9.328249030254721;717,7.771784139505979;845,10.774665217067644;485,9.538248510333338;998,12.673955130175305
351,0;176,0.25890172090219227;548,0.24774155879006246;510,1.4773623400282905;566,3.6547289239342025
1003,0;207,0.09935051811428806
