0,0
1,1
2,2
3,3
4,4
5,5
6,6
7,7
8,8
9,9
10,10
11,11
12,12
13,13
14,14
15,15
16,16
17,17
18,18
19,19
20,20
21,21
22,22
23,23
24,24
25,25
26,26
27,27
28,28
29,29
30,30
31,31
32,32
33,33
34,34
35,35
36,36
37,37
38,38
39,39
40,40
41,41
42,42
43,43
44,44
45,45
46,46
47,47
48,48
49,49
50,50
51,51
52,52
53,53
54,54
55,55
56,56
57,57
58,58
59,59
60,60
61,61
62,62
63,63
64,64
65,65
66,66
67,67
68,68
69,69
70,70
71,71
72,72
73,73
74,74
75,75
76,76
77,77
78,78
79,79
80,80
81,81
82,82
83,83
84,84
85,85
86,86
87,87
88,88
89,89
90,90
91,91
92,92
93,93
94,94
95,95
96,96
97,97
98,98
99,99
100,100
101,101
102,102
103,103
104,104
105,105
106,106
107,107
108,108
109,109
110,110
111,111
112,112
113,113
114,114
115,115
116,116
117,117
118,118
119,119
120,120
121,121
122,122
123,123
124,124
125,125
126,126
127,127
128,128
129,129
130,130
131,131
132,132
133,133
134,134
135,135
136,136
137,137
138,138
139,139
140,140
141,141
142,142
143,143
144,144
145,145
146,146
147,147
148,148
149,149
150,150
151,151
152,152
153,153
154,154
155,155
156,156
157,157
158,158
159,159
160,160
161,161
162,162
163,163
164,164
165,165
166,166
167,167
168,168
169,169
170,170
171,171
172,172
173,173
174,174
175,175
176,176
177,177
178,178
179,179
180,180
181,181
182,182
183,183
184,184
185,185
186,186
187,187
188,188
189,189
190,190
191,191
192,192
193,193
194,194
195,195
196,196
197,197
198,198
199,199
200,200
201,201
202,202
203,203
204,204
205,205
206,206
207,207
208,208
209,209
210,210
211,211
212,212
213,213
214,214
215,215
216,216
217,217
218,218
219,219
220,220
221,221
222,222
223,223
224,224
225,225
226,226
227,227
228,228
229,229
230,230
231,231
232,232
233,233
234,234
235,235
236,236
237,237
238,238
239,239
240,240
241,241
242,242
243,243
244,244
245,245
246,246
247,247
248,248
249,249
250,250
251,251
252,252
253,253
254,254
255,255
256,256
257,257
258,258
259,259
260,260
261,261
262,262
263,263
264,264
265,265
266,266
267,267
268,268
269,269
270,270
271,271
272,272
273,273
274,274
275,275
276,276
277,277
278,278
279,279
280,280
281,281
282,282
283,283
284,284
285,285
286,286
287,287
288,288
289,289
290,290
291,291
292,292
293,293
294,294
295,295
296,296
297,297
298,298
299,299
300,300
301,301
302,302
303,303
304,304
305,305
306,306
307,307
308,308
309,309
310,310
311,311
312,312
313,313
314,314
315,315
316,316
317,317
318,318
319,319
320,320
321,321
322,322
323,323
324,324
325,325
326,326
327,327
328,328
329,329
330,330
331,331
332,332
333,333
334,334
335,335
336,336
337,337
338,338
339,339
340,340
341,341
342,342
343,343
344,344
345,345
346,346
347,347
348,348
349,349
350,350
351,351
352,352
353,353
354,354
355,355
356,356
357,357
358,358
359,359
360,360
361,361
362,362
363,363
364,364
365,365
366,366
367,367
368,368
369,369
370,370
371,371
372,372
373,373
374,374
375,375
376,376
377,377
378,378
379,379
380,380
381,381
382,382
383,383
384,384
385,385
386,386
387,387
388,388
389,389
390,390
391,391
392,392
393,393
394,394
395,395
396,396
397,397
398,398
399,399
400,400
401,401
402,402
403,403
404,404
405,405
406,406
407,407
408,408
409,409
410,410
411,411
412,412
413,413
414,414
415,415
416,416
417,417
418,418
419,419
420,420
421,421
422,422
423,423
424,424
425,425
426,426
427,427
428,428
429,429
430,430
431,431
432,432
433,433
434,434
435,435
436,436
437,437
438,438
439,439
440,440
441,441
442,442
443,443
444,444
445,445
446,446
447,447
448,448
449,449
450,450
451,451
452,452
453,453
454,454
455,455
456,456
457,457
458,458
459,459
460,460
461,461
462,462
463,463
464,464
465,465
466,466
467,467
468,468
469,469
470,470
471,471
472,472
473,473
474,474
475,475
476,476
477,477
478,478
479,479
480,480
481,481
482,482
483,483
484,484
485,485
486,486
487,487
488,488
489,489
490,490
491,491
492,492
493,493
494,494
495,495
496,496
497,497
498,498
499,499
500,500
501,501
502,502
503,503
504,504
505,505
506,506
507,507
508,508
509,509
510,510
511,511
512,512
513,513
514,514
515,515
516,516
517,517
518,518
519,519
520,520
521,521
522,522
523,523
524,524
525,525
526,526
527,527
528,528
529,529
530,530
531,531
532,532
533,533
534,534
535,535
536,536
537,537
538,538
539,539
540,540
541,541
542,542
543,543
544,544
545,545
546,546
547,547
548,548
549,549
550,550
551,551
552,552
553,553
554,554
555,555
556,556
557,557
558,558
559,559
560,560
561,561
562,562
563,563
564,564
565,565
566,566
567,567
568,568
569,569
570,570
571,571
572,572
573,573
574,574
575,575
576,576
577,577
578,578
579,579
580,580
581,581
582,582
583,583
584,584
585,585
586,586
587,587
588,588
589,589
590,590
591,591
592,592
593,593
594,594
595,595
596,596
597,597
598,598
599,599
600,600
601,601
602,602
603,603
604,604
605,605
606,606
607,607
608,608
609,609
610,610
611,611
612,612
613,613
614,614
615,615
616,616
617,617
618,618
619,619
620,620
621,621
622,622
623,623
624,624
625,625
626,626
627,627
628,628
629,629
630,630
631,631
632,632
633,633
634,634
635,635
636,636
637,637
638,638
639,639
640,640
641,641
642,642
643,643
644,644
645,645
646,646
647,647
648,648
649,649
650,650
651,651
652,652
653,653
654,654
655,655
656,656
657,657
658,658
659,659
660,660
661,661
662,662
663,663
664,664
665,665
666,666
667,667
668,668
669,669
670,670
671,671
672,672
673,673
674,674
675,675
676,676
677,677
678,678
679,679
680,680
681,681
682,682
683,683
684,684
685,685
686,686
687,687
688,688
689,689
690,690
691,691
692,692
693,693
694,694
695,695
696,696
697,697
698,698
699,699
700,700
701,701
702,702
703,703
704,704
705,705
706,706
707,707
708,708
709,709
710,710
711,711
712,712
713,713
714,714
715,715
716,716
717,717
718,718
719,719
720,720
721,721
722,722
723,723
724,724
725,725
726,726
727,727
728,728
729,729
730,730
731,731
732,732
733,733
734,734
735,735
736,736
737,737
738,738
739,739
740,740
741,741
742,742
743,743
744,744
745,745
746,746
747,747
748,748
749,749
750,750
751,751
752,752
753,753
754,754
755,755
756,756
757,757
758,758
759,759
760,760
761,761
762,762
763,763
764,764
765,765
766,766
767,767
768,768
769,769
770,770
771,771
772,772
773,773
774,774
775,775
776,776
777,777
778,778
779,779
780,780
781,781
782,782
783,783
784,784
785,785
786,786
787,787
788,788
789,789
790,790
791,791
792,792
793,793
794,794
795,795
796,796
797,797
798,798
799,799
800,800
801,801
802,802
803,803
804,804
805,805
806,806
807,807
808,808
809,809
810,810
811,811
812,812
813,813
814,814
815,815
816,816
817,817
818,818
819,819
820,820
821,821
822,822
823,823
824,824
825,825
826,826
827,827
828,828
829,829
830,830
831,831
832,832
833,833
834,834
835,835
836,836
837,837
838,838
839,839
840,840
841,841
842,842
843,843
844,844
845,845
846,846
847,847
848,848
849,849
850,850
851,851
852,852
853,853
854,854
855,855
856,856
857,857
858,858
859,859
860,860
861,861
862,862
863,863
864,864
865,865
866,866
867,867
868,868
869,869
870,870
871,871
872,872
873,873
874,874
875,875
876,876
877,877
878,878
879,879
880,880
881,881
882,882
883,883
884,884
885,885
886,886
887,887
888,888
889,889
890,890
891,891
892,892
893,893
894,894
895,895
896,896
897,897
898,898
899,899
900,900
901,901
902,902
903,903
904,904
905,905
906,906
907,907
908,908
909,909
910,910
911,911
912,912
913,913
914,914
915,915
916,916
917,917
918,918
919,919
920,920
921,921
922,922
923,923
924,924
925,925
926,926
927,927
928,928
929,929
930,930
931,931
932,932
933,933
934,934
935,935
936,936
937,937
938,938
939,939
940,940
941,941
942,942
943,943
944,944
945,945
946,946
947,947
948,948
949,949
950,950
951,951
952,952
953,953
954,954
955,955
956,956
957,957
958,958
959,959
960,960
961,961
962,962
963,963
964,964
965,965
966,966
967,967
968,968
969,969
970,970
971,971
972,972
973,973
974,974
975,975
976,976
977,977
978,978
979,979
980,980
981,981
982,982
983,983
984,984
985,985
986,986
987,987
988,988
989,989
990,990
991,991
992,992
993,993
994,994
995,995
996,996
997,997
998,998
999,999
1000,1000
1001,1001
1002,1002
1003,1003
1004,1004
1005,1005
1006,1006
1007,1007
1008,1008
1009,1009
1010,1010
1011,1011
1012,1012
1013,1013
1014,1014
1015,1015
1016,1016
1017,1017
1018,1018
1019,1019
1020,1020
1021,1021
1022,1022
1023,1023

1,485
5,323
14,650
15,117
16,393
16,26
16,17
16,690
17,973
17,176
17,740
17,203
17,359
25,312
26,767
27,316
27,636
28,567
28,331
29,282
33,394
33,612
34,410
34,799
37,345
37,308
37,643
38,212
38,822
41,546
44,947
45,63
46,780
47,928
53,244
55,626
55,90
57,37
65,498
65,708
67,37
69,412
70,356
70,338
76,149
76,308
78,102
78,299
80,911
80,517
85,774
86,788
87,277
87,786
90,70
92,310
92,359
92,690
96,801
96,845
96,136
98,915
98,53
98,788
99,786
99,680
101,305
102,655
104,517
106,724
106,319
107,1000
109,426
111,217
111,86
111,657
111,584
117,741
117,839
118,928
119,601
119,499
122,762
124,428
124,331
124,395
124,978
124,96
124,717
125,378
125,726
126,931
128,780
129,302
131,784
131,136
132,233
132,333
132,86
132,702
133,575
133,312
133,99
134,469
135,969
136,1
136,821
136,903
137,653
138,585
138,256
140,110
143,987
143,631
143,534
145,956
145,211
149,67
151,219
151,641
152,791
154,106
162,140
162,483
162,302
164,429
166,831
166,763
168,188
168,823
169,922
169,964
169,42
169,881
174,738
175,757
176,667
176,902
176,417
176,566
176,510
178,624
178,703
181,534
182,864
184,393
185,219
185,820
185,387
187,811
187,594
187,1003
187,588
188,723
188,851
192,688
196,182
197,257
198,1
200,654
200,169
201,499
203,351
205,245
207,594
210,169
211,403
211,90
212,643
212,25
212,558
213,447
217,788
219,1000
219,81
219,612
219,987
220,322
225,718
230,558
233,886
233,581
233,99
233,570
235,522
236,528
236,27
237,33
239,433
240,714
241,693
242,464
243,154
243,1
244,168
245,73
247,219
249,458
250,290
254,200
254,162
257,620
258,565
259,893
259,428
260,987
261,333
261,1014
263,356
264,340
264,702
264,395
265,1023
267,587
267,700
269,882
269,771
269,360
269,109
269,763
270,850
270,41
273,104
276,219
277,663
277,456
277,55
279,239
279,201
281,416
282,793
288,398
290,19
292,867
292,174
293,438
293,185
293,233
293,493
295,958
295,301
296,17
296,166
296,72
297,802
297,715
298,472
299,546
301,534
301,887
301,181
301,176
303,92
305,118
306,915
308,1023
308,335
308,345
312,106
312,293
313,599
313,824
313,359
315,878
316,457
318,44
318,947
318,595
319,249
319,920
320,279
322,154
322,920
323,267
323,270
325,762
329,626
329,102
331,219
331,834
333,338
335,278
335,581
335,746
336,60
336,704
338,162
338,869
338,302
338,1010
338,849
344,604
345,522
345,569
346,933
347,236
348,5
350,923
351,176
351,548
356,376
356,826
359,864
359,279
359,880
361,538
362,940
363,254
364,839
367,26
368,814
373,866
373,301
375,765
376,651
377,718
378,918
378,119
379,460
380,804
387,906
387,263
388,676
392,456
393,98
393,730
394,260
394,587
395,143
395,402
395,751
395,588
395,428
396,132
398,836
398,647
401,958
403,575
403,151
408,359
408,313
408,880
408,472
408,643
409,657
410,714
410,148
415,674
416,298
417,627
417,373
418,187
420,446
421,211
422,471
423,554
426,858
426,987
428,118
428,491
429,629
429,38
430,1019
432,140
435,299
438,534
438,970
440,296
440,370
441,220
442,178
445,698
447,210
447,572
447,479
453,260
457,270
457,562
458,475
458,178
460,853
460,496
460,877
461,701
468,939
471,113
471,760
472,279
472,380
473,514
475,547
479,210
481,517
485,845
487,979
488,118
491,739
492,642
493,514
493,645
493,642
495,930
497,47
497,930
498,115
498,958
498,647
499,65
499,410
500,83
501,280
510,566
513,458
514,138
514,691
516,917
517,47
517,828
517,587
520,192
522,746
522,610
522,265
524,429
528,870
529,487
529,947
531,243
534,717
534,269
534,468
534,606
536,350
539,938
540,236
541,331
542,73
542,715
544,631
546,329
547,53
547,575
551,433
553,70
553,152
553,136
553,853
553,745
554,813
558,408
565,663
568,422
570,709
572,164
573,367
575,387
580,445
581,866
584,225
587,902
587,276
588,391
589,281
592,934
594,331
594,631
594,921
598,618
599,16
599,690
601,503
603,292
604,778
606,960
606,887
606,587
607,643
610,258
612,847
618,269
618,501
618,277
618,763
620,881
621,947
624,37
624,76
625,338
626,995
626,413
627,168
628,993
629,786
631,28
631,840
631,946
634,930
634,289
634,119
634,106
636,685
641,603
642,808
643,85
643,786
643,315
643,999
645,492
646,1005
647,830
649,841
650,132
650,906
650,702
651,520
654,692
654,816
655,38
657,907
658,574
659,33
660,296
661,999
662,964
663,129
663,318
663,882
665,93
667,497
669,265
670,462
674,960
676,448
679,141
679,914
680,886
683,840
688,572
688,107
690,388
690,256
692,137
693,438
695,451
696,111
698,0
699,627
700,241
700,348
700,329
701,777
702,460
703,68
703,278
704,49
708,993
709,903
709,49
709,96
709,254
714,237
714,791
715,709
715,205
717,845
718,17
718,346
718,247
718,599
723,327
724,288
724,371
727,715
727,80
728,623
733,55
736,618
738,293
738,78
738,296
738,250
740,298
740,176
744,373
746,278
749,910
749,821
751,594
754,319
755,501
756,969
762,542
762,505
763,565
764,322
765,457
766,423
767,232
769,334
771,70
772,87
774,27
774,110
778,690
778,289
779,117
781,500
782,222
784,774
786,264
788,516
789,513
791,827
791,634
791,165
792,825
799,499
801,843
801,940
802,573
802,367
803,904
804,834
811,395
811,985
811,225
812,175
813,665
816,235
820,565
821,592
822,863
823,877
823,233
825,495
826,200
827,988
828,959
828,1010
830,587
830,529
834,1010
834,789
834,683
834,886
836,778
836,637
836,344
839,768
840,318
840,541
840,985
841,904
845,998
845,887
845,650
847,136
847,426
847,858
847,1000
850,329
850,292
851,759
853,579
858,430
858,263
859,46
864,949
864,135
864,782
866,834
866,703
866,124
866,679
866,547
866,643
867,131
867,664
869,788
869,98
869,534
874,24
877,553
879,599
880,718
880,546
881,303
882,338
882,488
882,802
886,951
886,958
886,867
887,181
888,200
890,420
893,877
894,754
903,332
903,254
904,230
904,993
904,438
906,131
906,702
907,1014
907,650
907,261
907,765
910,492
911,830
911,704
911,979
914,453
915,720
915,657
915,212
917,461
918,415
920,879
920,727
921,111
923,649
928,840
928,297
928,834
928,902
929,178
930,440
930,746
931,606
931,535
933,700
934,910
935,497
937,453
938,447
940,412
943,682
947,392
947,828
949,553
949,814
949,845
951,1018
956,740
957,834
958,930
958,792
958,497
959,336
959,728
960,589
960,295
963,766
964,749
965,128
966,557
969,996
969,943
973,373
973,325
973,205
976,375
978,45
978,679
979,481
985,377
985,652
987,738
987,493
988,708
993,346
995,133
996,745
998,277
998,126
998,696
999,877
999,186
1000,267
1000,301
1000,295
1000,931
1000,217
1003,207
1003,811
1005,660
1010,911
1010,99
1014,709
1014,570
1014,987
1014,387
1014,200
1018,700
1018,323
1019,390
1020,267
1021,815
