0,0
1,1
2,2
3,3
4,4
5,5
6,6
7,7
8,8
9,9
10,10
11,11
12,12
13,13
14,14
15,15
16,16
17,17
18,18
19,19
20,20
21,21
22,22
23,23
24,24
25,25
26,26
27,27
28,28
29,29
30,30
31,31
32,32
33,33
34,34
35,35
36,36
37,37
38,38
39,39
40,40
41,41
42,42
43,43
44,44
45,45
46,46
47,47
48,48
49,49
50,50
51,51
52,52
53,53
54,54
55,55
56,56
57,57
58,58
59,59
60,60
61,61
62,62
63,63
64,64
65,65
66,66
67,67
68,68
69,69
70,70
71,71
72,72
73,73
74,74
75,75
76,76
77,77
78,78
79,79
80,80
81,81
82,82
83,83
84,84
85,85
86,86
87,87
88,88
89,89
90,90
91,91
92,92
93,93
94,94
95,95
96,96
97,97
98,98
99,99
100,100
101,101
102,102
103,103
104,104
105,105
106,106
107,107
108,108
109,109
110,110
111,111
112,112
113,113
114,114
115,115
116,116
117,117
118,118
119,119
120,120
121,121
122,122
123,123
124,124
125,125
126,126
127,127
128,128
129,129
130,130
131,131
132,132
133,133
134,134
135,135
136,136
137,137
138,138
139,139
140,140
141,141
142,142
143,143
144,144
145,145
146,146
147,147
148,148
149,149
150,150
151,151
152,152
153,153
154,154
155,155
156,156
157,157
158,158
159,159
160,160
161,161
162,162
163,163
164,164
165,165
166,166
167,167
168,168
169,169
170,170
171,171
172,172
173,173
174,174
175,175
176,176
177,177
178,178
179,179
180,180
181,181
182,182
183,183
184,184
185,185
186,186
187,187
188,188
189,189
190,190
191,191
192,192
193,193
194,194
195,195
196,196
197,197
198,198
199,199
200,200
201,201
202,202
203,203
204,204
205,205
206,206
207,207
208,208
209,209
210,210
211,211
212,212
213,213
214,214
215,215
216,216
217,217
218,218
219,219
220,220
221,221
222,222
223,223
224,224
225,225
226,226
227,227
228,228
229,229
230,230
231,231
232,232
233,233
234,234
235,235
236,236
237,237
238,238
239,239
240,240
241,241
242,242
243,243
244,244
245,245
246,246
247,247
248,248
249,249
250,250
251,251
252,252
253,253
254,254
255,255
256,256
257,257
258,258
259,259
260,260
261,261
262,262
263,263
264,264
265,265
266,266
267,267
268,268
269,269
270,270
271,271
272,272
273,273
274,274
275,275
276,276
277,277
278,278
279,279
280,280
281,281
282,282
283,283
284,284
285,285
286,286
287,287
288,288
289,289
290,290
291,291
292,292
293,293
294,294
295,295
296,296
297,297
298,298
299,299
300,300
301,301
302,302
303,303
304,304
305,305
306,306
307,307
308,308
309,309
310,310
311,311
312,312
313,313
314,314
315,315
316,316
317,317
318,318
319,319
320,320
321,321
322,322
323,323
324,324
325,325
326,326
327,327
328,328
329,329
330,330
331,331
332,332
333,333
334,334
335,335
336,336
337,337
338,338
339,339
340,340
341,341
342,342
343,343
344,344
345,345
346,346
347,347
348,348
349,349
350,350
351,351
352,352
353,353
354,354
355,355
356,356
357,357
358,358
359,359
360,360
361,361
362,362
363,363
364,364
365,365
366,366
367,367
368,368
369,369
370,370
371,371
372,372
373,373
374,374
375,375
376,376
377,377
378,378
379,379
380,380
381,381
382,382
383,383
384,384
385,385
386,386
387,387
388,388
389,389
390,390
391,391
392,392
393,393
394,394
395,395
396,396
397,397
398,398
399,399
400,400
401,401
402,402
403,403
404,404
405,405
406,406
407,407
408,408
409,409
410,410
411,411
412,412
413,413
414,414
415,415
416,416
417,417
418,418
419,419
420,420
421,421
422,422
423,423
424,424
425,425
426,426
427,427
428,428
429,429
430,430
431,431
432,432
433,433
434,434
435,435
436,436
437,437
438,438
439,439
440,440
441,441
442,442
443,443
444,444
445,445
446,446
447,447
448,448
449,449
450,450
451,451
452,452
453,453
454,454
455,455
456,456
457,457
458,458
459,459
460,460
461,461
462,462
463,463
464,464
465,465
466,466
467,467
468,468
469,469
470,470
471,471
472,472
473,473
474,474
475,475
476,476
477,477
478,478
479,479
480,480
481,481
482,482
483,483
484,484
485,485
486,486
487,487
488,488
489,489
490,490
491,491
492,492
493,493
494,494
495,495
496,496
497,497
498,498
499,499
500,500
501,501
502,502
503,503
504,504
505,505
506,506
507,507
508,508
509,509
510,510
511,511
512,512
513,513
514,514
515,515
516,516
517,517
518,518
519,519
520,520
521,521
522,522
523,523
524,524
525,525
526,526
527,527
528,528
529,529
530,530
531,531
532,532
533,533
534,534
535,535
536,536
537,537
538,538
539,539
540,540
541,541
542,542
543,543
544,544
545,545
546,546
547,547
548,548
549,549
550,550
551,551
552,552
553,553
554,554
555,555
556,556
557,557
558,558
559,559
560,560
561,561
562,562
563,563
564,564
565,565
566,566
567,567
568,568
569,569
570,570
571,571
572,572
573,573
574,574
575,575
576,576
577,577
578,578
579,579
580,580
581,581
582,582
583,583
584,584
585,585
586,586
587,587
588,588
589,589
590,590
591,591
592,592
593,593
594,594
595,595
596,596
597,597
598,598
599,599
600,600
601,601
602,602
603,603
604,604
605,605
606,606
607,607
608,608
609,609
610,610
611,611
612,612
613,613
614,614
615,615
616,616
617,617
618,618
619,619
620,620
621,621
622,622
623,623
624,624
625,625
626,626
627,627
628,628
629,629
630,630
631,631
632,632
633,633
634,634
635,635
636,636
637,637
638,638
639,639
640,640
641,641
642,642
643,643
644,644
645,645
646,646
647,647
648,648
649,649
650,650
651,651
652,652
653,653
654,654
655,655
656,656
657,657
658,658
659,659
660,660
661,661
662,662
663,663
664,664
665,665
666,666
667,667
668,668
669,669
670,670
671,671
672,672
673,673
674,674
675,675
676,676
677,677
678,678
679,679
680,680
681,681
682,682
683,683
684,684
685,685
686,686
687,687
688,688
689,689
690,690
691,691
692,692
693,693
694,694
695,695
696,696
697,697
698,698
699,699
700,700
701,701
702,702
703,703
704,704
705,705
706,706
707,707
708,708
709,709
710,710
711,711
712,712
713,713
714,714
715,715
716,716
717,717
718,718
719,719
720,720
721,721
722,722
723,723
724,724
725,725
726,726
727,727
728,728
729,729
730,730
731,731
732,732
733,733
734,734
735,735
736,736
737,737
738,738
739,739
740,740
741,741
742,742
743,743
744,744
745,745
746,746
747,747
748,748
749,749
750,750
751,751
752,752
753,753
754,754
755,755
756,756
757,757
758,758
759,759
760,760
761,761
762,762
763,763
764,764
765,765
766,766
767,767
768,768
769,769
770,770
771,771
772,772
773,773
774,774
775,775
776,776
777,777
778,778
779,779
780,780
781,781
782,782
783,783
784,784
785,785
786,786
787,787
788,788
789,789
790,790
791,791
792,792
793,793
794,794
795,795
796,796
797,797
798,798
799,799
800,800
801,801
802,802
803,803
804,804
805,805
806,806
807,807
808,808
809,809
810,810
811,811
812,812
813,813
814,814
815,815
816,816
817,817
818,818
819,819
820,820
821,821
822,822
823,823
824,824
825,825
826,826
827,827
828,828
829,829
830,830
831,831
832,832
833,833
834,834
835,835
836,836
837,837
838,838
839,839
840,840
841,841
842,842
843,843
844,844
845,845
846,846
847,847
848,848
849,849
850,850
851,851
852,852
853,853
854,854
855,855
856,856
857,857
858,858
859,859
860,860
861,861
862,862
863,863
864,864
865,865
866,866
867,867
868,868
869,869
870,870
871,871
872,872
873,873
874,874
875,875
876,876
877,877
878,878
879,879
880,880
881,881
882,882
883,883
884,884
885,885
886,886
887,887
888,888
889,889
890,890
891,891
892,892
893,893
894,894
895,895
896,896
897,897
898,898
899,899
900,900
901,901
902,902
903,903
904,904
905,905
906,906
907,907
908,908
909,909
910,910
911,911
912,912
913,913
914,914
915,915
916,916
917,917
918,918
919,919
920,920
921,921
922,922
923,923
924,924
925,925
926,926
927,927
928,928
929,929
930,930
931,931
932,932
933,933
934,934
935,935
936,936
937,937
938,938
939,939
940,940
941,941
942,942
943,943
944,944
945,945
946,946
947,947
948,948
949,949
950,950
951,951
952,952
953,953
954,954
955,955
956,956
957,957
958,958
959,959
960,960
961,961
962,962
963,963
964,964
965,965
966,966
967,967
968,968
969,969
970,970
971,971
972,972
973,973
974,974
975,975
976,976
977,977
978,978
979,979
980,980
981,981
982,982
983,983
984,984
985,985
986,986
987,987
988,988
989,989
990,990
991,991
992,992
993,993
994,994
995,995
996,996
997,997
998,998
999,999
1000,1000
1001,1001
1002,1002
1003,1003
1004,1004
1005,1005
1006,1006
1007,1007
1008,1008
1009,1009
1010,1010
1011,1011
1012,1012
1013,1013
1014,1014
1015,1015
1016,1016
1017,1017
1018,1018
1019,1019
1020,1020
1021,1021
1022,1022
1023,1023

0,540
1,485
2,490
2,347
2,595
4,40
4,196
5,640
6,524
7,1021
8,145
8,367
8,21
9,477
9,417
9,593
10,23
12,978
13,261
14,894
14,650
15,117
16,26
17,973
17,740
19,527
20,126
20,772
21,997
25,312
25,324
26,767
26,715
27,316
28,567
29,793
29,282
30,303
31,442
32,443
32,293
33,394
33,612
34,499
34,410
34,799
34,165
34,647
35,267
36,135
37,308
37,345
38,822
38,212
38,878
39,122
39,116
41,174
41,546
43,560
43,313
46,797
46,874
46,780
47,928
48,293
48,873
48,339
51,110
51,699
52,738
52,701
52,183
52,393
52,914
52,830
54,745
55,90
55,626
55,995
56,350
57,37
57,643
58,66
59,627
59,81
59,935
60,35
62,556
63,109
64,526
65,115
65,498
65,708
65,830
66,489
67,669
67,958
67,31
68,488
68,143
68,582
69,412
69,146
70,356
73,441
76,149
78,299
78,102
79,467
80,911
80,517
82,636
84,40
85,774
86,516
87,786
87,277
88,462
90,820
90,81
90,668
90,70
91,590
91,628
91,735
92,690
92,310
93,506
93,2
95,843
96,801
97,90
98,915
98,53
99,680
99,786
100,723
100,739
100,755
101,118
101,225
101,305
102,655
102,413
103,854
104,864
104,713
104,517
106,724
106,319
107,1000
108,698
108,928
108,51
109,300
110,636
110,546
110,457
111,295
111,217
111,86
112,619
112,220
113,296
114,891
115,993
115,158
116,384
117,839
118,683
119,601
119,496
120,634
120,177
120,92
121,529
122,762
124,978
124,331
124,395
124,428
125,378
125,726
126,931
128,780
129,240
129,302
131,784
131,136
131,821
132,307
132,233
133,575
133,312
133,99
134,913
134,469
134,673
136,1
137,798
137,653
138,585
139,496
140,939
141,757
141,567
142,7
142,89
142,951
143,269
143,987
145,298
145,211
145,956
146,465
146,889
146,479
147,633
149,67
150,510
151,43
151,641
152,791
153,202
155,532
155,466
156,219
157,911
157,594
158,672
159,880
159,372
160,805
160,81
162,483
162,302
163,764
163,886
164,395
164,429
166,763
166,831
166,140
167,162
168,188
169,881
169,964
169,42
170,974
170,33
171,116
172,882
173,593
173,378
173,246
174,738
175,92
175,757
175,699
176,667
176,902
176,566
177,285
177,159
177,838
182,864
182,969
182,996
182,782
183,527
184,393
184,3
184,730
185,1010
185,820
186,196
187,588
187,811
187,395
187,1003
187,594
188,723
190,1002
190,423
190,305
191,385
191,219
192,688
192,38
193,838
194,166
194,38
194,394
195,808
195,339
196,983
196,182
196,565
197,581
197,620
197,257
197,174
197,364
198,140
198,1
199,219
200,654
201,499
202,247
203,397
206,269
208,694
208,375
208,376
209,745
210,302
210,922
210,169
211,534
211,90
211,263
211,219
211,403
212,143
212,25
212,643
213,447
213,466
213,479
215,505
217,788
217,765
219,1000
220,322
221,893
223,659
223,366
223,567
224,1018
224,1006
225,718
225,973
227,372
227,787
227,766
227,432
227,400
230,824
231,377
233,886
233,581
233,99
234,879
235,522
236,27
236,528
237,925
237,33
239,433
240,42
240,714
241,5
242,261
242,464
243,154
243,1
244,823
244,851
246,170
247,780
247,559
247,779
248,193
248,305
248,14
250,443
250,290
251,996
251,187
251,383
254,700
255,481
255,367
257,342
258,565
259,428
259,893
261,333
261,296
262,290
262,383
263,826
264,702
264,340
266,258
266,37
267,587
268,793
268,649
269,771
269,882
270,850
270,78
270,41
271,159
272,657
272,735
273,104
275,899
275,321
276,219
277,456
277,663
279,239
280,717
280,390
280,802
281,201
281,298
281,842
281,416
281,804
283,789
286,910
286,963
286,641
288,312
290,19
291,371
291,747
292,131
292,293
292,867
293,438
293,185
293,219
296,17
296,166
296,72
297,728
299,603
300,358
300,881
301,534
301,181
301,887
303,154
303,92
303,359
306,212
306,915
306,558
307,441
307,208
308,335
308,569
312,106
313,599
316,20
317,155
318,44
318,947
319,249
319,458
320,279
320,667
321,204
321,382
321,821
322,154
322,834
322,920
323,267
324,102
324,747
324,675
325,762
326,309
326,206
326,943
327,819
328,155
329,626
330,15
331,219
333,338
334,416
335,278
335,581
336,60
337,574
337,138
338,162
338,869
342,914
344,604
345,1023
345,522
346,693
346,351
347,236
349,799
349,802
350,515
351,176
351,548
352,55
354,789
354,563
354,139
355,127
356,376
357,655
359,864
360,318
361,538
362,940
362,956
363,254
363,477
363,26
364,839
366,248
367,26
368,814
370,30
370,1019
371,220
372,112
373,866
373,547
374,279
375,765
375,457
376,651
376,164
377,635
377,984
377,844
377,53
378,503
378,200
378,119
378,918
379,460
379,835
380,346
380,65
381,304
381,189
381,685
382,265
387,906
388,676
389,160
391,786
393,158
393,98
394,276
394,798
394,260
396,132
397,961
398,637
398,836
398,647
400,243
401,495
401,118
401,958
403,575
403,151
406,372
406,155
406,637
407,436
407,991
408,880
408,313
408,472
408,359
409,657
410,232
410,714
410,791
410,148
411,138
411,956
411,46
413,843
413,664
413,233
414,446
415,674
416,472
417,627
418,187
418,1010
419,870
419,923
420,414
420,30
420,446
421,211
423,554
424,853
425,408
425,994
426,1019
427,253
427,10
427,723
428,292
428,118
429,629
429,510
429,315
432,140
432,110
433,1002
435,979
435,299
436,174
437,719
438,534
439,1003
439,494
440,370
441,220
441,369
442,630
442,178
443,446
443,83
444,438
444,607
444,720
445,0
446,283
447,404
447,210
448,389
449,182
449,347
452,687
453,260
455,20
455,645
456,872
458,475
458,178
460,853
460,496
463,177
463,419
464,25
466,445
468,728
469,351
471,760
471,113
472,279
473,777
473,514
474,1021
474,494
475,747
476,828
478,1018
479,320
482,800
486,477
487,517
487,820
487,481
488,928
488,897
489,819
490,351
490,576
493,492
493,642
493,514
493,645
494,510
494,161
496,5
497,47
498,958
499,65
500,980
500,486
503,397
504,788
504,69
505,941
508,874
508,139
511,859
511,312
511,779
512,983
513,877
513,31
514,256
514,138
514,691
515,20
515,591
516,701
516,917
517,47
517,828
518,704
519,931
521,859
521,688
522,746
522,610
524,429
525,392
527,402
527,671
528,870
529,947
529,487
530,414
530,616
531,186
531,243
532,722
533,112
533,313
534,717
536,923
536,350
537,968
538,11
538,728
539,707
539,719
539,447
539,938
540,729
540,236
541,343
542,610
542,245
542,73
543,15
544,631
547,244
547,53
547,575
548,510
550,95
550,963
551,809
551,433
552,980
552,227
552,834
552,516
554,813
554,93
558,408
561,293
563,976
564,688
564,487
568,422
568,471
569,265
571,787
572,225
572,786
574,515
575,387
576,932
576,269
577,386
580,698
580,445
581,866
582,63
582,944
587,902
588,946
590,38
592,277
592,390
592,114
592,625
593,104
594,391
594,331
595,1010
596,608
596,886
596,119
597,858
597,389
597,714
598,618
599,393
599,16
599,690
600,652
600,943
600,71
600,938
603,30
605,570
607,290
607,643
607,786
607,999
612,858
612,847
614,789
614,328
615,982
616,25
618,501
618,763
618,280
618,269
619,158
620,881
620,130
621,947
622,517
624,76
624,37
625,338
625,477
625,849
627,97
627,168
628,993
630,567
631,28
632,50
632,935
633,529
633,921
634,119
634,930
634,289
634,398
635,422
636,685
638,985
638,348
640,596
641,292
641,166
641,603
642,808
643,85
644,514
644,888
646,1005
649,265
650,132
650,702
650,906
651,520
651,192
652,1008
652,793
652,751
652,554
654,692
655,38
656,63
656,922
656,436
657,650
657,907
658,574
659,33
660,985
660,296
661,999
661,91
662,592
662,821
662,964
662,934
663,129
664,739
664,426
665,312
666,688
667,497
667,717
668,548
668,187
669,265
670,462
670,607
671,504
673,522
673,431
674,589
674,212
674,380
674,960
674,281
674,474
675,246
675,916
676,448
677,341
678,451
678,557
678,444
678,824
679,141
679,789
679,914
679,16
681,364
681,925
681,860
681,465
682,961
684,823
684,922
685,562
686,612
686,965
687,480
687,640
688,572
688,107
689,51
690,256
692,701
692,137
693,438
693,76
693,970
695,827
695,451
696,111
697,466
697,658
697,483
699,40
699,302
699,627
700,348
700,241
701,544
701,777
702,460
704,145
704,844
705,941
705,917
707,160
707,775
708,933
709,903
709,254
709,49
710,579
710,763
711,244
711,746
712,633
712,933
713,442
713,822
714,237
715,709
716,888
717,845
718,17
719,372
721,886
721,519
722,461
722,919
723,327
724,288
724,371
727,864
727,80
727,715
728,907
732,854
732,318
733,377
733,55
734,130
735,592
736,360
736,618
736,277
737,954
737,586
737,880
738,293
738,250
739,255
742,213
742,530
743,270
743,247
743,712
744,373
746,258
748,962
748,135
748,272
749,910
750,889
751,921
751,584
752,624
752,799
752,288
753,1010
753,330
755,830
755,501
756,46
756,510
756,969
757,669
757,499
758,63
760,205
761,144
761,175
762,505
762,542
763,565
764,322
764,727
764,106
766,491
766,423
766,898
767,206
767,232
769,334
770,35
771,70
771,55
772,87
773,270
774,27
775,278
777,439
778,690
778,388
779,741
779,117
781,83
781,735
781,500
782,845
783,666
783,503
784,110
784,774
786,264
789,458
789,513
791,634
791,827
791,106
791,988
792,53
792,825
792,495
793,804
793,227
794,1017
794,268
795,17
796,603
796,13
798,479
798,415
799,777
800,787
801,491
801,15
801,940
801,68
801,124
801,528
802,367
802,573
803,558
803,904
804,834
805,646
807,674
807,37
808,422
809,148
809,362
809,937
810,27
810,81
810,978
810,699
811,631
811,225
811,985
811,840
812,175
813,665
813,189
814,136
814,475
815,386
816,235
817,597
818,719
818,606
818,272
819,192
820,565
822,863
823,233
824,657
824,537
824,942
824,625
826,816
826,200
828,456
828,959
829,139
829,938
829,157
829,701
830,529
830,587
831,468
832,109
832,133
834,1010
836,778
836,344
837,33
837,584
837,909
838,375
838,180
839,768
840,541
840,318
841,904
842,192
843,229
843,402
843,382
843,485
845,998
847,136
847,263
847,426
847,976
848,854
849,103
850,292
850,329
851,705
851,973
851,759
853,579
855,939
855,316
856,99
856,852
856,271
857,644
857,1023
857,786
858,430
859,46
860,964
860,451
861,403
863,417
864,949
864,135
864,222
865,737
866,703
866,834
866,124
866,679
867,63
867,96
868,680
869,788
869,98
870,969
872,846
873,711
874,24
876,943
877,553
878,424
879,599
879,837
880,718
880,546
881,303
882,338
884,623
884,56
886,958
886,847
886,951
888,195
888,371
888,200
889,850
890,420
890,839
892,309
893,554
893,70
893,877
894,319
894,754
894,324
895,768
896,242
896,447
897,597
899,511
899,267
899,235
899,453
900,72
902,802
903,332
903,845
904,438
904,230
904,993
905,909
906,784
906,131
907,261
907,1014
908,198
909,690
909,619
910,492
911,979
911,830
911,704
912,629
912,418
913,979
913,818
913,459
914,453
914,125
915,705
915,720
916,951
917,461
918,415
919,465
920,879
921,657
921,415
921,247
921,111
923,649
923,841
924,373
924,247
924,120
925,898
926,168
926,287
927,973
927,1009
928,297
928,840
928,595
929,178
929,624
930,746
930,440
930,296
931,960
931,606
932,810
932,905
933,700
934,999
934,268
935,497
937,987
937,453
938,94
938,572
940,412
942,243
942,431
942,121
943,996
943,682
945,7
945,442
947,392
948,583
949,814
949,553
950,271
950,509
951,358
951,1018
953,931
954,453
954,4
954,1006
954,708
955,648
955,598
955,65
956,740
957,595
957,834
958,792
958,930
958,497
959,336
961,913
961,72
962,597
963,533
963,992
963,766
964,749
965,682
965,128
966,557
966,818
969,943
970,764
970,743
970,853
972,804
973,373
973,176
973,325
973,301
973,417
973,205
974,840
976,270
976,375
977,403
977,353
977,890
978,45
979,623
980,601
980,226
981,596
981,278
982,825
982,449
983,763
985,203
985,652
985,346
985,377
986,294
987,738
987,493
988,708
989,668
989,615
992,1012
994,487
995,133
995,183
996,796
996,745
997,908
998,535
998,696
998,126
998,277
999,186
999,877
999,152
999,816
1000,267
1000,301
1000,931
1000,958
1000,295
1001,586
1001,855
1002,711
1003,207
1003,143
1004,172
1004,663
1005,660
1006,497
1007,450
1008,341
1008,923
1009,907
1009,786
1011,349
1012,891
1012,757
1013,474
1013,285
1013,260
1014,96
1014,200
1014,709
1014,387
1014,987
1014,570
1014,169
1018,323
1018,270
1018,700
1019,390
1020,267
1021,815
1021,576
1022,310
