0,0
1,1
2,2
3,3
4,4
5,5
6,6
7,7
8,8
9,9
10,10
11,11
12,12
13,13
14,14
15,15
16,16
17,17
18,18
19,19
20,20
21,21
22,22
23,23
24,24
25,25
26,26
27,27
28,28
29,29
30,30
31,31
32,32
33,33
34,34
35,35
36,36
37,37
38,38
39,39
40,40
41,41
42,42
43,43
44,44
45,45
46,46
47,47
48,48
49,49
50,50
51,51
52,52
53,53
54,54
55,55
56,56
57,57
58,58
59,59
60,60
61,61
62,62
63,63
64,64
65,65
66,66
67,67
68,68
69,69
70,70
71,71
72,72
73,73
74,74
75,75
76,76
77,77
78,78
79,79
80,80
81,81
82,82
83,83
84,84
85,85
86,86
87,87
88,88
89,89
90,90
91,91
92,92
93,93
94,94
95,95
96,96
97,97
98,98
99,99
100,100
101,101
102,102
103,103
104,104
105,105
106,106
107,107
108,108
109,109
110,110
111,111
112,112
113,113
114,114
115,115
116,116
117,117
118,118
119,119
120,120
121,121
122,122
123,123
124,124
125,125
126,126
127,127
128,128
129,129
130,130
131,131
132,132
133,133
134,134
135,135
136,136
137,137
138,138
139,139
140,140
141,141
142,142
143,143
144,144
145,145
146,146
147,147
148,148
149,149
150,150
151,151
152,152
153,153
154,154
155,155
156,156
157,157
158,158
159,159
160,160
161,161
162,162
163,163
164,164
165,165
166,166
167,167
168,168
169,169
170,170
171,171
172,172
173,173
174,174
175,175
176,176
177,177
178,178
179,179
180,180
181,181
182,182
183,183
184,184
185,185
186,186
187,187
188,188
189,189
190,190
191,191
192,192
193,193
194,194
195,195
196,196
197,197
198,198
199,199
200,200
201,201
202,202
203,203
204,204
205,205
206,206
207,207
208,208
209,209
210,210
211,211
212,212
213,213
214,214
215,215
216,216
217,217
218,218
219,219
220,220
221,221
222,222
223,223
224,224
225,225
226,226
227,227
228,228
229,229
230,230
231,231
232,232
233,233
234,234
235,235
236,236
237,237
238,238
239,239
240,240
241,241
242,242
243,243
244,244
245,245
246,246
247,247
248,248
249,249
250,250
251,251
252,252
253,253
254,254
255,255
256,256
257,257
258,258
259,259
260,260
261,261
262,262
263,263
264,264
265,265
266,266
267,267
268,268
269,269
270,270
271,271
272,272
273,273
274,274
275,275
276,276
277,277
278,278
279,279
280,280
281,281
282,282
283,283
284,284
285,285
286,286
287,287
288,288
289,289
290,290
291,291
292,292
293,293
294,294
295,295
296,296
297,297
298,298
299,299
300,300
301,301
302,302
303,303
304,304
305,305
306,306
307,307
308,308
309,309
310,310
311,311
312,312
313,313
314,314
315,315
316,316
317,317
318,318
319,319
320,320
321,321
322,322
323,323
324,324
325,325
326,326
327,327
328,328
329,329
330,330
331,331
332,332
333,333
334,334
335,335
336,336
337,337
338,338
339,339
340,340
341,341
342,342
343,343
344,344
345,345
346,346
347,347
348,348
349,349
350,350
351,351
352,352
353,353
354,354
355,355
356,356
357,357
358,358
359,359
360,360
361,361
362,362
363,363
364,364
365,365
366,366
367,367
368,368
369,369
370,370
371,371
372,372
373,373
374,374
375,375
376,376
377,377
378,378
379,379
380,380
381,381
382,382
383,383
384,384
385,385
386,386
387,387
388,388
389,389
390,390
391,391
392,392
393,393
394,394
395,395
396,396
397,397
398,398
399,399
400,400
401,401
402,402
403,403
404,404
405,405
406,406
407,407
408,408
409,409
410,410
411,411
412,412
413,413
414,414
415,415
416,416
417,417
418,418
419,419
420,420
421,421
422,422
423,423
424,424
425,425
426,426
427,427
428,428
429,429
430,430
431,431
432,432
433,433
434,434
435,435
436,436
437,437
438,438
439,439
440,440
441,441
442,442
443,443
444,444
445,445
446,446
447,447
448,448
449,449
450,450
451,451
452,452
453,453
454,454
455,455
456,456
457,457
458,458
459,459
460,460
461,461
462,462
463,463
464,464
465,465
466,466
467,467
468,468
469,469
470,470
471,471
472,472
473,473
474,474
475,475
476,476
477,477
478,478
479,479
480,480
481,481
482,482
483,483
484,484
485,485
486,486
487,487
488,488
489,489
490,490
491,491
492,492
493,493
494,494
495,495
496,496
497,497
498,498
499,499
500,500
501,501
502,502
503,503
504,504
505,505
506,506
507,507
508,508
509,509
510,510
511,511
512,512
513,513
514,514
515,515
516,516
517,517
518,518
519,519
520,520
521,521
522,522
523,523
524,524
525,525
526,526
527,527
528,528
529,529
530,530
531,531
532,532
533,533
534,534
535,535
536,536
537,537
538,538
539,539
540,540
541,541
542,542
543,543
544,544
545,545
546,546
547,547
548,548
549,549
550,550
551,551
552,552
553,553
554,554
555,555
556,556
557,557
558,558
559,559
560,560
561,561
562,562
563,563
564,564
565,565
566,566
567,567
568,568
569,569
570,570
571,571
572,572
573,573
574,574
575,575
576,576
577,577
578,578
579,579
580,580
581,581
582,582
583,583
584,584
585,585
586,586
587,587
588,588
589,589
590,590
591,591
592,592
593,593
594,594
595,595
596,596
597,597
598,598
599,599
600,600
601,601
602,602
603,603
604,604
605,605
606,606
607,607
608,608
609,609
610,610
611,611
612,612
613,613
614,614
615,615
616,616
617,617
618,618
619,619
620,620
621,621
622,622
623,623
624,624
625,625
626,626
627,627
628,628
629,629
630,630
631,631
632,632
633,633
634,634
635,635
636,636
637,637
638,638
639,639
640,640
641,641
642,642
643,643
644,644
645,645
646,646
647,647
648,648
649,649
650,650
651,651
652,652
653,653
654,654
655,655
656,656
657,657
658,658
659,659
660,660
661,661
662,662
663,663
664,664
665,665
666,666
667,667
668,668
669,669
670,670
671,671
672,672
673,673
674,674
675,675
676,676
677,677
678,678
679,679
680,680
681,681
682,682
683,683
684,684
685,685
686,686
687,687
688,688
689,689
690,690
691,691
692,692
693,693
694,694
695,695
696,696
697,697
698,698
699,699
700,700
701,701
702,702
703,703
704,704
705,705
706,706
707,707
708,708
709,709
710,710
711,711
712,712
713,713
714,714
715,715
716,716
717,717
718,718
719,719
720,720
721,721
722,722
723,723
724,724
725,725
726,726
727,727
728,728
729,729
730,730
731,731
732,732
733,733
734,734
735,735
736,736
737,737
738,738
739,739
740,740
741,741
742,742
743,743
744,744
745,745
746,746
747,747
748,748
749,749
750,750
751,751
752,752
753,753
754,754
755,755
756,756
757,757
758,758
759,759
760,760
761,761
762,762
763,763
764,764
765,765
766,766
767,767
768,768
769,769
770,770
771,771
772,772
773,773
774,774
775,775
776,776
777,777
778,778
779,779
780,780
781,781
782,782
783,783
784,784
785,785
786,786
787,787
788,788
789,789
790,790
791,791
792,792
793,793
794,794
795,795
796,796
797,797
798,798
799,799
800,800
801,801
802,802
803,803
804,804
805,805
806,806
807,807
808,808
809,809
810,810
811,811
812,812
813,813
814,814
815,815
816,816
817,817
818,818
819,819
820,820
821,821
822,822
823,823
824,824
825,825
826,826
827,827
828,828
829,829
830,830
831,831
832,832
833,833
834,834
835,835
836,836
837,837
838,838
839,839
840,840
841,841
842,842
843,843
844,844
845,845
846,846
847,847
848,848
849,849
850,850
851,851
852,852
853,853
854,854
855,855
856,856
857,857
858,858
859,859
860,860
861,861
862,862
863,863
864,864
865,865
866,866
867,867
868,868
869,869
870,870
871,871
872,872
873,873
874,874
875,875
876,876
877,877
878,878
879,879
880,880
881,881
882,882
883,883
884,884
885,885
886,886
887,887
888,888
889,889
890,890
891,891
892,892
893,893
894,894
895,895
896,896
897,897
898,898
899,899
900,900
901,901
902,902
903,903
904,904
905,905
906,906
907,907
908,908
909,909
910,910
911,911
912,912
913,913
914,914
915,915
916,916
917,917
918,918
919,919
920,920
921,921
922,922
923,923
924,924
925,925
926,926
927,927
928,928
929,929
930,930
931,931
932,932
933,933
934,934
935,935
936,936
937,937
938,938
939,939
940,940
941,941
942,942
943,943
944,944
945,945
946,946
947,947
948,948
949,949
950,950
951,951
952,952
953,953
954,954
955,955
956,956
957,957
958,958
959,959
960,960
961,961
962,962
963,963
964,964
965,965
966,966
967,967
968,968
969,969
970,970
971,971
972,972
973,973
974,974
975,975
976,976
977,977
978,978
979,979
980,980
981,981
982,982
983,983
984,984
985,985
986,986
987,987
988,988
989,989
990,990
991,991
992,992
993,993
994,994
995,995
996,996
997,997
998,998
999,999
1000,1000
1001,1001
1002,1002
1003,1003
1004,1004
1005,1005
1006,1006
1007,1007
1008,1008
1009,1009
1010,1010
1011,1011
1012,1012
1013,1013
1014,1014
1015,1015
1016,1016
1017,1017
1018,1018
1019,1019
1020,1020
1021,1021
1022,1022
1023,1023

1002,0;409,0.9757163356984431;524,1.3913546800667378;813,2.101926177339915
522,0;375,0.22386773519130235;204,2.1281754092654803
160,0;119,0.5095218573933405;62,0.5032559295206241;870,1.0379331497564859
319,0;261,0.18698222390888472
475,0;2,0.5345872213736662;667,1.7157853377476269;425,2.76929412575473;530,2.555482044482682;817,4.4479197323006225;752,2.9761312215714724;772,5.391319591088731;849,4.6491273086872855;805,5.698823186469754
39,0;19,0.3349464436565941
230,0;362,0.6449863874398492;963,0.026147888974735033
453,0;151,0.5582776545144065;736,0.9409836466247374
737,0;493,0.5675100618737005;716,2.6590101695656623;248,0.8674164869314458;347,3.3117743438229983;905,3.1151351254284645;947,3.648178853382118;858,3.2428786022864013;996,4.589711641549432;169,3.9344673560287338;185,5.666138622031641;678,5.931800471996275;707,5.781400918087959;1019,4.6218251262979;662,6.1230218743064135;937,8.514794966548607;954,6.814062567358301;539,6.241075693468855;920,6.832042698508627;944,8.059955077900984;181,7.849865598531501;259,6.911788897179129;855,9.63422741760023
577,0;521,2.1828556193721074
768,0;344,0.8470935047939512;337,2.4493218487659636
254,0;122,3.5966131165134314
603,0;559,0.6766285783449411
100,0;305,0.6432749396741083
288,0;632,0.006671081211710352;518,0.800130697110459;262,0.18922806399224926;82,0.42923517557993346;300,1.966431048265973;578,3.609704147173303
681,0;782,0.14364834266899357;754,0.67149563525583;167,0.6668254075946616;1013,0.7726084519256053;373,0.6893773263322008;227,1.445934981347527;491,0.830920420903222
911,0;3,0.41249678423056835;144,1.2459480302900938;678,0.18413181708681428;763,1.8113283557222044;216,1.3309179931296953;921,2.931874558895167;860,2.617840716162032;157,3.189704997770055;472,3.1678443222375745;554,3.5325997740794692;402,6.729537394763973
294,0;373,0.5666746785832284;877,0.25332937975668035;611,1.7012184687998675;502,0.38620558984085906;227,1.1035057743063375;222,1.179427831708209;471,3.0245093421261027;1017,3.880331856800203
140,0;673,0.3182131398531751;341,2.67119474881669;518,0.31827356018686054;461,1.4159756872737785;300,2.5311183818203107;354,0.9382348156211198;238,0.9430218200361107;271,2.0643827410838513;578,4.421528738828699;147,3.8528774992221804;674,5.090583526448833;499,4.737607524658808
36,0;735,0.9152585018740267
807,0;888,0.7946194702170944;629,0.8920739757275061
231,0;566,0.3753565400154141;399,1.5158918062623856;46,4.612096730356397;805,5.041165042900305
227,0;722,0.38267253681934604;222,2.965610699565511;425,0.9042828885749332
925,0;494,0.28749380896461235;25,1.4150703744513329;591,0.3817790312369678;808,0.9702091410648652;108,1.1849410582631474
397,0;295,1.3846672765073
675,0;848,0.4234889326274249;830,1.3482696469215343
145,0;204,0.001987690659023377;214,1.9730350413919056;476,0.23410502465308805;429,2.118820674043916
676,0;931,0.7215932721128183;899,0.9635905353963717
887,0;209,0.5415710612088452
406,0;212,0.0380388011761934;879,0.6991168188394911;10,0.5500517766403221;648,0.38452566700595436;828,0.5935428241355885;833,0.06872768366758071;984,1.5727756655194098;935,0.9200238311458582;517,3.689093709409143;402,1.7676505309906605;505,1.7764726599943552;557,4.859279415589246;374,1.7811197806010042;229,5.241401483241836
471,0;1017,0.8623076009876176
43,0;874,0.6553519337462609;905,2.296747242575928;678,2.8113205585832164;539,3.8358319154339604
134,0;201,1.037774782523195;149,0.08113494898588265;709,0.23151291777007832;690,0.3104298570450942;758,0.5230573751183853;491,0.7573645745820029;485,6.616356693856711;411,10.454973017897897
460,0;122,0.9959487108597849
404,0;464,3.1169796492964217;702,4.569504895037527
217,0;609,0.11625738016590949;815,0.6465659240439205;660,0.3794882307245315
630,0;135,0.020635408808504466
438,0;998,2.1886042953130347
163,0;31,0.77563478349032
240,0;623,1.6421798118019486
28,0;660,0.33246452718549974;121,0.3363457055355623
899,0;714,0.07796409452028615;949,0.6226875480284201;799,0.0813690065098682;1013,0.1599941321906467;694,1.9831472848694274;491,3.0374375885216782;659,1.8265498748974958;595,1.3013287867836731;409,2.358087511173854;813,2.4075023005311245;67,2.7285194531748487;723,2.5266795877240797;482,2.8885741038227732;969,2.7427910984127997;443,4.4799225933962745
184,0;748,0.16286747102757757
877,0;502,0.01878322339358641
666,0;1000,0.8662593027882816;52,0.32145791750686753;768,1.101366894960656;344,2.0717319099233533;732,3.4609213770303144;337,3.092945245572219
50,0;186,0.3002051295156976;909,0.60022430557151;367,0.591031003585557
165,0;170,0.4658390932012494
635,0;204,0.3877204651859862;214,1.447675062584863
87,0;236,2.9652226234629553;627,0.05449821001139214;352,4.757950927278819;575,5.653815692047099;209,5.328802735218954
128,0;10,0.6781645525610539;135,0.42778052016177054;972,0.6212700145385966;1001,5.185041956468864;395,0.8015304258678962;685,1.9567660596310459;354,1.4080533035745435;238,1.6570832357950986;186,1.7351691506043898;909,2.3892329021698746;800,3.734470527601487;793,2.746897389182516;456,3.6790979334108966;348,3.774625273860632;679,4.031311678368978;180,6.446157653908621
540,0;253,1.4557598629848074;779,0.1477750288851263;112,0.1740238311781379;921,2.326428387914218;949,1.7682942457735122;317,2.593430303556741;914,4.869130916684766
248,0;178,0.19932675628448784;919,2.670508742383383
26,0;673,0.3137153219799081
918,0;752,1.8722532029122658;559,0.011274788422202675;280,0.11423477882427997;923,0.7331172954529266;137,1.5315357525444653;315,2.9642912878521304;131,1.7639821967150113;162,2.0625891173084203;562,1.9974926342322938;308,2.8038213035412074;274,2.2172952158271655;144,4.072794597314425;511,3.247318290366595
244,0;498,1.4274901210814284;788,2.068540897672847;864,1.4276186270140774;357,2.689514451632241;197,3.142967704579153;989,3.3890988760590037;907,4.4604581516036;531,3.684982524570384;589,3.7786716205866835;779,3.7243968477496225;834,3.7385692094411698;671,4.576414738072627
431,0;274,1.066718865648793
147,0;674,0.08836814445172178;411,0.3382153445701555;223,0.5042705907385334
321,0;531,1.3402947223445503;315,0.2559085334953896;499,1.0099237520074251;288,2.7219654269848865;107,6.385431085700336;632,2.7903782293765658;258,4.01992400494777;518,4.355948818797229;262,3.755196941256568;142,4.770403849909977;354,4.973339847509898;171,5.248247938003003;238,5.481061158637538;564,9.441734476276865;630,6.054088095828951;307,6.168799987583879;478,7.452455795932342;861,7.61370522289352;809,7.979557330990846;522,8.340079693655468
300,0;578,0.12704081781812407
504,0;869,0.08804333487633959;528,3.6302152391419034
782,0;1013,0.21682784094792368;491,1.7655266798299722
469,0;163,0.10594975095604311;790,0.4103201761240368;31,2.7630892265174922;60,0.675657526648232;199,4.609357959396008;892,5.137327615512168;929,4.80427307946716;697,5.797963578679011
912,0;480,1.7272713997759166;838,0.6467196788005587;127,0.8269264441858999;400,1.99969771074379;853,1.360826689350191;455,1.2077280059042197;515,1.6294017096442601;600,0.8321218368158743;134,1.8245945759179507;702,1.504263118272852;62,2.1899924177711174;170,3.733186735438471;541,1.7723308261851576;831,1.3847703208908093;203,3.492922027936831;377,2.5489262932708625;809,2.5550855228989313;196,3.0683888556982377
564,0;180,0.5976965101522317
836,0;1009,0.3797574627770933;309,1.986939279876292
539,0;920,0.07778878341103343
247,0;827,0.4296541896698984
735,0;95,0.7326155113947377
487,0;420,1.2928286388443089;104,0.41875003058320953;111,1.018941057407852;729,1.218615238161548;405,2.2611018323873675;71,2.7273411070587787;301,2.8192672626115574;11,4.254923042339884;258,4.331368950704743;15,5.995338824456171;528,10.820389288518541;616,11.231735860499143
251,0;952,1.0155194527350986;355,0.37605361016645555;570,0.25044284774796094;485,0.48117607666378726;411,1.5324647367249504;242,1.1538775710797902;223,2.1340237317348767
111,0;729,0.15686255307231003
738,0;264,2.171083463481176
754,0;373,0.6970659599866177;227,1.502443922460735
668,0;462,0.11110403377883107
48,0;809,1.9485595889014165;522,5.056540019618966
469,0;807,1.0567898440263752;790,0.031822478667357594
112,0;532,1.2215598695104433;451,0.1327237749987362;846,0.14984257155518008;60,0.1877123897700346;523,0.6559784213808862;527,1.0675024233174104;546,2.163568729957626;59,1.420643095220436;154,2.8354726878407774;384,2.371317967420963
961,0;636,2.0443897488224376;618,2.081155118224353
772,0;805,2.9241053197553972
192,0;648,1.0160294720555465;918,0.06554676042885281;752,0.9762901015775859;308,1.5983409176476315;437,1.1694222297719297;1010,1.2116945525419813;112,3.204718274283951;451,3.6681695610059517
641,0;529,3.6386285167415786
489,0;235,0.41869201869166744
596,0;588,0.06105436066618073;636,0.3595733751647587;8,0.5031129682415898;544,0.7238280127329256;780,5.115080094782296
519,0;461,0.10609935058932687;40,1.0865777289588356;818,1.2928295202977582;697,2.2174952919058235;889,0.4129307767907294;324,0.984458397523277;217,2.2990101547743986;897,1.1447325434776894;839,2.4893541930560197;685,3.1771061762446777;365,2.5928587181536136;597,3.970224776883513;524,2.9282461501648807;298,3.330532775871998
768,0;344,0.0440711620161931;337,0.20504839536469113
473,0;24,1.1225542413726957
949,0;659,2.3395529170665115;595,1.5474484819666257;317,0.7114346773868039
477,0;376,0.1207733911002008
217,0;609,0.013440069307718589;660,0.283669498477832
839,0;685,0.12777629034506455;365,0.6343385705534926;186,1.5955260231245065;298,0.31346460904838813;800,0.8149756094686428;902,1.384900058462911;909,2.003647945231218;793,3.508918929763715;456,4.687921447567832;348,6.099608137523388;947,7.698119107778932;55,6.784250302297055;955,6.581231322031985;931,6.7222008086758;376,7.04621264441627;755,8.874578306055884;290,8.900029400947089;941,9.845414120767032;182,8.876061206538091;320,9.936209672667546;697,9.305866411293104;413,10.548049654975566;222,10.559132617696838;511,13.798213873571918;635,11.020272798939551;361,15.073868769319086;402,18.168677349731038;374,20.27086551548636
835,0;109,0.8464919832727348;1015,3.7684848066058083
428,0;533,0.6598411963372286;793,0.7704334095919803
244,0;498,0.29212174585025386;864,0.5327208363572253;1015,0.7212202368475633
51,0;542,1.214007958220353
521,0;180,0.03050506859821668
839,0;685,1.4434031998902903;524,0.025774877959549525;298,0.7042702878968148;110,1.6750050662152098
393,0;26,1.343238279152877;673,2.717027404445865;461,2.941705325362971;780,2.865539202236877;697,3.1990384323649925;889,5.163181812649615;324,5.913113858855866
549,0;356,2.2590628035458096;761,6.378163433582176;878,2.3008157809731626
770,0;145,1.220421466400057;204,1.8600429448056057;214,2.1238990964662183;476,4.1061712557245915
22,0;233,0.22318803604869292;336,0.9908092094081002;236,0.8689644074596548;629,3.135636407758392;447,1.5115955377890344;283,1.51297797834463;368,1.2990970178746188;251,1.1647863822365858;697,2.35994934014359;922,1.1332495166953132;767,3.4808062117471117;839,2.591307140153289;685,4.3704789771372194;365,3.734956247843679;298,3.7296030454455757;606,3.818018760543482;664,4.613605252719808;524,3.9810236493599906;110,4.751477131658877;800,6.125988575113322;141,4.829115309048403;902,6.4637375053824115;760,6.236604170086495;658,6.271762739783681;112,6.772830094845084;532,7.300574526545141;451,7.066380802067067;846,7.101578849163734;60,7.559783687307901;523,7.603735517685823;434,8.425920826517359;527,7.870266722332219;546,8.721163144987424;341,8.686370552815731;582,8.470983528801629;305,9.642766439829664;384,9.956414441841542;770,10.390739052378528;145,11.366167307597177;204,12.833708071357156
279,0;217,2.6070580099637177;170,0.09340249151509779;846,2.878926899478925
625,0;775,0.4890058505233385;310,0.6027704044547766;238,0.5524874998551125;988,1.160091967485546;933,1.254152357863187
934,0;812,0.04111453014231515;302,0.5195344165119684
70,0;789,0.36533095793657855;431,0.4747103744790894;534,0.5504053918344742;274,0.5047233930094371
911,0;3,1.1732679500286656;144,1.955873392507663;966,1.8474564965133142
581,0;413,0.6477730117772682
923,0;137,0.08633875554321234;104,1.2838391396568571;111,3.0639458336257395
220,0;985,0.05191463970097284;42,0.5597575058209597;637,0.0767299421029221
256,0;404,1.1622105372518956;196,3.7530544860689203
24,0;126,0.28156783776778005;421,1.0384029253231812
288,0;632,1.097403968148761;258,0.6434289705614071;518,1.0700723807117076;142,2.272635495865884;262,2.289408529287277;171,3.4933035947610973;82,3.3680170687087756
363,0;816,0.19564813577833992;1020,0.21721563614588307
962,0;370,0.8216084345580643
915,0;774,1.3483265678215033;106,2.6331945237009937
592,0;433,0.6093773685944526;971,0.9384639454092522;250,4.065744172009882;409,0.9789326886368894;813,1.3418731727352728;874,1.8250383734513156;67,2.353327851987608;969,3.3317504733702075;577,3.573135757902748;678,6.93223969022757;521,5.342810396583847;157,4.718765391884466;953,5.940278593417497;710,6.598352122216225;85,8.354922602346871;573,6.153259783448978;286,6.424511290094989;616,6.336986298381279;119,8.348515015363583;629,8.81117714904313;539,8.494990603883277;763,9.428836867640946;879,10.479002955161935;606,9.31541642849795
727,0;715,1.1645627991825
138,0;422,0.04632418585526373;876,1.6260589393655842;349,3.3809473829663115
841,0;797,1.1768796696995425
238,0;186,0.01732794489105405;202,0.6022561986643439
111,0;729,0.26790620984965113
165,0;170,1.294445874352023
254,0;122,2.906177593386749
292,0;901,0.5850386675715726
325,0;17,0.19571021279192952;165,0.817421873964966;82,0.6201052272602616;425,1.9353006894000981;772,4.069221927473633;805,5.462275684808059
505,0;920,1.7634595587592614
682,0;217,0.46464402023611023;0,1.037088603638689;846,0.8502420572186956;60,1.3154995040699802;523,0.934164810103013
61,0;562,0.7974020947073887;991,1.4461454972222314
368,0;974,0.6364012998756379;820,0.6914457637686369;242,0.8964591503910346;632,3.330237281319059;74,0.7019017987471963;262,4.79005066226396
246,0;32,0.39614325718791327
755,0;941,0.9551778244278811
1016,0;649,1.3285771132734405
43,0;874,0.41247315849422017
629,0;606,1.1298715338014267
361,0;402,1.4633196620963504;374,1.601137178760005
864,0;391,0.16075111223568334;608,0.2880255620114267;267,2.428543531252006;919,3.122408749630968;520,3.223579022838754
363,0;816,0.25219009747896926;1020,1.2018077414589157
954,0;944,0.5685396502862565
141,0;580,1.972913718135644
519,0;40,0.4029089985546077;340,0.2669225422874283;871,0.8160960976373124;983,2.2338995338560403;792,1.1319511337330415;592,1.3006160662063095;739,1.542376390541754;346,1.2023363879990236;943,2.8145499407903873;433,3.009719524197657;718,2.2340238055473085;919,2.287592188217215;456,2.993746432844835;520,2.3597244522119194;271,2.422022179787863;664,2.535290010713879;230,3.16169661915519;141,3.3764920306308097;348,3.10651483614802;55,3.9661341227001006;679,4.1022169527355;955,3.5034741556442635;755,4.550279968946711;180,4.532852534780958;290,4.577975345972673;182,5.264473220627244;320,7.0120304453818;413,4.924549459762474;635,5.03071770474274;204,5.072688607915702;214,7.7801539635821975;688,9.212301497207706;697,6.484223375313785
554,0;402,1.15782975558172;976,1.4033879636077242;374,2.124803725488077;78,1.5800701912837447;605,2.8398065959831125;908,3.5056900594658016;147,2.375921616683301;467,2.8724222750481707;674,4.291167822659792;1018,7.523617783808382;534,4.475916576037292;485,5.429056907567762;411,5.960851938140861;223,7.738692901724191
731,0;728,0.4493304228743781;740,0.4809950316772178;842,1.5514485161681084;970,0.771985912619627;841,0.4925574458752701
277,0;436,1.0327492737727275;602,0.29544604972535443;252,1.0824535634463326;935,1.0852920981800787;188,1.1623946422684872;59,2.6075212137183867;705,1.3286197845245138;611,1.5924480828994603;471,2.8890689009465333
413,0;635,0.03530005768210389
155,0;813,1.1107162858267081;887,2.729329593261533;209,2.8394716308243155;822,3.031722728048083
309,0;119,1.4420494789444356;514,3.085443777278251;870,1.8902230724064273;572,2.530990912907599;748,3.8288296859091018
836,0;248,0.17387228314952546
996,0;707,0.06661032341790439;1019,0.8335633797712003;659,0.9990922899116678;409,1.1521385449444228;813,1.4789612547521636;874,2.5544906340957896;67,1.5733977906547025;887,1.8460076775118763;822,2.216127968119312;971,5.060648190756789;905,3.0281427835436148
272,0;822,0.5994349333356153;971,1.4231530579162166
741,0;933,0.3499081978346276
912,0;480,0.47160354520034486;127,0.16143068432206592
862,0;556,2.029498032698661;525,0.29208973978047903;447,2.924948446374244;408,3.0758632127926075;25,3.5003700316468263
924,0;65,0.2828746289468596;379,0.29227472693759043;104,1.0936130784228333
130,0;140,1.4090871681527977;287,0.20973827372096698;931,1.5181484284356221;518,2.6081443616043143;846,1.9394237152613119;899,1.5320653756081442;714,1.8089145724528577;799,2.0487357949476204;298,2.1560377131259907;300,4.641934736874911;354,3.1519740936964764
833,0;984,0.7366696974713279;402,1.2575737448344924;505,0.752216418493556;557,2.7055555147612553;783,1.6184276094621965;920,2.975992204937733;976,1.2583964256370286;374,4.220007473521628;78,2.09910171031112;605,3.9006033401402065;795,4.9612827395224235;181,3.143208160723946;147,4.363521867075502;467,5.890205773512746;39,6.397713547852662
915,0;774,2.249296862107271
241,0;708,2.623970122852861;488,3.6375697092690356;782,3.1291165623175132;801,3.4367111939911856
340,0;871,1.6249212254494567;983,0.7738667652867611;592,0.5830305657481728;433,0.644732789552126;971,1.6225470379132791;456,1.7757291436865588;315,2.9399733920279534;937,2.712332406894057;409,2.460228357651972;348,1.9182583579079184;947,3.1158330603148117;955,3.296645279290607;813,2.5014147577382917;874,2.502213427124681;67,2.5087008455347073;887,6.0767526527356495;905,2.756791722809006;678,2.9855488672978283;858,4.664446876532107;499,3.042571417273282;511,3.9119636103587947;539,3.8758500854173366;999,5.187406042301324;931,5.832258734465327;920,4.987311295609319;361,5.560583818780255;181,6.077840400117019;259,5.028954584863754;839,6.5048693158300175;837,5.2510829396667065;912,5.277636607261548;492,5.88646185715045;480,8.662581292857695;42,5.666179879268304;846,6.103166263590151;113,6.976498192819166;209,6.820355892655895;685,7.338837246866094;365,6.746279318014676;186,8.9282717368348;597,6.55597566861173;196,7.2559667475495235;800,8.512951804725725;909,9.135706461034614;202,11.353918946340205;793,9.465077548365873
533,0;793,1.026854032756602;456,3.2608651536875315;348,4.201604674518203;947,5.2755379714968464;679,7.3214648852939685;955,4.940388202612768;180,7.458134928254054;920,7.498427230099158
496,0;230,0.12199270369478996;62,1.628220515798209;362,0.28660151335107914;963,1.1745988869239796
629,0;606,0.2937608999714645
700,0;283,1.0390844960053292;183,0.1670985838077183;832,1.854498300615843;767,1.8670936420886741;361,1.9219885127266578;42,2.215076297315532;402,2.2499269077031783;976,7.798120096990482;374,3.9955864233198297;664,3.2120615256211735;226,4.408248671802084;147,6.304370828532637;544,8.850021663118072;600,5.145544259744174;997,4.991676594027905;467,6.467260498041858
450,0;212,1.3174719545029534;292,2.3508556408053187;46,2.6467910141249726;805,2.6622215278165613
292,0;460,1.774660438801362;901,1.7201786701995785
112,0;451,0.7213217389460062;846,1.7315972415162273;523,2.978421882962902
317,0;914,0.6434616855448644
766,0;130,0.0201166597941053
101,0;243,0.2245541633319231
834,0;84,1.1625538543206582;941,1.4267657696633387;419,1.8700949055386402
927,0;151,0.5074158006046324;369,1.9451856410285453;814,5.4990017353143505;736,1.2179033828417873;118,2.247354842187746;370,3.8340702600578114
267,0;965,1.5605191345580502;919,0.26321036990778607;520,1.721083252908321;655,2.2896761064196;271,2.6313360590956183;230,3.107588660299085;899,2.633774885652894
964,0;658,0.028040078069408197
441,0;947,2.541158255547361
458,0;820,0.9382213166670993
221,0;1002,0.7928488635567603;409,1.3590165786845039;731,1.148078117172447;524,1.9509271363668248;813,1.9843126443952552;723,2.862672000729523
294,0;373,0.2400120827451315;877,0.5117787464922691;502,0.5407079371188898
436,0;252,0.5786488252365377;705,0.316770623405872
340,0;871,0.37592954872082196;592,0.7715059950986625
523,0;546,0.14425920498783198;236,0.43369728869694635;384,0.8964775312035166;368,1.214046413320242;770,1.664774402625811;974,3.046833158048513;145,3.3109454312597584;820,3.0693486066425355;74,9.207056399719583;204,3.5161752758213534
1009,0;309,0.16895799399331352
676,0;271,1.5224135663581115;931,0.3525468055510556;846,3.169407862040294;899,0.4550189191212246;230,5.2459657009012455;60,3.3249821730325304;527,3.6729222882345254;362,6.226169978117142
441,0;947,0.3617409776630362;185,0.6616524704874145
517,0;890,0.4514991094325959;675,0.958342763228188;645,1.1329552381535148;0,1.3215448961544174
895,0;238,0.1262390467520844;568,0.45004238604338687
923,0;137,0.14454794078497968;104,1.4588980453817293;111,1.830252243651227
8,0;780,0.23472970329250378
399,0;46,0.3427781795702541;805,0.6303161211698604
1019,0;296,1.0081235834098352
7,0;89,3.7875192197354
662,0;164,0.8999435103229267;332,2.522195078711284
995,0;541,2.0295806379942736;377,2.4152925869324875
700,0;183,0.7062344600344578
717,0;758,0.9342042842260476;529,0.9860306366849064
990,0;732,2.045930315680102;847,0.898281515258884;820,2.6136707127617154;74,6.529770650406558
509,0;515,0.4009775001911674;103,0.8756235361556376;730,0.9941370977204637;1014,1.5981157894623959;69,1.2698209845281259;211,1.3802879819685412;419,3.0450004299864575;24,2.1001649358100236
760,0;637,2.460701746763818
96,0;911,0.7684889797974427;496,0.0657580756513151;485,0.8173124706064661;555,0.5450682267247017;230,0.28202072774250286;62,0.364648058003468;362,0.8941222889241786;196,2.1174350682665204;70,0.7217504785810492;565,3.214223956002975;431,2.7720278398790663;3,0.785526950013302;144,1.4976271635707281;216,0.9967289325423914;966,1.5646636951657404;411,2.347625825372339;107,1.257625734530615;801,4.6110570170293155
816,0;63,0.6656521876670186
111,0;729,0.6542373471918832
639,0;357,2.676662252464771
99,0;132,1.5683180581252423;972,0.5544649112473286;453,0.822314807360994;1001,0.9842647862677572;468,2.1711005512352943;367,1.971698521177804
584,0;644,1.3169724437290184;575,1.5820541202647824;251,1.4204194179041092;247,5.615411976477989;355,1.7298061999357235;570,2.277513457559177;485,2.5939071439847274;606,6.219609403147633;827,5.865364788146426
