0,0
1,1
2,2
3,3
4,4
5,5
6,6
7,7
8,8
9,9
10,10
11,11
12,12
13,13
14,14
15,15
16,16
17,17
18,18
19,19
20,20
21,21
22,22
23,23
24,24
25,25
26,26
27,27
28,28
29,29
30,30
31,31
32,32
33,33
34,34
35,35
36,36
37,37
38,38
39,39
40,40
41,41
42,42
43,43
44,44
45,45
46,46
47,47
48,48
49,49
50,50
51,51
52,52
53,53
54,54
55,55
56,56
57,57
58,58
59,59
60,60
61,61
62,62
63,63
64,64
65,65
66,66
67,67
68,68
69,69
70,70
71,71
72,72
73,73
74,74
75,75
76,76
77,77
78,78
79,79
80,80
81,81
82,82
83,83
84,84
85,85
86,86
87,87
88,88
89,89
90,90
91,91
92,92
93,93
94,94
95,95
96,96
97,97
98,98
99,99
100,100
101,101
102,102
103,103
104,104
105,105
106,106
107,107
108,108
109,109
110,110
111,111
112,112
113,113
114,114
115,115
116,116
117,117
118,118
119,119
120,120
121,121
122,122
123,123
124,124
125,125
126,126
127,127
128,128
129,129
130,130
131,131
132,132
133,133
134,134
135,135
136,136
137,137
138,138
139,139
140,140
141,141
142,142
143,143
144,144
145,145
146,146
147,147
148,148
149,149
150,150
151,151
152,152
153,153
154,154
155,155
156,156
157,157
158,158
159,159
160,160
161,161
162,162
163,163
164,164
165,165
166,166
167,167
168,168
169,169
170,170
171,171
172,172
173,173
174,174
175,175
176,176
177,177
178,178
179,179
180,180
181,181
182,182
183,183
184,184
185,185
186,186
187,187
188,188
189,189
190,190
191,191
192,192
193,193
194,194
195,195
196,196
197,197
198,198
199,199
200,200
201,201
202,202
203,203
204,204
205,205
206,206
207,207
208,208
209,209
210,210
211,211
212,212
213,213
214,214
215,215
216,216
217,217
218,218
219,219
220,220
221,221
222,222
223,223
224,224
225,225
226,226
227,227
228,228
229,229
230,230
231,231
232,232
233,233
234,234
235,235
236,236
237,237
238,238
239,239
240,240
241,241
242,242
243,243
244,244
245,245
246,246
247,247
248,248
249,249
250,250
251,251
252,252
253,253
254,254
255,255
256,256
257,257
258,258
259,259
260,260
261,261
262,262
263,263
264,264
265,265
266,266
267,267
268,268
269,269
270,270
271,271
272,272
273,273
274,274
275,275
276,276
277,277
278,278
279,279
280,280
281,281
282,282
283,283
284,284
285,285
286,286
287,287
288,288
289,289
290,290
291,291
292,292
293,293
294,294
295,295
296,296
297,297
298,298
299,299
300,300
301,301
302,302
303,303
304,304
305,305
306,306
307,307
308,308
309,309
310,310
311,311
312,312
313,313
314,314
315,315
316,316
317,317
318,318
319,319
320,320
321,321
322,322
323,323
324,324
325,325
326,326
327,327
328,328
329,329
330,330
331,331
332,332
333,333
334,334
335,335
336,336
337,337
338,338
339,339
340,340
341,341
342,342
343,343
344,344
345,345
346,346
347,347
348,348
349,349
350,350
351,351
352,352
353,353
354,354
355,355
356,356
357,357
358,358
359,359
360,360
361,361
362,362
363,363
364,364
365,365
366,366
367,367
368,368
369,369
370,370
371,371
372,372
373,373
374,374
375,375
376,376
377,377
378,378
379,379
380,380
381,381
382,382
383,383
384,384
385,385
386,386
387,387
388,388
389,389
390,390
391,391
392,392
393,393
394,394
395,395
396,396
397,397
398,398
399,399
400,400
401,401
402,402
403,403
404,404
405,405
406,406
407,407
408,408
409,409
410,410
411,411
412,412
413,413
414,414
415,415
416,416
417,417
418,418
419,419
420,420
421,421
422,422
423,423
424,424
425,425
426,426
427,427
428,428
429,429
430,430
431,431
432,432
433,433
434,434
435,435
436,436
437,437
438,438
439,439
440,440
441,441
442,442
443,443
444,444
445,445
446,446
447,447
448,448
449,449
450,450
451,451
452,452
453,453
454,454
455,455
456,456
457,457
458,458
459,459
460,460
461,461
462,462
463,463
464,464
465,465
466,466
467,467
468,468
469,469
470,470
471,471
472,472
473,473
474,474
475,475
476,476
477,477
478,478
479,479
480,480
481,481
482,482
483,483
484,484
485,485
486,486
487,487
488,488
489,489
490,490
491,491
492,492
493,493
494,494
495,495
496,496
497,497
498,498
499,499
500,500
501,501
502,502
503,503
504,504
505,505
506,506
507,507
508,508
509,509
510,510
511,511
512,512
513,513
514,514
515,515
516,516
517,517
518,518
519,519
520,520
521,521
522,522
523,523
524,524
525,525
526,526
527,527
528,528
529,529
530,530
531,531
532,532
533,533
534,534
535,535
536,536
537,537
538,538
539,539
540,540
541,541
542,542
543,543
544,544
545,545
546,546
547,547
548,548
549,549
550,550
551,551
552,552
553,553
554,554
555,555
556,556
557,557
558,558
559,559
560,560
561,561
562,562
563,563
564,564
565,565
566,566
567,567
568,568
569,569
570,570
571,571
572,572
573,573
574,574
575,575
576,576
577,577
578,578
579,579
580,580
581,581
582,582
583,583
584,584
585,585
586,586
587,587
588,588
589,589
590,590
591,591
592,592
593,593
594,594
595,595
596,596
597,597
598,598
599,599
600,600
601,601
602,602
603,603
604,604
605,605
606,606
607,607
608,608
609,609
610,610
611,611
612,612
613,613
614,614
615,615
616,616
617,617
618,618
619,619
620,620
621,621
622,622
623,623
624,624
625,625
626,626
627,627
628,628
629,629
630,630
631,631
632,632
633,633
634,634
635,635
636,636
637,637
638,638
639,639
640,640
641,641
642,642
643,643
644,644
645,645
646,646
647,647
648,648
649,649
650,650
651,651
652,652
653,653
654,654
655,655
656,656
657,657
658,658
659,659
660,660
661,661
662,662
663,663
664,664
665,665
666,666
667,667
668,668
669,669
670,670
671,671
672,672
673,673
674,674
675,675
676,676
677,677
678,678
679,679
680,680
681,681
682,682
683,683
684,684
685,685
686,686
687,687
688,688
689,689
690,690
691,691
692,692
693,693
694,694
695,695
696,696
697,697
698,698
699,699
700,700
701,701
702,702
703,703
704,704
705,705
706,706
707,707
708,708
709,709
710,710
711,711
712,712
713,713
714,714
715,715
716,716
717,717
718,718
719,719
720,720
721,721
722,722
723,723
724,724
725,725
726,726
727,727
728,728
729,729
730,730
731,731
732,732
733,733
734,734
735,735
736,736
737,737
738,738
739,739
740,740
741,741
742,742
743,743
744,744
745,745
746,746
747,747
748,748
749,749
750,750
751,751
752,752
753,753
754,754
755,755
756,756
757,757
758,758
759,759
760,760
761,761
762,762
763,763
764,764
765,765
766,766
767,767
768,768
769,769
770,770
771,771
772,772
773,773
774,774
775,775
776,776
777,777
778,778
779,779
780,780
781,781
782,782
783,783
784,784
785,785
786,786
787,787
788,788
789,789
790,790
791,791
792,792
793,793
794,794
795,795
796,796
797,797
798,798
799,799
800,800
801,801
802,802
803,803
804,804
805,805
806,806
807,807
808,808
809,809
810,810
811,811
812,812
813,813
814,814
815,815
816,816
817,817
818,818
819,819
820,820
821,821
822,822
823,823
824,824
825,825
826,826
827,827
828,828
829,829
830,830
831,831
832,832
833,833
834,834
835,835
836,836
837,837
838,838
839,839
840,840
841,841
842,842
843,843
844,844
845,845
846,846
847,847
848,848
849,849
850,850
851,851
852,852
853,853
854,854
855,855
856,856
857,857
858,858
859,859
860,860
861,861
862,862
863,863
864,864
865,865
866,866
867,867
868,868
869,869
870,870
871,871
872,872
873,873
874,874
875,875
876,876
877,877
878,878
879,879
880,880
881,881
882,882
883,883
884,884
885,885
886,886
887,887
888,888
889,889
890,890
891,891
892,892
893,893
894,894
895,895
896,896
897,897
898,898
899,899
900,900
901,901
902,902
903,903
904,904
905,905
906,906
907,907
908,908
909,909
910,910
911,911
912,912
913,913
914,914
915,915
916,916
917,917
918,918
919,919
920,920
921,921
922,922
923,923
924,924
925,925
926,926
927,927
928,928
929,929
930,930
931,931
932,932
933,933
934,934
935,935
936,936
937,937
938,938
939,939
940,940
941,941
942,942
943,943
944,944
945,945
946,946
947,947
948,948
949,949
950,950
951,951
952,952
953,953
954,954
955,955
956,956
957,957
958,958
959,959
960,960
961,961
962,962
963,963
964,964
965,965
966,966
967,967
968,968
969,969
970,970
971,971
972,972
973,973
974,974
975,975
976,976
977,977
978,978
979,979
980,980
981,981
982,982
983,983
984,984
985,985
986,986
987,987
988,988
989,989
990,990
991,991
992,992
993,993
994,994
995,995
996,996
997,997
998,998
999,999
1000,1000
1001,1001
1002,1002
1003,1003
1004,1004
1005,1005
1006,1006
1007,1007
1008,1008
1009,1009
1010,1010
1011,1011
1012,1012
1013,1013
1014,1014
1015,1015
1016,1016
1017,1017
1018,1018
1019,1019
1020,1020
1021,1021
1022,1022
1023,1023

750,0;153,0.05762335718874738;52,0.20788299635504126;238,0.7238621454323737;702,0.7174833618346549;768,2.894078475153604;392,0.9398913394285244;769,3.149435995231496;344,4.868586361550532
677,0;909,0.7058104395275538;404,0.004135274673638877;336,0.14679287616737502;110,0.7390427850015517;680,0.8390202907262521;839,0.19568660605274793;922,2.0216319960650933;566,2.668230275650431;933,4.044647573827302;869,5.4560084747485105;54,6.060504428336349;993,5.847663736546582
528,0;616,0.3062703122932647
293,0;227,0.35574726918083566;722,1.7364520270849972;425,3.561387105067948;451,2.4384729108160537;846,3.116702837954689;60,3.1943993716141317;523,3.959796405783626
810,0;735,2.525214875317561
37,0;4,1.0912407528172776
95,0;740,0.4245315420320468
230,0;362,0.19331661967646002;963,0.21450162308483425
316,0;956,0.33865312031729977
892,0;697,1.409462822737668;839,3.211800105418973;685,4.269214822657299;186,3.431832247594466;597,3.8368801074122296;524,4.3268030982435475;298,3.7236589209639464;909,5.209551315309014;367,3.7372903760144447;110,5.146986649432712;793,6.259552315283016;456,6.927090472292791;348,8.039242502165518;947,8.344839078337332;679,8.454788429186715;920,9.899270193433123;181,10.009764490544802
270,0;990,1.6105652430840873;84,0.9423970485813415;431,0.23870879383082547
11,0;258,1.8364823387005786;15,1.3109050001576865
184,0;748,1.3325535223119858
554,0;402,0.7546866956506846;374,1.007404914011763;908,1.8503193606175847;147,1.6109324002930765;544,1.551548587928381;674,1.6904763497775972;411,1.732521070813578;1018,2.249657144564525
443,0;408,1.9456777585317446
99,0;132,0.5716365872845725;972,1.6222845001350878;367,4.4053012435310555;453,2.2752116205176955;151,3.451423299219978;103,4.2073457604807185;736,3.4654324548217708;118,3.6890029756230183;1014,5.3315915932896605;69,6.241077454254975;1019,4.530434423334798;296,4.849030907768995
175,0;123,1.2299198978842265
767,0;664,1.8309808863299104;141,3.3468432293581163
880,0;138,1.4624505662281024;422,1.9845137071153145;93,3.8658569606848436;834,4.832269416730776
598,0;535,0.4547564405616608;842,0.35082681587990944
876,0;349,0.17606405175293555
1011,0;157,1.6917469803675849
410,0;989,1.7482977109286546;997,0.11631820994650797;799,0.7141204388168968;626,0.9588652378238791;298,0.8202965081718627;288,1.9901251513565787;768,3.4447699820410866;258,2.9509746413783695;142,3.697906996425747;971,4.312676378389324;344,4.809343435213885;250,4.8764454395926
987,0;612,0.8407165543483436
619,0;409,0.2502854480679713;874,0.5558274267976282;905,0.9346655853169474;858,4.574906073444567;996,1.2941021449706178;986,1.6015401205670874;1019,1.700941550658693;424,1.6140061608097644;774,1.6205249972686917;106,3.7963581354072997
792,0;739,1.015462819922064;654,1.4244140208125997;166,2.9410427914615944;207,5.253670722835108;484,8.55820433314199
307,0;355,0.3435390776732023;486,0.5475862802072552;119,0.6948915370455525;514,2.6251563542578835;870,3.107768889837584;748,3.310586456830106;225,3.3042051064432982
825,0;933,0.48501364544370384;510,0.540930666260617;827,0.7834217581088382
397,0;295,1.7202422241091715
251,0;952,0.09719477731732078;355,2.5698090386335353;570,0.33417828740602307
413,0;635,1.1983060584339191;204,1.4710480281389593;476,1.6222024685226302
54,0;639,0.9832072553552076;619,1.2900090376670965;357,3.5676854400244977;700,2.5278163483200267;183,3.0380377162193946;0,3.0449254386943205
301,0;11,1.1937829562900493;258,3.598087196118322;142,3.5992046235906505
585,0;124,0.4133086813722412
62,0;196,1.1882347382795666
127,0;305,0.2502008984945417;530,0.08367348420104248;515,1.6182986153035952;817,1.2977564825698458;752,0.8351202587994384;562,1.596758170380378;308,1.0433422113833055;274,1.466965997731592;849,1.5670978032410945;103,1.6493105337065146;1019,1.766414976171163;211,3.9420474775449543;296,2.0070172008083103;24,4.691516391776293
540,0;253,0.08036801979912409;779,0.7374279675144826;469,1.8554574561815103;921,1.0474226022198263;834,1.0373316184252215;112,1.9159196956463982;163,3.3646705826955206;790,2.475956358186505;31,4.05811543221016;901,4.878681053888705;199,5.283446317578921;892,5.31109196819627;80,5.497531076630496;697,5.490616942828342;839,6.886213401416654;365,7.06511654057967;186,7.540168657312446;597,8.023343421541199;524,6.949734272260447;298,6.914962759240792;909,8.373279703755099;368,9.228801705895622;367,8.595281107780508
340,0;871,0.1592008688456465;983,0.5538496016057423;792,4.317010501577848;456,5.576682415950637;739,4.948067630866755;346,6.012170930770521;919,7.313688833985843;943,6.043822752212278;520,7.83875065967936;664,7.883489333158178
866,0;972,0.2533916569189357;259,0.9419521462991156;839,1.5455859365301816;685,1.576315818691174;365,1.6078419080477635;186,2.102150870750549;597,3.1824379868641683;524,1.6283531773049864;800,2.8911523098963654;368,2.180594876652563;202,2.477470193005615;760,3.771022126992979;70,3.9966963076509345;319,4.088821582876577;261,4.329394590533199;517,5.028493695796631
712,0;594,2.9439195553156066;834,1.1639344836053946;84,1.9485520022660774;941,2.2090265711791606;419,4.030719805110298;321,3.506907307160212
44,0;953,2.348401899165416;573,4.578012983729264;616,2.395396139696415;42,2.614346553941665
381,0;199,0.10012014115557757;892,1.0129970265128392;929,0.30981350989488154
88,0;188,1.852101898678579
144,0;921,0.48476249753994494
96,0;911,0.16954463975867634;496,1.9057291289415161;485,1.2005838560584066;678,0.5331060338954423;763,1.8580516363936215;242,2.3038164124009857;860,1.8764233320754509;597,3.4698669871513035;84,2.213775489781419;472,2.3441184708007183;230,3.055408848953613
194,0;45,0.12895230666984564
566,0;399,0.6503257095350312;898,1.918149703851196;46,0.6805479920079347
891,0;287,0.5732024336307181;48,1.0085627161765178;416,0.6270402181577275;109,2.578819688866629
259,0;855,2.947493899835941
119,0;514,0.4845040034549282;748,0.5097554138107401
690,0;503,2.804699586576804
212,0;292,0.6130440334723425;46,0.41448366737917647;805,0.5582791834448976;901,1.6872553353915856
166,0;207,0.1299120168138027
728,0;970,0.5650447603176184;841,0.28703641402177826;797,1.9985230058554195;152,4.857919538784139
584,0;644,0.09843543631256126;804,0.5437692122858886;778,1.1348681791151352;575,0.005290824381622397;272,2.522825727336513
18,0;316,0.4032506216519321;956,1.7469324658724574
161,0;858,0.44790854614281717;181,0.5618227195132225
983,0;937,1.0541179242165635;868,2.653425885600993
347,0;169,0.2209364694790899
714,0;32,1.5729789874129099;799,1.3522607111457643;457,1.7723080630453243
398,0;775,0.39877670518398883;289,0.37695732704641843;20,1.5559851049967497;310,2.1041330821100415;988,1.6976753925942636
455,0;170,1.3753738966545017
766,0;130,0.054524171667571016
735,0;95,0.45148634343304067;740,1.6401270187477366
374,0;147,0.8187033290961567;544,0.6824616788829228
750,0;52,0.007426049336615214;238,0.007572063598285092
492,0;113,0.33967812615994036;196,0.42124249867085073
402,0;374,2.1916866398451473
564,0;180,0.6788941271966834
764,0;203,0.843608146354731
342,0;303,0.180727739257799
628,0;976,2.1961230478685834;622,0.10878123169310334
768,0;344,0.12357016478838949;732,0.4942901255926744;337,0.7421865867136941;820,4.687303277225755;814,3.7541678326765133;74,5.818032569560168
150,0;851,0.41821740992194745;114,0.688682103056999;714,3.17421153432899;32,3.4429866636129205
834,0;84,0.03294559038246726;941,1.1541793578412847
280,0;744,0.46884054384227575;923,0.7670156476404665;137,1.7578400956772577;104,2.4783245529443683;111,2.9596482534015354
288,0;258,1.3702518283517537;142,3.0974749321748662;171,3.102908294412233;630,4.645385965121991
539,0;920,1.699961305525266;181,2.678544425186752;259,2.4328981686689644;855,2.718816762267109;839,2.84248638725027;685,3.0386189686538803;365,3.127458927874514;597,3.701551429020232;524,3.5294406469260218;298,3.3765561229558707
799,0;298,1.3613972335719149;110,1.4136737982477316;1020,4.217382901283896
828,0;517,0.3005574192197089;890,0.4605628794747826;675,2.6840376634564342;0,3.496662617182305
604,0;689,2.2081511944629595
379,0;104,0.18463739813043956;111,0.6205467444746378
749,0;591,3.629768794865083;478,4.604200236138251;808,5.1509626950691345;108,4.234879778663079;627,7.008637893205755;485,6.163613505382117;861,5.077892976000302;486,6.0931124985381935;119,6.944837944002348;514,7.096973716635679;870,8.04131767117827;900,8.704032477123246;748,8.897605279337547;225,8.410746352876252
461,0;271,2.77349847275943;697,2.9045646483809913;1013,0.6705370533609741;889,0.8733220453440154;491,1.7173346515799404;230,3.814314954510631
422,0;876,0.2941134239543199;349,0.5977445405420426
5,0;352,0.7430996270876377
918,0;559,1.1074891427644822;280,1.8391377408124017;744,3.828435039119344
352,0;260,3.7085009861303266;575,0.6723240842296722
172,0;487,0.5954588337717779;326,1.371216882205629;398,1.7203753370217882;231,2.7512197450821607;566,4.5784672945352645;22,4.962220355894005;55,5.578983740339207;376,6.178177683703975;755,5.688241763522363;941,6.22336310697467;182,7.00705013808989;477,7.024225593807382;148,6.669882314548719;222,7.354245006893646;419,6.329992954064639;697,7.960423837072582;839,8.810021246901535;685,9.77590499301195;186,9.646063916024527;368,10.171231386482214;202,10.406461949468223
864,0;1015,0.08710301214433075
781,0;321,0.008175942027290658;315,0.19610038545355998;499,0.7494380779885168;999,1.7409789757198428;837,1.950020265664733;619,2.1212358472411985;912,2.0892034978668326;480,2.3633983879044456;700,2.8266853188987415
448,0;375,2.6050372728097155;863,0.5357115267105776;694,0.6933467947571578;395,1.7686789871655513
306,0;717,3.0553143161576233;758,3.3007714820286473;529,4.599452971388292
894,0;119,0.9394363346855793;514,1.4254139622031552;748,2.454791502834242
664,0;226,1.7468284397652714;945,1.9374981038873411;524,1.8838088159334365;101,2.1303523921111873;518,3.032063635521624;812,2.0008309136703555;302,2.89177729236291;243,6.0437881304188315
352,0;575,0.29827929176106766
371,0;974,0.7832277728928069;197,1.4245514756132833;353,1.8811146781033303;820,0.8146043052197923;242,0.9649254994584344;632,0.9424426065098481;74,1.3142423451273868;262,2.349493405386238;907,2.2724303305828615;603,2.378560385880406;998,2.847113205589892;559,3.4794978554745413
227,0;222,0.45450890378185255
546,0;236,0.13492243563231304;305,0.3818632130705059;283,1.5696317598421665;368,1.7405345998951092;251,0.619538914622414;247,2.6733627915978984;570,1.1090565397238292;974,3.973123593258321;606,3.2512937865354146;827,2.801208111152771;902,2.8013078791780397;876,2.88430412441965;50,4.401506339933566;242,4.656937231605146;985,6.508052973807653;186,4.761009133758451;909,5.088959632764743
246,0;32,2.11943748889552
109,0;583,0.9642315785338121;406,2.2463024548323562;743,1.046603488410102;881,1.2734024816861471;353,1.2606715426601687;603,1.6149517213575035;224,1.2907205018495682;559,2.133843643926843;280,3.3680062267188484;212,2.4285653065080623;828,3.0044783835882467;192,4.6366385226643505;796,6.047381172293585;46,3.7268742453471155;517,5.2099589019302535;744,5.409475888591954;660,6.75342383191684;918,5.103654725898098;890,5.60824004391098;645,5.72657957443616;294,5.845361072222712;373,6.807293858471716;39,7.7064420076541005;475,7.553967409714102;1003,8.961395904027004;19,8.074966840418318
766,0;1013,1.922428019065641
741,0;933,0.11990868931531684;162,2.7550968222843055
204,0;214,1.279391882996432
961,0;636,0.7662127613838942
175,0;123,2.503333806563274
691,0;484,0.24105320539524017
519,0;461,3.033232558080713;340,0.32813143078776913;871,2.3201939608330333;271,3.234335391060381;818,3.3832222986908036;1013,3.8932120491016957;889,4.822898733911764;230,3.693131661452742;899,3.3421266210980174;714,5.190269840500983;949,3.911179244165952;362,3.901742323006852;963,5.003158236346453;491,5.1570593684076895;553,4.181086206240489;678,4.2179145055559575;595,4.37498383598502;763,6.2731619930961475;443,5.686522911826319;32,7.330084644981023;860,6.461083443888275;597,7.20846214243531;472,7.50688863860257
111,0;729,0.29793241978781454
555,0;70,0.2374317604388512;565,0.2206076558918273;789,1.4651462992827886;431,0.7839886623081641;274,1.761877832779222;855,2.211381933661086
700,0;183,0.025718324806597595;0,3.1487465276106037
11,0;258,2.0297971041849516;142,2.45493574392646
663,0;840,1.2210998694007618
756,0;516,1.3308799099750177
369,0;671,0.4246900027781087;958,0.893685690186854
176,0;838,0.1078118121440275;853,0.30321055947232095;455,2.6959874170002167;62,3.9866243827211307;970,2.95565033697526;170,4.282211012313074;196,4.730881612965664
394,0;330,0.8927137892326832;886,1.1543604840257398
555,0;70,0.29958169038886884;431,0.7520842101726857;274,4.001222615786687
81,0;863,0.03746512087042;730,0.03662507005814889;494,1.1768819991269206;382,1.610569225394495;591,1.9938264658568081;808,2.724817565509512;486,3.509258920862375;29,3.902165235228944;930,4.149634922141316
107,0;478,1.3985778681152017;536,0.5378483164598125;484,0.671570523301062;485,2.3988333148821743;411,4.471376652347224;223,4.94232077511643
137,0;315,0.9845268603903039
652,0;525,0.24846788942942463
116,0;572,0.36158875682174124;485,0.02254756842041529
297,0;550,1.0537632868469102;852,0.19862475448114206;531,1.5650910454113514;107,1.8877217343126729
220,0;985,0.2726344897927114;641,0.026165770868082253;529,0.06453998364320865;42,1.3446945814961013
720,0;396,0.34501767544067613;68,4.850442635002075
134,0;201,0.6614041901245954;149,0.009043053390431285;709,1.1826081386390008;485,1.592729809075933;690,1.3032972763696093;721,2.803643522855665;503,4.7967882055175135;411,4.19670260861376;337,3.7349242200120094;223,11.335284855532494;403,7.8197547685010225;1019,8.074309181530557
492,0;113,0.1191836734380835;196,0.21638591701923063
247,0;606,0.3067132068161632;902,0.36545212234825497;50,0.32837183398239533
292,0;460,0.06230233089121954;901,0.22952654728191996
29,0;930,0.3849487334144474
671,0;958,1.2870380412830498
699,0;763,0.07656997406247301;860,0.6975062977773892;157,0.9615112061134923;472,1.211107080336389;953,1.9273566509268143;573,3.167290636067562;286,2.373694704677249;616,3.2999157426250276
836,0;248,0.05907655791014744;178,0.44320911912129884;763,1.242559616632505
490,0;254,0.5777227992049455;122,0.9650354331674464;92,0.7544706455791891;34,1.2373199947800737
336,0;839,1.2145308455908088;922,1.038500342169879;365,1.610897554368852
786,0;845,0.6107152780024359;198,2.0901558556151265
658,0;112,0.27774801149678613
951,0;277,0.11400906422568025;436,0.9131770876248111;602,1.1326963178915186;252,0.9430519650932206
228,0;468,0.5313532246004331
248,0;178,1.2441653669225743;763,1.3518038417855653
289,0;363,2.7242146731368857;816,3.2237924777248983;63,4.139381346591237;1020,4.1145594003761685
434,0;341,1.8089087796070658;582,0.3401432058853108;516,2.5107867688874315;240,2.1915073246466314;762,3.0562513385226118;24,2.9995909340816773;126,5.4270774693690935;660,4.256188838076756;421,7.093467759912032
644,0;251,2.26628722822991;247,2.6750086871559886;355,3.0162422366279573;570,4.266067134953037;827,2.9277739957795377;902,3.4694034951409707
188,0;281,0.3621946603205724
80,0;608,1.2349149103088992
69,0;680,1.0964218894915985;566,3.2854207545761884;399,3.4780083197332914;46,4.877305662491436
818,0;844,4.722158762582528;783,5.553604738065414;387,5.725692673026391;744,7.597395956594721;587,5.968439638237684
811,0;146,1.2268302278291918;762,1.3842973613169818;660,1.6009078156747076
717,0;758,0.4112832845844043
516,0;24,0.018011310731840917
488,0;369,3.4450134139344066;370,3.860742221088407
505,0;920,0.7989364902815789;181,1.8266626491731026
404,0;464,0.39244382082272206;915,2.1327703299101017;901,1.157341817188328;774,2.654134766392222
309,0;119,3.1714627268089743;514,4.069196134756748;870,5.019072095320164;900,4.324923108013502;748,4.643407517124864;572,5.112302430967254;225,5.531087137939304
926,0;160,0.7044644583432322;119,2.1781942500407294;154,1.0552688775465489;62,0.8460440644675775;196,2.3863325107317683;879,1.8739510066635199;870,2.3514160252524574
663,0;840,0.163373972882968
1002,0;409,0.8675352932851599;874,0.9666036172862766;905,1.9291853625051543;858,1.9773211610764179;996,2.925409778165774;707,4.086084237877424;1019,3.10109537177613;662,6.647663293879688;937,5.47542474350478;284,5.899502454551953;248,11.8143149111925;178,12.265620499631174;919,12.771866890520275;520,13.189530791347671;271,13.393060364509687;664,15.109847549187872;230,15.011101502813876;899,14.272824014160692;362,15.01281845729981;226,16.23517312854361;945,19.839858002789985;518,20.167273190817003;102,20.93480597011149;300,21.732964263765126;354,22.13320274353111
371,0;353,2.0647395076315935;603,2.7464675522764845
875,0;255,1.768093682539816
734,0;869,0.5389738754612824;278,0.25815274410720795;54,0.6360686425117974;993,2.599839030278382
919,0;520,1.9104345802858815;664,2.9967683378303716;141,3.7385847852176264;580,4.26910144743338
949,0;678,0.42981244064940044;595,1.8991787614379485;317,1.6535840890795617;763,2.3644639254289057;860,2.5235210635727565;597,3.594390613627575;157,3.6942146698569607;472,3.0828185564947104;554,3.1552584521722573
259,0;855,2.004828528345158
931,0;846,1.8014321809774099;60,1.903539106546555;523,3.111984808924391;527,3.655494782894423;546,3.6202906845270157;305,3.7278118063768746
955,0;931,0.37332966351213115
536,0;484,0.558107824445327
280,0;923,2.630932269409162;137,5.42021767245004;315,7.540853314106438;131,7.018917590487896;162,7.275414391227021;499,7.585587639036711;511,8.481677818746968;288,7.626787221135353;518,12.681867118761097;361,8.741940389522728;300,12.729176102990134
1007,0;689,1.4049195329816704;846,1.5019525728778618;523,1.566489795256229
103,0;1014,1.2073782802654165;69,0.14297391186509095;211,1.891928419836314;680,1.069905971548721;71,1.2983496665678982;419,2.0120386210530086;24,5.439880772255167;126,5.626853153923001;421,5.926472073275927
15,0;528,0.5862648691947997;760,1.376941580873497;573,1.7628923495120281;70,2.3352965494960802;319,1.9903462645508534
257,0;397,0.05322363272899228;295,0.6515047310861856
402,0;976,0.3159586827479343;78,1.1660845596442218;605,2.9432061838110086
559,0;280,1.1406808491085452;923,4.552046792163267;137,5.736912282976449;131,6.753363836690516;104,6.883117233727235;111,8.351271289177156;729,8.815667950466912
436,0;252,1.8801479140962658;705,1.4219801150781393;981,2.309312115755398;611,3.698748942485118;967,5.4676808885557655;471,4.081043421891548;971,5.470908174699686
438,0;998,4.9004358562706285;923,8.517493062823155
50,0;985,2.004072322641029;186,0.5447097784507062;368,3.8722881692878985;202,0.7591510427551413;42,5.364549091582166;637,2.9320675173707533
316,0;956,1.5538661948966819
877,0;939,0.014820863725706247;502,1.1030197171109797;726,0.1481364592836841;347,0.7697212804288048
638,0;580,2.0737035435535054
908,0;1018,0.8836028953322248;534,0.18739822984151855;485,0.9979928198836139;411,1.1497414235748578;242,1.4354130766109532;223,4.34037601022678;511,9.134466785257993;361,9.886667416863181;42,10.267021647116493;402,11.313000543403838;976,11.746848722329416;374,12.618739516187244;78,13.381320753254384;147,13.176368625638457;544,15.674676248699413;467,13.514162086463564;466,15.033620615521727;866,13.825782728409047;259,13.881151955352907;839,15.153478912242901;685,16.636589401236428;597,17.22230527835691;298,17.48200988755536;800,17.181235958260757
631,0;383,1.2282052939080181
272,0;822,0.39805243491561265;971,2.3609597178827118;250,2.6011255939148006;409,2.5139862997503704;874,2.8175466595506475;905,3.7111432575222816;947,4.9468403528294616
707,0;662,0.9486909620479018;954,1.8114262654022717;164,1.684678476663148;944,5.331998595573439
752,0;308,1.397931425344819;144,1.9868002182736801;921,4.205992890999397
52,0;768,0.1569617016087305;971,0.21395732792438293;344,1.3860418366532476;250,1.236888013705763;409,0.8438886901040608;874,2.1060708979302563;905,5.006653534645552;858,6.611304316956431;996,6.850043761979528;986,7.82185467082446;707,8.240113977312797;424,8.522215325309315;371,7.8853074894954895;774,7.929673940499316;353,8.091445937224053;603,9.160333606363352;937,9.124360605359396;659,9.746292834071545;954,8.247012572977868;944,9.035578611065429;846,8.745094304351554;648,9.374001862306892;523,12.642878400541594;868,10.133363619258763;559,10.83851569841715;437,11.2142447206164;280,10.996995883035263;645,11.955273961276198;923,11.845172202924948;321,11.177857126239015
874,0;905,3.4286246945799257;678,3.5053939327922907;996,5.486486340491937;539,5.298835069920255;920,5.709880522938946;986,7.035583118528228;707,5.985919395388641;259,6.550680707491817;662,6.722063937923981;937,6.331578623376748;659,6.050093204639079;954,5.998557684581471;868,7.040372627857523;855,6.578866901960143;774,7.422187179718107
321,0;315,0.6194161588368939;511,0.7982434676297903;361,0.8986277656710956;42,0.9204809338146309
924,0;210,0.013054331514928212
792,0;346,2.2715832996066836;943,7.348680615029135;634,8.777751638753674;906,7.424735634240074
355,0;486,0.13362492050920752;119,1.2153685408032082
36,0;735,2.728960387247373;583,2.0254799271509594;743,2.2282817880460097;881,2.4017495124088315
862,0;556,0.7281461255643208;525,2.505807747241059;835,3.1405469831086936;579,3.0706976267116035;879,4.130721613077858
883,0;617,0.2902176045198326
113,0;1020,0.1714167545418723
756,0;516,0.7329899829386374
683,0;784,0.1812543778112184
936,0;1020,0.2503527021128131;59,1.067156617975836
404,0;464,2.505829804712658;915,4.984528945240797;702,3.781966421607704
321,0;531,0.797552601204846;315,2.510674907560152;779,2.3789165758167923;499,3.4025612375326935;288,4.448937616476863;632,4.959252678877192;258,5.19967708529502;142,7.080252838615614;171,7.565150726946328
286,0;119,0.538616343296445;629,0.4578974935512867;514,1.2603583043048165;870,0.7042743983363315
713,0;980,1.8136252527554015
862,0;556,1.1360815238079318;525,0.6948919781921647;835,1.4041867611582806;579,6.296798227703432;109,2.2931912611741208;1015,4.580492861549995
100,0;305,2.2833390273432053;196,0.08889706790942657
204,0;214,0.3712149812431003;476,0.28762756552183555
120,0;446,1.175020668272862
400,0;809,0.2876882607025696
405,0;71,0.7371094393379988;301,0.7505560647967351;11,1.4244665439053255;258,3.3822663040669116;15,2.039928287032617;142,5.445141695824848;171,5.453533896124056;564,5.792787342227266;630,6.0341646279591465;135,6.7157220591517905
595,0;172,1.8681395910732495;953,2.5282762879135254;487,2.0324598061571666;398,3.4672561716448103;104,2.444428690538126;111,4.043917208900115;42,2.7831442680355836;775,4.530900178846876
456,0;348,0.6113883547920317;947,1.4750857707934324;55,1.497957070661455;185,1.8692215513132706;259,2.383525806994565;755,2.710175040309279;290,3.072497075527982;182,5.5806229051954475;413,4.257236860050157;346,4.342403409914051;702,3.351633449791542;392,3.449589655686709;81,3.87024119302206;769,4.082444652445116;863,4.055562222478534;730,4.0222699107696025;501,4.27678770147464;694,4.425753326092121;43,4.21514688543179;874,4.273887044789543;905,5.510599524360197;678,5.84658829587711;858,5.866753248700257;539,5.881244585284411;763,6.955188433707187
764,0;472,2.6031884109678645;554,2.734045926071548
832,0;767,1.046020392496924;361,0.26896454641466216;42,0.3153465719957721
817,0;849,0.3006184253642011
386,0;530,2.0337356444558528;817,3.6799473268969507;849,3.7833251489116204
410,0;940,1.2017163792717935;989,0.2879775268384861;997,0.41816693415983874;846,1.7153952247581434;799,0.3189102620570343;589,1.6291162749462589;768,0.46079295212721705;298,0.5888285998629701;740,1.2682168880651217;378,1.6169972090738427;523,2.0105596592911983;546,2.422807792518534;236,2.5572060492418665;384,2.4296023505826048;770,3.9873180411623177;875,5.887904336515489;145,5.561121086184897;584,6.7893826167410705;644,7.308606745000728;804,7.226541982227871;251,8.579272391809665;952,12.936280522566989;247,9.13010752464174;355,11.764917864163086
725,0;634,0.9841081520365668;28,2.321431684891594;660,2.358415269311935;121,3.639934609964986;567,2.4889285098203944;657,4.026528313074538;501,3.9980362902050732;517,3.884894152612797;773,5.05777043089837;974,5.520417289737561;561,6.54371604992327;820,5.988719387263081;632,7.389544818177731;74,6.738403967543738;688,7.06714012183
1008,0;110,1.687465504003054
917,0;424,0.41836480785091174;846,0.5438065659314578;60,2.093748247561405
961,0;636,0.9040358626474729;618,2.437699465592549
594,0;321,1.323361001558928
847,0;680,0.17169237844632662;71,1.252030154540702
949,0;659,0.3010545192707373;595,0.11027062992311366;172,0.34158082615092117;409,1.419550715728567;953,2.7516388089996338;487,1.3602736239303945;326,0.42992244340204033;104,3.417044360100996;813,2.0010833452207977;874,2.574506346466593;723,2.5406136051331676;905,2.8263049128163145;573,3.405205061816787;947,3.809695099681832;996,3.7462000054046234;986,4.141641381924926;185,5.260913326805208;601,6.637508678739262
654,0;166,0.2824413047191357;893,0.8843234782788492;97,1.5112170587427225;401,0.9794285374218468;850,1.7093215733842733
430,0;292,0.5169658775333037;86,0.1783008095883068;33,0.4893996911279782;957,0.7606564354884929;901,1.1223661355154653;467,0.9007293440481414;688,0.9468437522081511
355,0;486,0.16251927694576
664,0;141,1.6357036608360342
155,0;813,0.7948779921431595;67,1.450824282130827;887,1.7648878112622222;822,2.2997445538602483;971,3.5737731364925676;409,5.839458584883717;874,6.35041677962853
153,0;977,1.1115188983835116
1006,0;133,3.903322338968066;9,4.204159331713358;688,4.616995013511551
534,0;485,0.1267087998075038;411,0.19515446617001697;223,2.0806431084317056
366,0;417,3.6052292802548336
467,0;39,0.4654661692027807
194,0;45,0.7724143842789203
308,0;144,1.600470024999312
564,0;180,0.3529849578537848
924,0;210,0.658895846404007;379,0.6874262318327554;148,3.287374007788892;104,1.3334416981919819
414,0;10,0.10360385603707811
893,0;97,2.5034860787808983;503,0.15219589267672073;850,0.1846490320739921
809,0;522,0.4004814117636869;375,1.1546465513141841
736,0;118,0.8216502496856449
899,0;714,0.2570232260512536;32,1.6059286875890142;1013,1.4279288195533466;491,1.5720015620191945;443,3.22034928883693;10,1.8972631129769373;457,1.7867668589864814;935,2.790791241149922;395,2.5785367912544985;685,2.350139917677639;671,1.9029321866836064;958,2.8772744135685038;354,2.596517788263907;408,3.301070502783349;25,3.744552238985389
588,0;636,0.3385324408080975;8,3.3926204470155836;618,0.4538065451751064;780,4.095574916700943
112,0;532,0.2537744802039122;451,3.047574087242022;434,0.5600674278489463;341,3.518824779110881
874,0;905,1.7464568816264594;947,3.653194781975925;858,4.829363191377463;996,2.8100531539603084;1019,4.036683708181175;185,4.742413692456958
285,0;651,0.023727424448642186;1013,3.2749208024771677;491,5.115145788601678;553,4.204364861649349
397,0;295,0.2956302852629253
841,0;797,0.29729881073249165;152,2.8585630035742664
790,0;60,0.5250778223508814;527,0.9522662753439147
624,0;889,1.457332392585191
300,0;147,0.028102686522749644;466,3.542302007004195;597,4.298235537156969
125,0;170,1.6380913434447488
253,0;921,0.1868175524863285;949,2.4175512827984695;595,2.9398091908965873
1010,0;66,2.161662306434577;164,1.6298095316509795;332,2.003793741808586;748,2.652610769950801
139,0;842,0.1092305215544434;301,0.4011341534369474
327,0;336,0.4394936908748126;600,1.4525583583738975;839,0.5015480578003899;922,0.7419509880897834;365,2.2806153894673757;186,2.5545234202908804;933,2.1381174071205384;134,2.684295044268273;202,3.7247134161960442;367,3.119677483644234;149,2.805204765728535
458,0;446,0.10006765645775308;126,2.513351080770231;547,2.298559774657395
671,0;958,0.1741239369793763
681,0;754,2.192702594392288
1,0;958,1.042022015172417;506,2.4641928716060866
807,0;170,0.008243950640686556
528,0;616,0.41545897080481375;434,1.3402851067286428;341,3.7274393927863247;582,1.4150411942181684;516,3.209094928708772;181,2.086250706969707;24,3.534038684239857;640,3.369690287009971;126,3.558066714238155;240,4.271889233748147
356,0;761,0.563074720213613
676,0;271,0.4293093411302056;931,0.74235788826755;899,2.2219594612084177
311,0;655,0.09489575797966884;609,1.5930295625966024;815,2.031956153393966;660,1.8057033227997874
321,0;531,0.6089265759268798;107,0.672191060144842;536,0.9134135669957105;418,2.3394959046871833;199,2.78395640751087;892,3.3498677589211674;1002,3.1086420668042845;409,7.484164134398365;731,4.247006864586906;524,3.413157409296138;80,3.3665703098725053;728,4.563253298341167;740,5.492609143611218;327,4.432706613495062;336,5.875572694977868;971,7.004936737775248;970,6.6087697314881915;445,5.2069026935047;965,6.487519987080918;571,5.9010760937436;697,5.941863733548547;922,7.066037926362617;655,6.79807083917334;813,7.714813458232745
691,0;484,0.6004312976756647
940,0;740,0.3044399847181802;378,0.5347999406765128
344,0;732,2.9785019242123076;337,0.9021454851510036;814,4.746407292601321
307,0;355,0.08846013562090163
596,0;588,0.6372541918180252;636,1.819945776963303;8,2.853269380431266;618,3.0516904483474767;544,3.3281723342201;780,3.2615916728618157
738,0;264,0.6197775173096574
477,0;376,0.015999289457411324;148,4.045176838069227
41,0;889,0.6667316398014529
561,0;688,0.6170412236888838
215,0;444,0.23405141096051976;492,1.547892702796286;113,1.9606885453523164;1020,2.0586921397357796
670,0;895,0.8462051787232175;238,1.8315093980180022;186,2.5634848953547866;909,3.5774539680304356;367,3.1634277149504113
961,0;636,1.3460157828332717;618,1.5954931134637567
738,0;264,0.5714551942981616
373,0;227,0.4211391235178674
134,0;149,0.45446177587191494;709,0.8782429134127011;690,1.0487387613735115;758,0.9310589084611712;491,2.4333484106924987;721,1.4887119593992344;503,1.9404289215030115;337,2.0508432835063335;443,2.4475485489764353;408,3.6225061384372372;398,4.2681614039385405;602,4.938286851126533
951,0;277,3.650342054631352;436,5.1496115184556555;602,3.7534927838752723;59,9.339630593459782
22,0;233,0.024328265553980648;336,0.1802724152428277;236,1.0168515451127058;447,1.8019820329159293;352,2.6950347369282723;408,3.400664687271886;260,2.956105835925972;25,4.023584824870942
5,0;352,0.5228523159594864;260,1.334014712388536;575,0.7687124554282952
953,0;286,0.30037858423252406;616,2.2782746209774394;42,0.6249047263951112
941,0;222,0.14197647374211633
410,0;940,0.2463133248091521;989,0.5524348464649969;997,0.49664874151701127;799,0.6269178863120991;740,2.0565680060791856;589,1.4608936486635182;768,1.6257026575230602;298,0.8910298272231079;110,1.0986438886858878;344,3.098000901560725;732,3.205658936818794;68,3.7472215532230733;820,5.313381087311169;814,3.92077622671683
201,0;485,0.8647314204180658
32,0;10,0.7655665055125207;457,2.925307401011042;935,0.78818334441031;685,1.48119174748001;800,1.6622811566353843;902,2.453074575915175;760,1.9252242640751542;70,1.9574892301998983;319,3.4878890345407694;789,1.9645390216819214;431,2.1154597271327638;47,2.8566463513011593;261,3.5653283751150755;545,6.673493275633491;517,4.2106656096778465
394,0;330,0.06260059585000215;594,1.2557149838353048
335,0;831,0.9530643466960637;128,0.3761514302743788;230,0.8706614913004056;10,1.3076072990005656;135,0.760449210979351;362,1.6273798219231144;963,2.262721401439104;671,1.6076569026566747
1001,0;468,0.05280876571330012
490,0;254,1.116559157425912;92,1.5028131951442085;151,3.8913336023429936;103,4.568154673362136;69,5.2420868173153075;1019,6.515901616926063;680,6.409354164152422;566,6.472296673406266;399,6.565239110818411;296,8.377249969977512;46,7.764077772232195
418,0;199,0.7310856788029031;892,4.519935383168479;929,1.0074185477065654;1002,0.8840992876363506;409,4.122526766467083;731,2.050365335156091;327,2.3528084727311716;600,2.8244414219186225;134,4.417396661543711;813,4.708223757810278;201,4.712953578558119;887,5.509168653980465;485,4.883893607371929;411,5.444150077345199;209,5.52636256164928;545,5.927609659598053
598,0;535,2.5605597286551673;842,0.050221057637227194;1002,0.44969601589269753;409,0.7061765141438912
120,0;458,1.4978822152166227;446,3.8757951270615987;820,2.6994617222176265;632,6.106789032801425;74,8.787856710941654;547,5.606611179918929;96,5.780972388711533;496,6.629601888809846;485,6.521815110481183;555,5.999094555788027;565,7.389401256778813;262,8.16313539790659;242,7.9523835787153345;62,8.525510592698076
2,0;667,0.911391288787729;518,0.9020886408361896;300,1.1316208071604827;354,1.3813152098613242;900,1.07679636785588;578,1.9153516513419002;238,3.046026372860061;499,3.802527352770704
938,0;704,1.4443677147876834;456,0.1604272971011851;129,0.32591878442106376;348,2.629324870823509;947,2.781777000938241;55,2.9252249346147825;955,2.7648975734606664;931,4.009988803407131;846,4.503465386382135;899,4.611617788760999;60,5.052527646434453;527,5.23115814698841
539,0;920,1.3986298528509318
950,0;250,0.3783030363785649;921,0.10783533884311376;157,2.21546485731552;108,2.563578190448704;710,4.830062728515728
466,0;597,0.9488491076248099
880,0;138,0.11550413194943572
