0,0
1,1
2,2
3,3
4,4
5,5
6,6
7,7
8,8
9,9
10,10
11,11
12,12
13,13
14,14
15,15
16,16
17,17
18,18
19,19
20,20
21,21
22,22
23,23
24,24
25,25
26,26
27,27
28,28
29,29
30,30
31,31
32,32
33,33
34,34
35,35
36,36
37,37
38,38
39,39
40,40
41,41
42,42
43,43
44,44
45,45
46,46
47,47
48,48
49,49
50,50
51,51
52,52
53,53
54,54
55,55
56,56
57,57
58,58
59,59
60,60
61,61
62,62
63,63
64,64
65,65
66,66
67,67
68,68
69,69
70,70
71,71
72,72
73,73
74,74
75,75
76,76
77,77
78,78
79,79
80,80
81,81
82,82
83,83
84,84
85,85
86,86
87,87
88,88
89,89
90,90
91,91
92,92
93,93
94,94
95,95
96,96
97,97
98,98
99,99
100,100
101,101
102,102
103,103
104,104
105,105
106,106
107,107
108,108
109,109
110,110
111,111
112,112
113,113
114,114
115,115
116,116
117,117
118,118
119,119
120,120
121,121
122,122
123,123
124,124
125,125
126,126
127,127
128,128
129,129
130,130
131,131
132,132
133,133
134,134
135,135
136,136
137,137
138,138
139,139
140,140
141,141
142,142
143,143
144,144
145,145
146,146
147,147
148,148
149,149
150,150
151,151
152,152
153,153
154,154
155,155
156,156
157,157
158,158
159,159
160,160
161,161
162,162
163,163
164,164
165,165
166,166
167,167
168,168
169,169
170,170
171,171
172,172
173,173
174,174
175,175
176,176
177,177
178,178
179,179
180,180
181,181
182,182
183,183
184,184
185,185
186,186
187,187
188,188
189,189
190,190
191,191
192,192
193,193
194,194
195,195
196,196
197,197
198,198
199,199
200,200
201,201
202,202
203,203
204,204
205,205
206,206
207,207
208,208
209,209
210,210
211,211
212,212
213,213
214,214
215,215
216,216
217,217
218,218
219,219
220,220
221,221
222,222
223,223
224,224
225,225
226,226
227,227
228,228
229,229
230,230
231,231
232,232
233,233
234,234
235,235
236,236
237,237
238,238
239,239
240,240
241,241
242,242
243,243
244,244
245,245
246,246
247,247
248,248
249,249
250,250
251,251
252,252
253,253
254,254
255,255
256,256
257,257
258,258
259,259
260,260
261,261
262,262
263,263
264,264
265,265
266,266
267,267
268,268
269,269
270,270
271,271
272,272
273,273
274,274
275,275
276,276
277,277
278,278
279,279
280,280
281,281
282,282
283,283
284,284
285,285
286,286
287,287
288,288
289,289
290,290
291,291
292,292
293,293
294,294
295,295
296,296
297,297
298,298
299,299
300,300
301,301
302,302
303,303
304,304
305,305
306,306
307,307
308,308
309,309
310,310
311,311
312,312
313,313
314,314
315,315
316,316
317,317
318,318
319,319
320,320
321,321
322,322
323,323
324,324
325,325
326,326
327,327
328,328
329,329
330,330
331,331
332,332
333,333
334,334
335,335
336,336
337,337
338,338
339,339
340,340
341,341
342,342
343,343
344,344
345,345
346,346
347,347
348,348
349,349
350,350
351,351
352,352
353,353
354,354
355,355
356,356
357,357
358,358
359,359
360,360
361,361
362,362
363,363
364,364
365,365
366,366
367,367
368,368
369,369
370,370
371,371
372,372
373,373
374,374
375,375
376,376
377,377
378,378
379,379
380,380
381,381
382,382
383,383
384,384
385,385
386,386
387,387
388,388
389,389
390,390
391,391
392,392
393,393
394,394
395,395
396,396
397,397
398,398
399,399
400,400
401,401
402,402
403,403
404,404
405,405
406,406
407,407
408,408
409,409
410,410
411,411
412,412
413,413
414,414
415,415
416,416
417,417
418,418
419,419
420,420
421,421
422,422
423,423
424,424
425,425
426,426
427,427
428,428
429,429
430,430
431,431
432,432
433,433
434,434
435,435
436,436
437,437
438,438
439,439
440,440
441,441
442,442
443,443
444,444
445,445
446,446
447,447
448,448
449,449
450,450
451,451
452,452
453,453
454,454
455,455
456,456
457,457
458,458
459,459
460,460
461,461
462,462
463,463
464,464
465,465
466,466
467,467
468,468
469,469
470,470
471,471
472,472
473,473
474,474
475,475
476,476
477,477
478,478
479,479
480,480
481,481
482,482
483,483
484,484
485,485
486,486
487,487
488,488
489,489
490,490
491,491
492,492
493,493
494,494
495,495
496,496
497,497
498,498
499,499
500,500
501,501
502,502
503,503
504,504
505,505
506,506
507,507
508,508
509,509
510,510
511,511
512,512
513,513
514,514
515,515
516,516
517,517
518,518
519,519
520,520
521,521
522,522
523,523
524,524
525,525
526,526
527,527
528,528
529,529
530,530
531,531
532,532
533,533
534,534
535,535
536,536
537,537
538,538
539,539
540,540
541,541
542,542
543,543
544,544
545,545
546,546
547,547
548,548
549,549
550,550
551,551
552,552
553,553
554,554
555,555
556,556
557,557
558,558
559,559
560,560
561,561
562,562
563,563
564,564
565,565
566,566
567,567
568,568
569,569
570,570
571,571
572,572
573,573
574,574
575,575
576,576
577,577
578,578
579,579
580,580
581,581
582,582
583,583
584,584
585,585
586,586
587,587
588,588
589,589
590,590
591,591
592,592
593,593
594,594
595,595
596,596
597,597
598,598
599,599
600,600
601,601
602,602
603,603
604,604
605,605
606,606
607,607
608,608
609,609
610,610
611,611
612,612
613,613
614,614
615,615
616,616
617,617
618,618
619,619
620,620
621,621
622,622
623,623
624,624
625,625
626,626
627,627
628,628
629,629
630,630
631,631
632,632
633,633
634,634
635,635
636,636
637,637
638,638
639,639
640,640
641,641
642,642
643,643
644,644
645,645
646,646
647,647
648,648
649,649
650,650
651,651
652,652
653,653
654,654
655,655
656,656
657,657
658,658
659,659
660,660
661,661
662,662
663,663
664,664
665,665
666,666
667,667
668,668
669,669
670,670
671,671
672,672
673,673
674,674
675,675
676,676
677,677
678,678
679,679
680,680
681,681
682,682
683,683
684,684
685,685
686,686
687,687
688,688
689,689
690,690
691,691
692,692
693,693
694,694
695,695
696,696
697,697
698,698
699,699
700,700
701,701
702,702
703,703
704,704
705,705
706,706
707,707
708,708
709,709
710,710
711,711
712,712
713,713
714,714
715,715
716,716
717,717
718,718
719,719
720,720
721,721
722,722
723,723
724,724
725,725
726,726
727,727
728,728
729,729
730,730
731,731
732,732
733,733
734,734
735,735
736,736
737,737
738,738
739,739
740,740
741,741
742,742
743,743
744,744
745,745
746,746
747,747
748,748
749,749
750,750
751,751
752,752
753,753
754,754
755,755
756,756
757,757
758,758
759,759
760,760
761,761
762,762
763,763
764,764
765,765
766,766
767,767
768,768
769,769
770,770
771,771
772,772
773,773
774,774
775,775
776,776
777,777
778,778
779,779
780,780
781,781
782,782
783,783
784,784
785,785
786,786
787,787
788,788
789,789
790,790
791,791
792,792
793,793
794,794
795,795
796,796
797,797
798,798
799,799
800,800
801,801
802,802
803,803
804,804
805,805
806,806
807,807
808,808
809,809
810,810
811,811
812,812
813,813
814,814
815,815
816,816
817,817
818,818
819,819
820,820
821,821
822,822
823,823
824,824
825,825
826,826
827,827
828,828
829,829
830,830
831,831
832,832
833,833
834,834
835,835
836,836
837,837
838,838
839,839
840,840
841,841
842,842
843,843
844,844
845,845
846,846
847,847
848,848
849,849
850,850
851,851
852,852
853,853
854,854
855,855
856,856
857,857
858,858
859,859
860,860
861,861
862,862
863,863
864,864
865,865
866,866
867,867
868,868
869,869
870,870
871,871
872,872
873,873
874,874
875,875
876,876
877,877
878,878
879,879
880,880
881,881
882,882
883,883
884,884
885,885
886,886
887,887
888,888
889,889
890,890
891,891
892,892
893,893
894,894
895,895
896,896
897,897
898,898
899,899
900,900
901,901
902,902
903,903
904,904
905,905
906,906
907,907
908,908
909,909
910,910
911,911
912,912
913,913
914,914
915,915
916,916
917,917
918,918
919,919
920,920
921,921
922,922
923,923
924,924
925,925
926,926
927,927
928,928
929,929
930,930
931,931
932,932
933,933
934,934
935,935
936,936
937,937
938,938
939,939
940,940
941,941
942,942
943,943
944,944
945,945
946,946
947,947
948,948
949,949
950,950
951,951
952,952
953,953
954,954
955,955
956,956
957,957
958,958
959,959
960,960
961,961
962,962
963,963
964,964
965,965
966,966
967,967
968,968
969,969
970,970
971,971
972,972
973,973
974,974
975,975
976,976
977,977
978,978
979,979
980,980
981,981
982,982
983,983
984,984
985,985
986,986
987,987
988,988
989,989
990,990
991,991
992,992
993,993
994,994
995,995
996,996
997,997
998,998
999,999
1000,1000
1001,1001
1002,1002
1003,1003
1004,1004
1005,1005
1006,1006
1007,1007
1008,1008
1009,1009
1010,1010
1011,1011
1012,1012
1013,1013
1014,1014
1015,1015
1016,1016
1017,1017
1018,1018
1019,1019
1020,1020
1021,1021
1022,1022
1023,1023

49,0;111,1.9134744745951;864,2.467599656388357;391,2.7669476576934917;267,7.108171981479929;965,9.535112521128967;919,8.105854554751302;520,9.593295967560728;655,11.897955006296154;271,10.635009303921104
326,0;231,2.1637964569193717;566,3.804939972313528;22,3.852514899921717;399,4.151703944959406;55,3.9955784825852074;259,5.234019684306847;839,8.86674855083041;365,10.108232381171723;186,9.12661974093608;524,10.002663974455828;298,9.524073309939102;909,10.487282626576743;793,15.68811220360412
762,0;660,0.04204669332793564
297,0;550,1.1414631305617642;852,0.6673887000347498;531,1.3545970031724743
51,0;542,0.19835525209189644;345,1.3259102462540193
674,0;411,0.9686916528227544;223,3.115016546122013
1013,0;491,0.2023924077855505;553,0.06046752692944017
536,0;418,0.28155869270763934;484,1.2083716372355726;199,1.4327613825122674;892,1.7518582184864875
717,0;758,0.6974378236476366
743,0;881,1.9424658197971474;284,2.502220533616536;224,2.248480329501904;248,2.750409104917836;178,3.416159057056045;919,4.0461240033654065;520,6.190276742850279;664,7.6194664330216675;226,8.155970213595932;141,8.723915339714496;600,8.212503772359268;997,8.7176204419641;134,10.766609425532728;149,11.524566326866063;709,13.389479688847757;491,14.02371023191991;443,14.429405629053015
462,0;964,0.3076908545761643
672,0;16,0.6497093329411893;208,1.338752791083405;710,2.427905664152443
852,0;119,0.40570885891452296;870,0.5397837979504103;572,1.269267949821597
1011,0;157,0.5642366983418435;282,0.0165296859643528;953,1.0484650499060575;108,1.4523322527764524;710,1.3991036428104375;616,1.5579482031639285
341,0;240,0.21381187277627572;762,0.8662137570174637;623,0.2198406987790893;660,1.157532719422624;82,3.4453585990356608
756,0;804,0.002345619862197484;272,1.1961751097212663
518,0;300,0.2138915655397703;354,0.040824813484953364;578,0.5216686353343069;147,0.5085238714487814;466,0.666605602604189;499,0.8082797513163426
857,0;592,0.12165460285867627
131,0;162,0.6789020071447379
426,0;536,2.373817190256051;472,0.02514400730271955;92,0.5208259548682591;280,0.1981503491270376;744,2.231442513219731;923,0.9889275558375501;34,1.0225301682729793;151,0.7610388647047547;693,1.311436421101952;103,0.9822362207182758;736,1.3344076505249096;1014,2.5858521447494764;137,1.512188596548089;315,1.5714141936559698;104,1.7616695282481931;511,4.637143347926599;484,2.9070989376791165
24,0;126,0.20403288194619684;421,0.7525400207453248
183,0;0,0.8337800199865556
8,0;544,0.8759239322397615;780,1.0152171593827408
542,0;718,0.17593080240354284;667,1.0807819249296868;425,2.7790746637197694
52,0;768,0.10762211450202205;971,1.64792885560206
471,0;1017,0.15137442204312082
895,0;238,0.052156970815083324;186,1.5117007477062019;367,2.9015450644980154
887,0;822,0.10129502320702138
135,0;972,6.377855508148986;453,6.610469285319235;1001,6.545163447287993;151,7.835138809001399;736,8.361300237355334;118,10.999479256998466
281,0;171,0.49233071901085723;564,0.5253987646522976;630,2.14835407620013;180,1.1758683035831194;135,3.4274075483425497;972,3.562322695207331;453,5.752548289745714;151,6.286612699272155;103,9.125482340771308;1019,11.399351767263969
378,0;215,0.2495091416383986
151,0;103,0.13451778135816378;736,0.6906728167403958;1014,0.9841854350821655;69,0.9424050537765916;680,1.7348162148000332;71,3.589174424880487;566,2.9543182704932107
820,0;632,1.5043663907078886;262,3.1744924731922666;82,3.5437878469669757
383,0;568,0.4561481580895765
799,0;298,0.18967115937104292
802,0;1000,1.6238253304067618
669,0;104,0.20703432420977524;111,1.3271152361131413;729,1.7502346143933536
542,0;718,1.3825994297832997;667,3.359896478149413;345,2.0143758914145002;530,3.5831205216505597;900,3.5724821400658;182,3.965511207253831;752,4.315614621273502;274,4.889157793657849
289,0;363,0.46260013762319474;816,0.47194461820646677
510,0;54,0.3924842917295954
212,0;46,0.38362749210944136;805,0.9192082252080883
436,0;935,3.422745148065478;188,1.8777700280902974;281,2.9990010730167453
997,0;626,0.48483873473382166;173,0.7241900425064194
285,0;250,2.137695028371208;334,1.749357337779555
691,0;135,0.20562711741744255;972,2.5429053165416917;453,2.6604115999964866;1001,6.828741087401999;468,6.966710088771226
431,0;274,0.21933628634704727
385,0;998,0.038947348628607034;923,0.901617231537001;137,1.305163427802259;315,1.3955239501186427;131,6.701392883761432;104,2.7760329082586086;499,1.7932569679857715;111,3.6561902664141077;729,4.359844631388471;162,7.837267562463682
995,0;541,1.6449618564750488
917,0;287,1.0269943268662185;931,2.7537343630998308;899,5.294046058932185;714,5.325797375718082;799,6.035408368839316;694,6.254229721481964
570,0;485,1.8815995034192925
638,0;580,0.02368848465897627;677,2.453501774756729;336,4.725785227302943;922,5.003889246906255
539,0;920,0.07771927161390049;181,0.24457323648378954;259,1.3343516547268666;839,2.1885201939311933;685,2.20311859395411;365,3.251034986561524;597,4.501259738841892
989,0;589,1.4452483985090556
854,0;842,0.1545129069444806;740,1.492188298372215
1,0;826,2.33594835158914;506,5.6603971094882715
303,0;998,1.7064166227048072;923,2.1243449646256494
157,0;953,0.9893145516521477;108,0.3172591692979453
957,0;467,1.6081268730461977;39,3.052050812406672;19,3.67053042843592
65,0;99,0.5994574316144474;132,1.9607668117087587;972,0.7569036064744479;1001,2.0283044059866775;367,3.1289580931038348;468,6.3745783500961295
577,0;521,0.7811140058767121;85,2.048546594912594;180,1.7865567605140076;879,3.2878028334346077
562,0;444,0.5188086386217647
154,0;488,0.6447094312298411;879,0.2179353071514219;748,1.4386251186865948
950,0;250,0.7810872778784492;157,3.525826719297866;108,3.878696446624073;681,3.8924719780756245;782,4.985056688789306;1013,5.2461796327838055;553,6.018355475631044
293,0;227,0.6565099251173492;722,1.1940428277767676
316,0;956,0.5074102758734101
708,0;782,0.07811377917856048;801,1.0565666106189393
7,0;89,0.14396102689373913
895,0;238,0.14295847500021197;186,3.903685090582795;202,4.274245015439781;367,4.550547888480767
679,0;180,0.4993489603717863;920,1.1244716653743922;181,1.9921461409200012;259,2.508912947984093;855,2.6885611239739813
934,0;192,2.7662251105413573;812,1.3549018320913593;648,4.204095977541181;553,3.343598784746194;918,4.1641040670281315;752,5.028681536471827;559,7.475618577112883;437,5.137544685145804;1010,4.655082259768607;66,4.8210620973299125;562,6.157254130933271;308,7.742946645132691;274,5.2586241617515945;280,9.398621663494055;645,10.643738725464386;744,9.67643400907361
533,0;793,1.752723267339455;456,2.0966731234487677;348,2.800603529932607;55,3.869756308809195;955,2.8281822083045216;931,3.3274243903002687;846,3.554528402884592;899,4.229557162699594;60,3.6464790810617633;527,3.827994725546486;376,5.2832414236273735;949,4.758329236183076;595,6.945871185327776;317,7.794974243225474;477,7.316657474507203;148,8.092255109599321
127,0;515,5.943476589027472;600,1.2055689256522957
92,0;34,1.3393847927361815;151,0.43823670355584926;736,1.4002195917982068;39,1.757645561006651;19,2.0009082110561835
145,0;204,0.04385979594862742
151,0;103,0.7709276683876116;736,0.4031057733236948;118,0.5839040316576313;1014,2.3981562340279248;1019,1.3319865600538585;211,0.7806311922894671;24,2.189241750551402
243,0;695,0.8444466427307451;296,2.0729950025375206;548,2.888599791596086
779,0;834,3.751608419936259
765,0;617,2.9652081989301124
175,0;123,1.7049161219809945
577,0;521,0.7965642542829776;85,0.8899262978584043;180,0.8722414892009347
516,0;24,3.7302333903301905;640,1.103548522212353
395,0;354,1.4639918881221439;238,3.961257207971327;186,4.931291406893367;202,5.596918302438481
149,0;709,0.4648160392982452;758,0.98334388943725;491,0.7755644480722277
864,0;1015,1.146006536568887
66,0;748,0.000936575130093889;382,0.07957080700748058
739,0;654,2.1983315651952338;424,2.448971589809067;846,3.2109429954675663;60,3.928799340697493;523,3.680106795229385;527,4.593965892998274
315,0;499,1.1515954809692366;999,1.7139075771410957;703,2.278376784719084;837,3.624631614060041;619,2.0205405156654432;700,2.9637220284888723;409,2.567227237716337;415,3.115413143018587;826,4.780333723442327;813,2.6839201966985815;874,3.7036851738198866;67,5.215941101658402;723,3.106506581848979;283,4.15710914186029;183,3.4852641768661994;482,3.595516560771125;708,3.5483400869128383;488,3.679108588142898;555,4.674222680771411;912,3.959916754797675;492,6.683980207951988;739,4.767359754777189;905,6.21081638650149;480,4.235096910019351;400,4.229722386170417;767,5.105479120929469;832,5.756165210177645;70,6.89655867964594;718,5.597970032753283;664,6.707586364723593;969,5.524661162086771;577,6.510220025727388;947,13.301056875189365;858,6.52699746645297;678,6.68724346521646;521,7.04296471314773;113,7.0525597164351215;763,8.639343103012887;141,7.768128526911817;85,7.198164962565835;180,7.265785059956452;744,14.79654004145485;879,7.381343580752421;860,9.230722100399586;157,10.863384693528491;472,11.180364344963408;539,11.809894403361916;710,11.632553787051714;920,11.836742087327734;181,12.200426253599241;259,12.736378976407194
708,0;488,0.10712684385849486;801,1.0014755684393102
208,0;849,0.46807549672884374
802,0;292,2.233225553530121;1000,3.271711095351358;460,2.9204510488456865;122,5.776461500298364
712,0;834,1.2883421325116056;84,3.624876376319812;941,5.006294741464075;222,5.688612683365512;419,5.016993548174904
605,0;45,0.03249710657934553;187,0.6592275513436008
962,0;370,1.6702915863991354
456,0;348,3.805955780003108;955,4.436672413025238
891,0;287,0.3273898560505642
489,0;235,0.8912259637713793;808,0.8207127759667533
545,0;364,5.462785656117812;776,6.5035497219156095;872,6.904817891543449;940,7.260448318977515;740,7.943089568042759
111,0;729,0.17701057649583843
461,0;271,0.2716105744302389;818,1.6737410196625133;889,0.4338521171829071;844,2.2004543360397837;783,2.3733573949643354;387,2.5275408819996277;428,4.022421241073731;587,7.452633986484974;325,4.330789309612938;17,4.473099246155162;82,4.418895492140415;497,10.065389123429032
11,0;15,0.12344811702987618;528,3.683213108076208;573,4.6370680252295235;616,3.856086105650508
1008,0;459,0.04741958134087163
446,0;807,0.09662626527430412;888,0.67888947486949;170,2.8622926686800145;937,0.938580426657788;629,1.3729007412633116;284,0.9909149260420411;868,1.4291979731170328
37,0;4,0.04482732689070563
946,0;604,0.04391627916840091;377,2.0541162051773623;140,0.7773968927066826;689,0.21336224271637283;846,2.8609028012824322;673,1.3197645017851034;341,0.9776814835780904;240,1.8545852801033837;780,1.7246113475524492;762,2.08903658092754;523,4.7194174177890735;546,5.953898098668555;236,6.457420290454003;305,6.832654428128933;384,6.315519318330028;770,6.429979060254054;145,6.947944334370443;352,7.979107399929205;251,7.016034189222508;204,7.622985663524871;952,9.417672357071654;214,7.693667960021262;260,9.639487306739941;575,8.52699163485367;209,8.908718236619016
532,0;434,0.6616293305963179
943,0;906,1.655809069771966;795,4.546651335180211;858,7.008325153250514
276,0;255,3.3147294736340416;650,4.271182255229402
1006,0;133,1.5082360806337165;992,0.9566112479555491
178,0;763,1.7385575322323195;860,2.017687517048618;597,3.8646468973832686;84,2.1382847015274327;157,2.0365889950075244;953,5.582026620098032;108,2.6634667903007943;710,2.258805453071522;616,8.547241012084296;42,7.855600672886384
96,0;485,0.39564900945615167;555,0.601400401259769;411,1.0385146655016007;242,2.3181656220685025;70,1.7858356319656679;565,3.1075292254602678;223,1.306167284974424;431,2.2927530213401264;274,2.575089820408396;801,3.9527814119785014
902,0;47,2.8224150291689494
303,0;998,0.033560261781937537;923,0.916961411112466
692,0;440,1.0144394002678097;475,1.0195390139789033;73,2.3968820949282192;1003,2.4669241765260486;357,3.574471514272287
808,0;486,0.840767739142036;119,1.0447060635461656;29,1.7683104380087156;216,4.422344736985807;347,7.600738811375276
29,0;216,1.8852985990982423;347,2.0845985451483715;958,2.192843157087261
1,0;958,0.13569756711113715;506,0.9104527193966657
108,0;681,0.12262612785073122;782,0.3100159940418603;510,0.9671996024528284
990,0;732,0.6109706286060893;847,3.364328453292088
625,0;775,1.0934308520086107;310,1.5482743432923356;988,1.6634813981059646
953,0;573,1.5402776934956095;286,2.8375880982422643;42,1.1794893098855168
130,0;287,0.5851230634731696;416,1.5673318475203373;109,3.2017999416668355;583,3.621325128627213;689,3.6434224415017535;743,4.741412478842232;881,4.994958396250237;657,5.45648141612706;284,6.214035096469823;224,5.249042554376298;248,8.96880455625114;178,9.84217289594579;919,11.027604251627391;956,11.155705239374827
546,0;236,1.2153358399533292;305,3.992259600274424;875,1.337020589403348;283,1.4413833229078747;368,3.2302466943832107;251,3.735740659139745;255,2.377252336692025;767,2.032857297827527;832,1.5322204661440513;974,4.083045918961119;355,4.5046372688543865;242,6.8396084031396285;511,6.965886313653117
208,0;849,0.818533507089973
287,0;931,0.5097210996781967;846,1.4488781504903554;60,2.0130004556911483;523,6.450948719127393;527,3.0880068808008225;546,7.226349265438396;305,7.289639421883965;384,7.733369870782769;770,7.982248788998078
893,0;503,0.9491942464716328;401,1.3802282216581587;850,0.01910190812038031;403,2.6770553592364443
159,0;46,0.45475911175868383;805,1.2711116539476097
386,0;530,2.375742052587992;544,2.6033369470753485;182,2.8724248870724893;817,4.56485775512599;752,2.799331334263463;562,3.428259073461096;274,3.048092269790478;444,3.492710892371865;492,3.5335273814429224;849,7.851324496394704
450,0;470,0.4284202531242805;59,0.8739452899460858;154,1.783760429449895
675,0;0,1.760425620865732;848,2.1755880240641243;830,2.6120418511599763
135,0;972,0.525173130684681
212,0;292,1.275894837236727;460,1.4864594193514915;901,1.7358117146059269;122,2.0874527732666497
172,0;953,0.16346576337461707;487,0.2923082256542915;573,1.9326408856057595;616,0.8195299178510821;42,0.30523085058068566;104,0.8270081153108737;111,2.3251212764609837
551,0;496,0.7255115995056223
957,0;467,1.050487228100243
339,0;175,3.5374131439761634;123,4.418803937758531;827,4.1803878440102045
989,0;589,0.29784760700098256
594,0;321,0.2962004675281221
820,0;632,0.6199243875111577;74,0.20167962882530835;262,1.2379329127918393;82,2.1932849385832474
825,0;933,0.13171139930687834
946,0;377,0.8928099027833738
713,0;43,1.1050566242796018
376,0;477,1.553282956447204;148,0.04454832831302157
204,0;214,1.449601124059678;476,2.369352574884722;429,4.431135637606115
73,0;678,3.597860290735859
928,0;655,0.6228007481549088
322,0;21,0.9190120585272645
696,0;316,0.6536894018817923
135,0;972,1.8291819677310266;453,3.0538812003736475;1001,4.238040560807684;151,3.4952144875495135;103,3.539257867680179;736,4.035599923012879;1014,5.182475846736837;69,3.718909914957891;468,5.052900068698484
764,0;203,0.06879272216371173
188,0;281,1.2073396862780725;171,2.0274438867153433;564,3.0752184353084524;180,3.268040961388722
743,0;657,1.1217587080351175;353,1.2043904836416868;660,1.123846114727984
227,0;722,1.072791399209391;451,1.5318821538802299;846,1.6940534444582946;60,2.6422859764527207
32,0;457,0.25191064646617234
696,0;316,0.41549735413910166;956,4.408653190809398
679,0;920,2.933285495056195;259,3.083502884410023;855,3.5621768051012
36,0;583,1.5170804110260525;689,1.8096643375190626;743,3.127159197246951;846,2.018877957648449;60,2.901751676116894;523,2.3761096006776876;881,5.4757836135031415
985,0;42,1.4024343889233044;637,0.07300162310663695
490,0;254,0.32850837406944067;935,0.41803015088716455
887,0;822,0.1247394817792739;971,1.7268672510548895
120,0;446,2.031172161850771;126,2.7807424754550745;807,2.943200331070925;170,3.030785384629543
485,0;242,0.30211225231335803;511,0.6777480516951893
228,0;468,0.30751953949927296
542,0;718,1.6054017151499715;345,2.571501827607782
790,0;60,0.20624675135803736;177,3.5384342129244537
407,0;490,0.5480615015458625;305,0.8662785828907277;545,0.3456281315741577;254,0.8839812438350263;935,0.9583349590783206;122,0.9476174715402088;92,1.5909559386428;34,2.7227216850389584;39,4.0788784747809865;19,5.110312505682402
875,0;584,0.7789265573026195;255,0.06652381337175685;575,1.5726302127788487
515,0;103,1.8656857515725962;1014,2.6920376489723745;69,3.3435038498753795;1019,1.8828409521006424;296,2.7907304094572867;548,3.181926490268791;680,3.375052437795021;71,3.5527233999942136;566,5.129420596717217;399,5.302827539582517;46,6.295724132191388;805,7.8239977581718465
673,0;780,4.424969832169378
713,0;980,0.23881714973338897;43,2.0507812855584704;874,2.148049370621617;372,5.381445470718241
371,0;197,0.3341126587059374;353,0.6264094597937317;938,4.3038387960956195;531,1.5084540876141044;107,1.955796442416855;779,2.0079366626253274;478,2.743917738391679;536,2.736938573921539;418,3.1042709622098847;484,3.8051312814782063;485,3.60298508781202;861,3.624335251482574;242,3.9555365544360885;511,8.320517580005134;637,5.7446974433701286;704,4.464647631299937;456,7.0339999437113825
607,0;836,0.498655366772033
809,0;522,0.8141624814710314;375,4.501224102155891
403,0;1019,0.740360980116119
881,0;284,0.2637644841845845;248,3.6495915333779307
159,0;46,0.1931548857619789
764,0;25,1.2660591570262028;985,0.6258478906376186
177,0;331,1.539143169467422
251,0;247,2.4712221284689173;355,0.44004346853409204;570,0.23175130263400992;485,0.4071635860878405;242,1.003212722185092;511,1.0254820087578278
924,0;210,0.680312509792048;65,0.1433758235687394;379,0.6860287293278743;99,1.116412310743903;148,2.5610541521403056;104,0.9106030281564089;111,1.2394950771015538;132,1.3764857299251942;729,1.6972932003349777
356,0;761,0.30097603886861607
270,0;990,1.26829194686287;431,0.5355131953200631;274,1.6548388458779342;847,1.5526344652305526;680,3.0458773391960996;696,1.8213379229997972;316,5.3253791899286105;71,5.229207510309934;566,4.056857833485353;399,5.685799643643326;956,5.689619390255569;898,6.849684496185535;610,7.321146235368069
111,0;729,0.23178345375321355
680,0;71,0.9585866558864692;566,1.1215592200369533
556,0;447,1.1332906166943495
41,0;889,0.6772817853538485
207,0;484,0.8345089212566462
22,0;233,1.4027926290095254;55,0.5273801028066883;259,1.4124011026930872;447,1.9291438070981992;839,2.075903825530211;408,2.1990063212902737;685,3.5411411046880215;365,2.8382738103861396;186,4.5341943773688165;524,5.7354655862135635;298,6.535264490121248;398,2.250900430155927;289,4.395648318571762;602,2.4357230130283636;20,5.2451095249083055;909,4.732242309972523;368,5.0509805339286995;665,6.136322536623096
70,0;789,0.3914487923059601;855,1.355422581622432
675,0;0,0.18659554309785817
171,0;564,3.815639612018685;180,4.169949021482341
209,0;545,1.5996247922515145;364,2.168140294773159;872,3.2789157361688233
92,0;151,1.833205002336523;103,1.9322774619276195;736,3.2505720751036837;1019,2.0834807618082456;211,2.023077904825783;419,2.6166998235126764
845,0;198,0.006569901992797899;331,0.16665374689368664
950,0;250,1.199153939426666;157,1.3976497857993477;108,1.9389645930762;710,2.0860479824634512
263,0;560,1.3723540453684853
434,0;341,1.3700285363288855;582,4.4202226503295154;240,1.7830266104851018;762,2.9758673933650304;623,2.035750161955674;82,3.2784507233880156;181,4.535132862024342
153,0;702,0.7758022629998552
16,0;727,0.995052602404179;473,0.3073452601675297;24,0.551001142721502;126,0.7750681647858723;122,1.1340145270712831;821,3.600542109923884
160,0;154,0.20758781155615155;62,0.153620637424408;488,1.3496906121187047;369,1.9361053317163601
424,0;846,1.0325759946327273;60,1.2925189351219302;527,5.790686178235675
912,0;480,0.9914874481759118;838,1.1552090449389394;127,0.7539679887788693;400,0.2961864016630252;305,1.2783362131092986;530,2.0812539671186445;515,1.7968800291580957;455,1.3803165512286761;702,1.9188842810938416;103,2.5824348880626014;1014,2.8114503227690415;69,2.6563286654617;1019,4.168073625489167;211,2.7351060168982864;419,2.747959584603763;296,5.696816750493278;548,5.765348290742204
296,0;548,0.42795146268950335
969,0;682,1.3055760747066298
355,0;486,2.5527459483003287;29,4.4360378110542955;216,5.800380766559577;930,4.7470469597489915;347,5.8588247542802465;107,6.696513579397998;958,6.0051552831946475
416,0;109,0.4034876124626711;583,0.84573790694717;689,1.1147235223603835;743,1.221237227189265;846,4.197554483875121;353,1.6210539115366371;603,2.40237745470489
343,0;105,0.36508179846360855;469,1.287283894287112;163,2.686298687876734;807,1.7072667055202224;888,2.412607473117718;937,3.000211669936448;629,2.8333318966205;31,4.133005363971829;606,3.1850414427712113;199,4.475360333464436;1002,4.645175531588094;409,5.67879004814037;524,5.743756621166729;813,8.124492742899111;874,6.386960416362646
924,0;379,0.4609672454976596;104,0.6957343770978565
303,0;998,0.3854477930695097
733,0;854,0.19124064710822464;842,3.7096867593214258;693,0.8460171186681451;740,1.2270271712417382;1002,4.844085410835325;731,7.236752127413321;524,6.814249010309192;327,9.681254419417613;245,10.513543781655688;336,10.188428526157347;600,10.118923225732921;134,10.211100433332799;839,11.20917820258634;922,11.614140415293004;201,10.9284789002532;811,11.385014196048614;485,11.1825482460155;685,11.422420226345158;186,12.05240790731003;597,11.496427953446378;800,13.013504362765467;933,11.733692315221084;869,12.326848892044074;909,12.22261744937319;368,14.285784223890772;202,13.206318640517907;793,13.348678879600067;54,12.34795018256559;639,13.078601556745406;902,13.13660683740927;760,13.395908872231152;357,14.261153597291848;47,15.124096056905515;637,13.616857251552833;70,13.776753714944713;658,16.492221171261306;431,15.019587311157466;274,15.445612869472772;112,18.986970177102833;451,19.768715106865375
716,0;901,1.0127749117896319
247,0;827,0.17061822604738028;902,0.20726727581293405;876,1.410228914626891
968,0;212,6.786509110588508;46,8.293272201502935
539,0;920,1.2594349644936107;259,3.357314079676547;855,3.481824707864732;839,3.7072460820715847;685,4.288384448138249;365,4.367914035714658;186,3.919878929491164;597,5.436990751914888;524,5.170561200160264;298,5.568275852339186;368,5.310303139547768;202,6.256276627453917;800,4.683421100952116;902,5.170973301845051;760,4.8269622397722545;637,5.192112253650586;658,5.066426144669313;112,5.439552002265158;451,7.68212157034691;846,8.384091079344957;60,10.00110347142531;523,8.839846366400257;546,11.726218196822526;236,12.262008423634366;352,12.879745997076638;283,12.756041752826938;767,14.9298188608429;260,13.051136003329312
565,0;801,0.44743015128769187
354,0;238,0.4032137914865763
55,0;259,2.724090940556987;755,3.2230166666695834;855,4.082747742415901;290,7.998880957892057;941,3.6086574742958395;222,4.065502213893144;419,3.732536150656103;702,9.61702599256319
490,0;254,0.08651626982008304;122,0.4214915840900501;92,0.7445368299112773;34,1.4533662112214323;693,0.8389993558507138;39,1.878106320737432;19,3.3790104588256673
630,0;307,0.053029350321672664;355,0.8637947547924899;486,1.0927770530120793;29,1.4500708018453063;216,2.3070774485122767;347,3.9588820879287896;107,6.543324723345115;958,2.476014106370423;478,9.350108420073466;536,9.079922015261154;418,9.123923963330881;199,9.57766963347025;485,12.090775408788453;929,10.452774587720628;1002,9.69259288891695;411,12.909599806518214;242,15.075853565439255;223,14.229779429214412
896,0;588,0.39646240736393595;204,2.7295657185263726;214,2.9840426658381025
772,0;805,0.884250539685075
908,0;534,3.514536712104845
999,0;837,2.2576799230897526;619,3.605958851579263;912,2.8226294424741982;492,2.694342632206382;739,2.440811853245186;919,2.9717041255078787;113,5.116237738236929;480,4.865340504850457;400,3.0114183778374137;956,3.3146146918908337;520,2.9727051040581736;809,5.924363394945644;409,4.770256183789671;1020,6.742691887435233;196,5.789631116308831;522,6.02579100019558;204,8.304129178093937;476,10.143966254371682;429,11.416161927500331;763,14.708517507113074
765,0;617,0.11730983418336804
628,0;976,1.5804567493949269;78,5.185554261158213;866,5.556617719587581;605,6.962181235224617;795,5.514191452840025;858,5.677811703965139;259,6.497254421344598;855,6.7417614188143755;839,7.946434648094052;45,7.27596309710677;685,9.38727420046716;597,8.029782840846302
931,0;899,0.508087762996402;949,0.8873647367570447;317,1.969319285387345;914,4.0288515949272785;129,4.9243750697155795
768,0;971,0.4064907428594372
460,0;122,1.2571014769152926
933,0;869,1.416006214181564;993,1.669648641855387
215,0;444,0.5011547456549389;492,1.767815243090551
847,0;680,0.07162164397267103;696,1.1628110474198052;71,0.3157080834088019;566,5.8013037584887845;89,2.8670587236781664
406,0;879,0.1646505455499333;10,0.34132136499430704;648,1.3677916117499362;796,0.09304752649533757;475,2.5040983661432517;395,0.5149536400678779;685,0.8138073470966031;671,0.6400062730934939;354,1.3380478381889471;800,1.8177847810405603;437,1.641316826083007;1010,3.0406009753808187;112,1.7480082772870262;532,4.202050421036979;451,5.283601712074361;1003,3.645440359062632;164,3.0536044485624134;357,5.018014362451954;490,3.6594173996287007;254,3.7605235084368815;935,6.345824290538578;434,5.856881197885921;846,5.7345634959560865;582,6.140765008540725
243,0;695,2.7248841048060535;881,2.744701947025363;284,7.260292845883234;224,3.8314937390053068;248,8.415671777298918;347,9.582879910715318;169,9.888662516149452;678,11.198143208727508;763,13.478282433800528
514,0;748,0.4271712376304207
712,0;834,1.6995662681656216
768,0;971,0.44503636818629616;250,0.45907891799724415
703,0;504,3.53626302688248;415,1.7861809438131995;826,0.08950119638391772;63,3.7537085726000297;571,3.99730682664274;370,6.5823488846648335
946,0;377,0.10159140000380393;140,2.080047418759027
922,0;933,0.5684870344613979;869,1.256698552276006;54,1.3759838325092897;993,1.3193591495464596;639,1.8551916867226645;619,2.6181761368590175;409,4.750201641112341
182,0;688,0.7405222651587684;697,0.3953962766312722
236,0;368,0.19750634979704762;251,0.12372798955049161;247,2.5595169885234506;570,0.15727764598314078;974,1.3628177062826041;820,1.9806740969368182;242,3.2996086704672667;632,3.7294410678727083;74,2.3573700278313012
584,0;644,0.04651676723094306;804,0.12719631233125123;778,0.4788170117096651;251,1.1938139018138498;247,2.974365173362576;355,2.7799664765173393;570,3.6680744325674888;486,6.288659434285629;902,3.2708705180151103;485,4.226836347666681;242,5.126778977753801;511,7.53164614369452;361,7.630903886255718;402,8.356152718226461;374,8.480135802631773;147,10.148611814890169;544,9.690851991771009
220,0;985,0.0408395412428996;130,0.9640974275217525;641,0.20952073928264023;42,7.836213594607805;637,2.317526114441385;140,1.1142990748340145;673,1.2348984850598068;341,1.947342214653685;518,2.365907322049532
39,0;19,0.8972993460186047
410,0;997,0.3744446942814556;846,2.083326647075374;799,1.2332397345471477;626,1.3611922347100478;734,1.788825588087722;173,2.5700505468773622;278,2.882762005946057;60,2.610515561767575;523,2.5459568462560167;547,2.9844021132379543;96,4.337127828707941;496,5.2607477472064845;485,4.528519823524893;411,5.546923205469778;242,4.561013180839577;223,6.497144761915389
795,0;858,2.0973588189305743
270,0;84,1.0919913313312486;431,0.13805574978746618
606,0;50,3.28142737988064;985,3.355641615363756;42,3.634521104968655;637,3.408940306777194
659,0;409,4.625581485301889;813,4.7656228733320125;723,5.045770953662843;482,6.565026222891544;555,6.729195586609492;504,6.840926105965955;70,7.346817369703128;869,7.908254070530425
405,0;301,0.7881875388403796
891,0;287,0.23742787157184236;931,2.1095020079239872
652,0;754,0.36823663529546496;373,0.9210761680980251;227,0.9604976089730994;222,1.0323119832484071
46,0;805,0.5186230096020341
73,0;678,0.4222079195899372;574,0.5976196802535119;539,4.7722730047008906;763,0.9555462504677799;920,5.149591697108984;181,5.193032435521267
363,0;816,1.075000852185561
626,0;173,0.9200675120148017
165,0;425,0.8163127992714047
187,0;902,0.13860034944281766;47,0.94408621925455
531,0;779,0.8126993819038753;834,1.2062472422572421;112,2.7331663315896195;451,4.77819187663129;846,5.642500421703691;523,7.439270724982843
259,0;855,1.9588882849176212;839,0.2976034034189182;685,2.5214899941161093;186,0.5388365600514596;909,1.8503744932301092;368,0.568467345533683;793,2.298952432744169
240,0;762,0.34729266835866174;623,4.304046214839933;660,0.4170980712915398;82,0.8765305072032861
49,0;982,0.010916971023466376;111,0.020537181963390667;251,0.16871305889391228;922,0.265581978578711;729,3.5700636606913103;952,2.596125438526512;247,0.4021513067818266;570,1.22495202455974;933,0.41008467341370336;827,2.0682264642972754;902,1.7906807778159575;47,2.255880609767064;876,3.565194488092545;349,4.536310831670061
434,0;582,0.4619050331835029;516,0.6487561028084123;24,1.3273081049821172;640,1.4156957389077036;126,1.8224291599106421
312,0;958,0.9632264010789634
251,0;952,2.13578116436003;247,1.6324159400177296;355,1.1137394727088825;570,1.1316932874999464;485,3.212278858862119;827,5.455339963057118;902,4.767374231774168;411,3.354834448283828;223,3.591916150576579;876,5.659782577017246;349,5.714644184251203
164,0;332,0.8235181164267399
348,0;947,1.6968332117298484;55,0.36090204760865047;259,0.5860703615423659;755,0.45818183186770606;941,1.407703230618449;182,3.5137691192837983;839,2.40665276127011;419,2.730940770927184;185,3.0871461667544566;685,2.7849787814813807;186,2.5597445687399087;597,2.5166059000765224;909,4.519385687322669;202,3.1431608773897635;800,3.068094774079805;760,5.381477226817703;601,3.284436347568311;688,4.1408447285849705;793,6.39053020660016;637,6.329299420867206;319,5.424605776559798;261,6.210156930695046;517,6.523212653554386;456,6.5677915520368595
205,0;55,2.0864493424689803
108,0;681,0.24784771987623913;782,0.7326435978201601;754,2.3829046378921523;373,2.7587940334636514
812,0;302,0.7147439208795133;323,3.0727102041210212
857,0;840,0.01579199389387028;592,0.3179085903600622
779,0;834,1.0862242179050643;112,0.613783869117529;532,2.9437242362327884;84,2.377151182085303;434,3.4197993853176802;59,5.038934191254723;341,4.5039616065831956;154,5.834432977754847;879,6.176854297958232
454,0;114,0.15001838203302112;714,0.8745398243753887;32,2.2012645590600557;799,0.9348925175540753;1013,1.50266041224636;298,1.1402551447616522;491,2.3227797139471282;10,3.9876981289663687;395,5.66173902996662;685,4.599924421622593;671,9.850231734675932;800,5.938709753250123;354,7.749228344811849;902,6.245439606298836
563,0;570,0.8915768630977032;485,2.3604780089075836
732,0;68,0.24535846971529796;820,1.4461187918744316;814,1.7679622863897084;632,2.2165905633095626;74,3.0669487805410434
403,0;1019,0.8195880156840593;296,1.3297796832329558;548,1.9411279589397032
636,0;8,1.2747436546139514;618,0.5195231195345087;544,4.514363741728113
608,0;508,0.012840700235610703;191,0.3441387056584937
290,0;413,0.24852772987489996
842,0;1002,1.7088416862972542;409,2.883145704306173;731,1.8259579324786204;524,4.608058438565569;813,2.904685268898249;874,3.1609604488357923;723,4.232641317840875;482,4.79642917187726;555,4.984412657016351;565,5.03996715168095;801,6.409270042358355
424,0;846,0.022473829718028582;648,0.30919820176085144;60,0.6021061924309216;437,0.49426972077580755;112,0.6242425106532739;527,3.5839560500827043;532,1.64955131482804;451,1.1693759753464492
27,0;678,0.13019945180723114
936,0;788,0.23643990940688356;1020,0.3414687167092641
743,0;881,0.21120958124055209;353,0.4348382197940796
121,0;501,1.916885453717522;517,1.0051906245232876
714,0;32,0.04704058679336151;799,0.08426478109103293;1013,0.47605054050479956;10,0.8914489783916871;457,0.5931908968855671;694,2.2423517924352456;298,0.315805531238357;553,2.0918858131577447
722,0;451,0.16296275556607098;846,0.21770500032365003;523,0.5073308464181228
712,0;834,2.1114399314341097
486,0;29,1.0180490001423201;216,1.2317125545807888;930,1.3775490956221839
39,0;19,0.7923723121387988
255,0;650,2.183337610352401
924,0;379,0.33942305724473104
584,0;644,0.9852975204865104;804,0.08656126645555852;778,2.3353585469179303;251,2.0789787395055583;952,2.417023250145966;247,2.105777693679039;355,2.4645437216774573;827,2.1405345149520416;876,2.174049235765156;486,2.71098888322925;119,3.4163252046714567;29,3.5504875200592307;930,4.936151066078013
414,0;10,3.151744036582692;395,4.896997793107692;685,3.832863488877724;671,3.7144746998116864;354,5.552777342948922
415,0;708,0.760439960440187;488,1.7172740307122591;782,2.1158198898501404;1013,2.3971196018447856;553,4.23287479165013
899,0;714,3.760540560974687;32,5.356141410429003;799,4.386872877589641;694,5.179769076718798;10,6.393983395617253;457,5.366813334447212
201,0;485,0.41834890856951945
600,0;134,0.42058540291947694
1002,0;524,1.7077041464051437
15,0;528,0.7296017389025992;616,1.131903654286734
883,0;617,0.4806161517880159
542,0;667,0.5810252445906438;345,0.1761372941038709
424,0;846,1.0618679615742361;648,0.8047753979348585;437,0.8290406596043449;1010,1.9186147650326117;112,0.8509609180809284;66,2.6195588098817177;748,5.72796217800063;382,3.287533172648272
77,0;954,2.2947122388687338;944,4.277631373392399
228,0;468,0.5208013301012172
496,0;230,1.4353781170910276;62,2.353347626903398;362,2.8635333532757405;963,2.1951069675359025
28,0;121,0.8058870719997389;567,0.8816050812047955
661,0;94,1.8108757087206064
111,0;729,0.17329612556242835
146,0;818,0.6284976927083342;762,0.004351001219097659;660,1.0121007843958127;82,0.3210853751133055;844,1.7911626841447696;950,4.1160837512412165;387,2.0657649934535516;744,2.2895531844121124;587,2.5512814115221074;250,5.510613768172847;157,6.353511759300516;953,8.405905782227315;108,6.631774888759665;573,8.660129644171182;286,8.640188614153159;616,8.558016529017644;42,8.679378869289886
666,0;84,0.12479787360998625;1000,1.3336615207770925;52,0.03729710146335047;768,0.43986205179304966;971,0.723142942998033;344,1.5868938645646509;250,2.0297867123787587;732,3.3439326677178984;157,2.2611913259552026;953,5.062740618536328;710,3.751494313056997;616,5.078493069340167;42,6.730230418879162
92,0;34,0.6623757288037977;151,2.455156262666778;693,0.38142595889384073;39,1.2083299619348233;103,3.2145853493692496;1014,4.076633069422382;69,3.6241099913858554;211,3.8352766720777183;216,4.608923798542112;419,3.964799722607712;347,5.068272509369816;958,7.998179934558986;169,5.099922913023691
336,0;839,1.5722832536449673;922,1.2874994241744844;933,1.602256217736251;685,3.1863579526292316;186,1.9350573230182426;298,2.2210788402460007;909,2.528035117253398;368,2.599790967380156;202,2.4544384662645724;793,2.660151338889;974,6.546705244973901;456,3.552847903485318;820,7.9176457554125665;242,10.358314706060806;511,11.120626536368766
355,0;486,2.409207802986678
792,0;739,0.12499514435369555;346,1.606141721001256
682,0;217,1.2199115950244144;846,2.491063651502207
859,0;709,0.8848542589508931;405,0.370366500081341;537,0.110021820077195;71,0.3802426634823818;758,1.0492179121617853;491,2.1492969087256806
800,0;760,2.9451042736839232;70,3.241585918491808;658,7.589457481031651;789,3.327076475152234;431,3.686258293548274;855,5.872238293216908;534,4.122517343986773;274,4.887092865578911
252,0;611,2.3514571859481563;471,5.490770703374782
591,0;478,1.3040199681842986;108,0.45337318732386406;681,0.6101857435297646;754,4.3167269924928995;510,1.301294613948264;167,0.9365738300869378;827,2.035096133597069;485,1.7546847614572014;242,2.218847022316599;876,3.3050333037044313;349,3.4768704020245664
541,0;377,0.7013973348241782
892,0;80,1.2396955928425564;697,1.2624149763227799;839,2.3943127429684985
822,0;971,0.018051689314855655;409,0.9234123630473847
751,0;939,0.4523796445440048
248,0;178,0.4145852779017645;919,1.4869219967925773;763,1.1415129639830328;520,1.9415102408841318
943,0;634,1.6104197738915598;28,3.4036385826599913;660,3.6664241683411922
496,0;230,0.6538999178258799;362,1.3838562343354306;963,3.6121985515534782
96,0;911,1.4559766374206669;496,2.3911639864618803;555,0.8975590277008003;565,1.1960371512861476;801,1.3977208933828444;3,2.660761750305495;144,1.4639144300328648;921,2.416582174797606;230,2.9292346968039373;362,3.3822684120268947
585,0;124,0.04556926791465713
709,0;690,1.361773777839074;503,1.3956107848166428;403,4.831387079252066
381,0;199,0.2587181599653051;1002,1.3466742966577727;409,2.280925955552676;731,2.0881810180914187;524,4.063889323042042;740,2.8902354489329105;327,2.2423878509749278;336,2.6409672250095073;600,2.8128765261479147;971,2.608382710729144;813,4.560200043585386;250,3.886686192018103;134,4.274179031322185;378,4.81600070472579;67,4.936029873384756;887,6.3952268069272495;969,5.03421675201589;682,5.124050914809081;577,5.31263694519786;416,5.4438290404580885;217,6.897837615884482;182,5.53325837225327;109,8.988647909098418;697,6.275590449662719;839,6.325990186603988;186,6.790421098045363;909,7.574239377380503;368,7.161887510558731;609,7.0827431029120795;12,8.379457402398929;660,7.243832691943493;974,7.680767903551512;793,7.6840159684428055;456,7.767725207203148;583,9.400002557881283;1015,9.026057778648969;689,9.52891982836598;406,9.851753953649771;743,9.575160155322548;881,9.94816346580849;879,11.877211099256298;828,10.798197615110206;192,10.786893730352519;796,11.228424618896781;284,10.087081134091777;224,10.757364167336371;248,12.104096697837397;553,13.721154397775894;918,11.942458880542146;39,11.67840597701445;475,11.443582694871406;2,16.992026771906875;19,12.870906037214132;178,12.665363082022019;763,15.215367911093267;860,15.69885459606247;157,15.876295377704468;472,15.943654639358735;108,17.30265704642431;710,15.900671725368865;554,18.526561562096468
228,0;468,1.7910379510583374
595,0;172,0.7225215490740582;487,1.3258082834098772;420,1.7276368510505935;104,4.916223637198626
436,0;252,4.674772002786736;935,0.0886848582989917;705,0.03878457413875163;981,5.080155476321875
226,0;945,1.044092097898206;600,0.351886981968878;997,0.252803571418536;221,1.2343355606883393;518,1.1035796285466803;102,1.1791033729614002;300,2.3956865553804794;354,1.2133617657068938;238,1.2331346757422816;186,1.820075847824913;368,2.3541031066626674;202,1.8409842738979798;367,1.914268508639911
859,0;405,2.1939545834603473;537,0.06131770696720249
201,0;485,0.16728183795527968;411,0.6266774285780412;242,1.375838834076737;223,0.8177058002673068
173,0;547,0.4585254604624561;96,0.9211337492494249;485,3.388270645716774;411,4.691836446181788
171,0;564,0.21883226505347791;630,1.7023187696912105;307,2.480255925906013
44,0;953,0.8673958844888511;286,1.6524774609335515;616,0.8692287584442348;42,2.274907533689776
522,0;375,1.2501574359064238
169,0;678,1.8123067080478548;763,2.140124880701792
279,0;217,2.2988095236724577;0,5.693702120532018;846,3.3148295357194906;60,4.235631996402235;523,4.015276514404129;527,4.639365578927364
959,0;589,0.4698546718647793
410,0;940,0.11154759398158681;997,0.29555712748398727;846,0.4280134416458359;799,0.6212920545645424;740,0.3517253007727743;626,0.3121914604083352;734,0.8050455626716359;60,2.8202605943420327;523,0.7492934658117928;694,2.1794756954201064;546,1.041223664333225;236,2.5185845118477905;251,2.565971163218715;247,3.26642189721728;355,4.152238467732892;570,2.6119682856398185;485,2.985029320155168;527,3.526075598690012;411,3.7630197245166737;242,3.2995855879277216;606,4.296051634894497;511,3.827593949451373;223,6.193850410983318;361,3.8557889798161025;42,4.873663942467729;402,4.238237833775026;486,5.231758871348298;976,4.834125575592241;374,7.21291144002367;908,7.690741293559737;1018,10.251056218430008;534,8.940476986047106
478,0;627,0.28366989211798954
636,0;8,0.23380063733126613;618,0.782608938064316
164,0;332,0.21371763393228152
586,0;726,3.0834131990688074
137,0;315,2.3392536104332327;131,2.176541634489298;104,0.7634148429507855;162,3.1870546526227743
212,0;292,0.6761941506263061;46,0.5038154223910966;460,1.2051696488120553;122,1.396992682819603
666,0;1000,0.016173685229367383;52,0.25820306250274266
531,0;779,0.09626359199710892;834,1.4348589825556042;112,0.3188174313455657;532,1.6320550297544578;451,0.7310028727146036;846,2.6005040638090398;84,1.983540832475496;434,2.8412190420769017;59,2.709588682315646;941,2.001729514349743;523,4.788841406068169
12,0;500,0.059702458301508915;506,3.8860082375326215
280,0;923,0.09020738627696324
822,0;971,1.5696404237179453;250,1.896864427503128;409,1.937410016187818;874,2.1577584640284395
156,0;810,0.3872293686011676;463,1.5634341775577858;735,0.4128292856027816;95,3.1844370623499025
975,0;620,0.8564290673362822
972,0;1001,0.051901807513662496;468,1.5366231040898066
406,0;879,0.6477790386032626;828,0.9596073115400142;517,1.7888647273203881;890,3.413542286394703;675,5.473060528934308
808,0;486,0.12266626779088856;119,3.290175947521867;29,1.2499172024900636;514,4.962332088196748;870,4.359518395362147;748,6.440673400551618
556,0;447,0.5663945115920572
279,0;170,0.4335969509734581
518,0;300,1.5212738724141825;354,1.6401797257552606;578,2.2535832688215622;147,2.8180989621102075;467,3.0343826547120223;466,3.174746997098096;674,3.6427101535725708;39,4.8621225249284326;597,3.270462052593569;411,4.856240050313927;19,5.749582914087487
166,0;893,1.2012614861556743;207,0.19202720448852245;484,0.34834125921930226;401,1.2710491742788175;850,1.4914898341394067
539,0;920,0.023806661847727527
409,0;874,0.43391261056154734
875,0;584,0.3094983454723477;255,2.209371104933487;804,0.3622539576246006
950,0;250,0.792747438720003;921,0.37811744150642024;157,1.8497433643010894;953,2.221625887827534;573,3.2449319764387052;42,3.145341548360007
301,0;11,0.3563897046503128;15,1.4660922181720621;528,3.7753705866806033;573,4.528621432937654;434,3.8230663139779884
49,0;982,1.5218042884744212;402,2.0455315326693
73,0;574,1.166189695934729
329,0;603,1.1519345635371396;559,2.0497148920389394
630,0;135,0.3250562580715421;972,1.3833790464825313;453,2.2562967802990457;1001,3.091065763435015;468,4.476887679496276
459,0;1020,0.9105732137613173;897,0.14747685657745363
469,0;790,0.5471581575809379;177,2.461605295896347;331,2.485683686480563
255,0;650,4.301340598988153
121,0;517,0.9444267154740046;890,1.6040554282416162;645,1.7465697292327647;294,2.574207670537116
934,0;812,3.036874965675468;302,4.012860222408934
450,0;470,0.8540680654542657
279,0;217,0.9691158126800237;170,0.254013194770644;0,1.2829922118317136;846,1.4799568909541398
734,0;869,1.5555828592988332;278,1.7392672559982225;528,2.5131868018517647;760,3.3454293736917666;573,3.2577108487082853;434,4.413170981048767;637,3.349868903637347;70,4.636945973325584;341,5.264286599396854;582,5.706340408783428;181,6.926455230772707
182,0;688,0.05006238578126934
996,0;707,0.10057430753728484;1019,0.4740483530217458;659,0.2709274039008163
328,0;87,0.23612399699746278;236,0.7751270147451181;627,1.361145944077447;335,0.9378278590260564;875,1.2844320899203354;251,0.9122971235704402;952,2.4358337383512714;247,2.5650122917271823;355,1.05126143817636;570,1.5247777349808227;128,0.9561693268936746;10,3.542586967078705;135,1.0483470623225855;486,3.2860590791351694;584,2.2533016349382367;255,2.9234882581342463;73,2.2563850098149705;644,2.6052478272567923;827,3.4176909498834123;119,3.3954156311629453;876,3.6414256405978436;935,3.7882475422808737;685,3.9991938390732917;800,4.299481869873964;760,5.183060424905191;70,6.046649399549194;319,6.42904165489699;431,7.447635211457518;261,7.645723680168982;545,7.833522031476961
675,0;0,0.14780423442299495;848,0.28547717219223945
172,0;953,0.035595570472123556;326,1.0048596625239994;573,0.1308982418540485;286,2.2540402864820606;616,0.08089402197774193;231,4.273809364505776;629,4.721277889013983
712,0;594,1.6298878654456306;321,3.8413861549937547;531,6.3784063849094155;315,6.106792480347167;499,7.265755150997276;511,6.739646915202375;779,6.483044954144858;361,7.0021201847477315;402,7.841679329756696;288,7.965264700471048;976,9.142523019604752;258,8.305261119383411
341,0;240,0.1866985257873386;762,0.7097446283844373;82,1.578148596049079
267,0;965,0.5495606558045977;919,0.04646190838859808;956,0.06487004738975224;655,0.8602735670228979
518,0;300,1.3451531445909406;354,0.06196746999407079;238,1.133188031792731;186,2.3894342730794964;368,2.6979262322918918;202,2.471483097073932
381,0;121,0.7026522755185062;501,0.9806433089829223
888,0;937,1.32548768121824;629,0.8214894807551433;606,2.7480390564819617;284,2.355011120453791;868,2.4525106560251215
578,0;499,0.20070254194749398
330,0;886,1.5117384095692843
891,0;287,4.454216048663508;48,0.05061948213542205;143,1.111468521748805;809,0.49395484497593345;522,0.7246080159945414;931,4.907910579463586;846,5.030245125561441;523,5.4551140174052515
207,0;484,0.030052550785200777
915,0;774,0.2568099667721769;106,0.3377235090572534;614,0.7933002133566539
2,0;518,1.732448641837011;300,1.9360851633379481;354,2.548416924868474;147,2.561138872285009;238,3.320580043310742
216,0;347,0.5808287117091028;169,1.6362686794915007
280,0;744,1.4563346639109236;321,0.8590326834048199;531,1.0917768216829538
700,0;283,0.7172477093334564;767,0.8336480003042144;832,0.7604631262562399;664,2.1034682046440114;141,2.6160172067814207
