0,0
1,1
2,2
3,3
4,4
5,5
6,6
7,7
8,8
9,9
10,10
11,11
12,12
13,13
14,14
15,15
16,16
17,17
18,18
19,19
20,20
21,21
22,22
23,23
24,24
25,25
26,26
27,27
28,28
29,29
30,30
31,31
32,32
33,33
34,34
35,35
36,36
37,37
38,38
39,39
40,40
41,41
42,42
43,43
44,44
45,45
46,46
47,47
48,48
49,49
50,50
51,51
52,52
53,53
54,54
55,55
56,56
57,57
58,58
59,59
60,60
61,61
62,62
63,63
64,64
65,65
66,66
67,67
68,68
69,69
70,70
71,71
72,72
73,73
74,74
75,75
76,76
77,77
78,78
79,79
80,80
81,81
82,82
83,83
84,84
85,85
86,86
87,87
88,88
89,89
90,90
91,91
92,92
93,93
94,94
95,95
96,96
97,97
98,98
99,99
100,100
101,101
102,102
103,103
104,104
105,105
106,106
107,107
108,108
109,109
110,110
111,111
112,112
113,113
114,114
115,115
116,116
117,117
118,118
119,119
120,120
121,121
122,122
123,123
124,124
125,125
126,126
127,127
128,128
129,129
130,130
131,131
132,132
133,133
134,134
135,135
136,136
137,137
138,138
139,139
140,140
141,141
142,142
143,143
144,144
145,145
146,146
147,147
148,148
149,149
150,150
151,151
152,152
153,153
154,154
155,155
156,156
157,157
158,158
159,159
160,160
161,161
162,162
163,163
164,164
165,165
166,166
167,167
168,168
169,169
170,170
171,171
172,172
173,173
174,174
175,175
176,176
177,177
178,178
179,179
180,180
181,181
182,182
183,183
184,184
185,185
186,186
187,187
188,188
189,189
190,190
191,191
192,192
193,193
194,194
195,195
196,196
197,197
198,198
199,199
200,200
201,201
202,202
203,203
204,204
205,205
206,206
207,207
208,208
209,209
210,210
211,211
212,212
213,213
214,214
215,215
216,216
217,217
218,218
219,219
220,220
221,221
222,222
223,223
224,224
225,225
226,226
227,227
228,228
229,229
230,230
231,231
232,232
233,233
234,234
235,235
236,236
237,237
238,238
239,239
240,240
241,241
242,242
243,243
244,244
245,245
246,246
247,247
248,248
249,249
250,250
251,251
252,252
253,253
254,254
255,255
256,256
257,257
258,258
259,259
260,260
261,261
262,262
263,263
264,264
265,265
266,266
267,267
268,268
269,269
270,270
271,271
272,272
273,273
274,274
275,275
276,276
277,277
278,278
279,279
280,280
281,281
282,282
283,283
284,284
285,285
286,286
287,287
288,288
289,289
290,290
291,291
292,292
293,293
294,294
295,295
296,296
297,297
298,298
299,299
300,300
301,301
302,302
303,303
304,304
305,305
306,306
307,307
308,308
309,309
310,310
311,311
312,312
313,313
314,314
315,315
316,316
317,317
318,318
319,319
320,320
321,321
322,322
323,323
324,324
325,325
326,326
327,327
328,328
329,329
330,330
331,331
332,332
333,333
334,334
335,335
336,336
337,337
338,338
339,339
340,340
341,341
342,342
343,343
344,344
345,345
346,346
347,347
348,348
349,349
350,350
351,351
352,352
353,353
354,354
355,355
356,356
357,357
358,358
359,359
360,360
361,361
362,362
363,363
364,364
365,365
366,366
367,367
368,368
369,369
370,370
371,371
372,372
373,373
374,374
375,375
376,376
377,377
378,378
379,379
380,380
381,381
382,382
383,383
384,384
385,385
386,386
387,387
388,388
389,389
390,390
391,391
392,392
393,393
394,394
395,395
396,396
397,397
398,398
399,399
400,400
401,401
402,402
403,403
404,404
405,405
406,406
407,407
408,408
409,409
410,410
411,411
412,412
413,413
414,414
415,415
416,416
417,417
418,418
419,419
420,420
421,421
422,422
423,423
424,424
425,425
426,426
427,427
428,428
429,429
430,430
431,431
432,432
433,433
434,434
435,435
436,436
437,437
438,438
439,439
440,440
441,441
442,442
443,443
444,444
445,445
446,446
447,447
448,448
449,449
450,450
451,451
452,452
453,453
454,454
455,455
456,456
457,457
458,458
459,459
460,460
461,461
462,462
463,463
464,464
465,465
466,466
467,467
468,468
469,469
470,470
471,471
472,472
473,473
474,474
475,475
476,476
477,477
478,478
479,479
480,480
481,481
482,482
483,483
484,484
485,485
486,486
487,487
488,488
489,489
490,490
491,491
492,492
493,493
494,494
495,495
496,496
497,497
498,498
499,499
500,500
501,501
502,502
503,503
504,504
505,505
506,506
507,507
508,508
509,509
510,510
511,511
512,512
513,513
514,514
515,515
516,516
517,517
518,518
519,519
520,520
521,521
522,522
523,523
524,524
525,525
526,526
527,527
528,528
529,529
530,530
531,531
532,532
533,533
534,534
535,535
536,536
537,537
538,538
539,539
540,540
541,541
542,542
543,543
544,544
545,545
546,546
547,547
548,548
549,549
550,550
551,551
552,552
553,553
554,554
555,555
556,556
557,557
558,558
559,559
560,560
561,561
562,562
563,563
564,564
565,565
566,566
567,567
568,568
569,569
570,570
571,571
572,572
573,573
574,574
575,575
576,576
577,577
578,578
579,579
580,580
581,581
582,582
583,583
584,584
585,585
586,586
587,587
588,588
589,589
590,590
591,591
592,592
593,593
594,594
595,595
596,596
597,597
598,598
599,599
600,600
601,601
602,602
603,603
604,604
605,605
606,606
607,607
608,608
609,609
610,610
611,611
612,612
613,613
614,614
615,615
616,616
617,617
618,618
619,619
620,620
621,621
622,622
623,623
624,624
625,625
626,626
627,627
628,628
629,629
630,630
631,631
632,632
633,633
634,634
635,635
636,636
637,637
638,638
639,639
640,640
641,641
642,642
643,643
644,644
645,645
646,646
647,647
648,648
649,649
650,650
651,651
652,652
653,653
654,654
655,655
656,656
657,657
658,658
659,659
660,660
661,661
662,662
663,663
664,664
665,665
666,666
667,667
668,668
669,669
670,670
671,671
672,672
673,673
674,674
675,675
676,676
677,677
678,678
679,679
680,680
681,681
682,682
683,683
684,684
685,685
686,686
687,687
688,688
689,689
690,690
691,691
692,692
693,693
694,694
695,695
696,696
697,697
698,698
699,699
700,700
701,701
702,702
703,703
704,704
705,705
706,706
707,707
708,708
709,709
710,710
711,711
712,712
713,713
714,714
715,715
716,716
717,717
718,718
719,719
720,720
721,721
722,722
723,723
724,724
725,725
726,726
727,727
728,728
729,729
730,730
731,731
732,732
733,733
734,734
735,735
736,736
737,737
738,738
739,739
740,740
741,741
742,742
743,743
744,744
745,745
746,746
747,747
748,748
749,749
750,750
751,751
752,752
753,753
754,754
755,755
756,756
757,757
758,758
759,759
760,760
761,761
762,762
763,763
764,764
765,765
766,766
767,767
768,768
769,769
770,770
771,771
772,772
773,773
774,774
775,775
776,776
777,777
778,778
779,779
780,780
781,781
782,782
783,783
784,784
785,785
786,786
787,787
788,788
789,789
790,790
791,791
792,792
793,793
794,794
795,795
796,796
797,797
798,798
799,799
800,800
801,801
802,802
803,803
804,804
805,805
806,806
807,807
808,808
809,809
810,810
811,811
812,812
813,813
814,814
815,815
816,816
817,817
818,818
819,819
820,820
821,821
822,822
823,823
824,824
825,825
826,826
827,827
828,828
829,829
830,830
831,831
832,832
833,833
834,834
835,835
836,836
837,837
838,838
839,839
840,840
841,841
842,842
843,843
844,844
845,845
846,846
847,847
848,848
849,849
850,850
851,851
852,852
853,853
854,854
855,855
856,856
857,857
858,858
859,859
860,860
861,861
862,862
863,863
864,864
865,865
866,866
867,867
868,868
869,869
870,870
871,871
872,872
873,873
874,874
875,875
876,876
877,877
878,878
879,879
880,880
881,881
882,882
883,883
884,884
885,885
886,886
887,887
888,888
889,889
890,890
891,891
892,892
893,893
894,894
895,895
896,896
897,897
898,898
899,899
900,900
901,901
902,902
903,903
904,904
905,905
906,906
907,907
908,908
909,909
910,910
911,911
912,912
913,913
914,914
915,915
916,916
917,917
918,918
919,919
920,920
921,921
922,922
923,923
924,924
925,925
926,926
927,927
928,928
929,929
930,930
931,931
932,932
933,933
934,934
935,935
936,936
937,937
938,938
939,939
940,940
941,941
942,942
943,943
944,944
945,945
946,946
947,947
948,948
949,949
950,950
951,951
952,952
953,953
954,954
955,955
956,956
957,957
958,958
959,959
960,960
961,961
962,962
963,963
964,964
965,965
966,966
967,967
968,968
969,969
970,970
971,971
972,972
973,973
974,974
975,975
976,976
977,977
978,978
979,979
980,980
981,981
982,982
983,983
984,984
985,985
986,986
987,987
988,988
989,989
990,990
991,991
992,992
993,993
994,994
995,995
996,996
997,997
998,998
999,999
1000,1000
1001,1001
1002,1002
1003,1003
1004,1004
1005,1005
1006,1006
1007,1007
1008,1008
1009,1009
1010,1010
1011,1011
1012,1012
1013,1013
1014,1014
1015,1015
1016,1016
1017,1017
1018,1018
1019,1019
1020,1020
1021,1021
1022,1022
1023,1023

0,357
1,958
2,518
5,352
8,780
9,688
10,671
10,935
10,685
11,258
11,15
15,528
18,316
19,1003
20,988
22,233
22,55
24,126
24,762
28,660
29,930
31,901
32,457
32,10
33,292
36,583
37,4
39,19
41,889
42,767
42,402
43,413
44,953
46,805
46,192
46,898
48,109
50,186
52,238
52,768
52,702
54,639
55,755
60,527
60,425
62,196
62,154
66,748
69,680
70,431
70,789
71,301
74,197
78,467
78,605
80,524
80,608
81,730
84,941
84,990
86,33
88,188
92,122
92,151
93,834
95,740
96,485
96,911
96,555
99,132
100,196
101,302
103,1019
103,69
103,1014
103,211
103,367
104,111
104,148
107,536
108,478
108,710
109,583
109,1015
110,680
111,729
112,532
112,790
113,196
113,1020
114,714
116,485
119,514
119,870
119,627
120,446
120,458
121,517
122,34
125,170
126,421
127,530
128,135
129,704
131,162
132,972
133,9
134,149
134,201
135,230
137,104
137,131
137,315
138,422
139,842
141,580
142,171
144,921
145,875
146,762
147,466
147,674
149,709
150,851
151,103
151,736
153,977
154,879
155,813
157,108
160,62
161,858
163,31
164,332
166,207
166,893
171,630
171,564
172,487
172,326
175,123
176,838
178,763
178,919
182,477
183,0
184,748
185,259
185,601
186,202
186,367
186,909
186,368
186,985
188,281
192,918
194,45
196,305
199,892
199,1002
199,929
201,485
204,476
204,214
209,545
210,379
211,24
211,419
212,46
212,828
215,444
220,641
222,697
226,945
226,524
227,222
227,722
228,468
230,362
230,831
231,566
233,336
236,447
236,770
238,186
238,499
242,262
246,32
247,902
247,827
247,606
248,178
250,157
251,570
251,247
251,355
251,952
252,981
253,921
253,779
254,92
257,397
258,142
259,855
259,839
260,408
261,517
262,62
270,431
271,899
271,230
271,697
271,931
272,822
274,855
277,602
277,436
278,869
280,923
280,744
280,645
280,321
283,368
285,651
286,629
287,416
288,258
288,632
290,702
292,901
292,460
292,957
293,227
294,796
297,852
298,110
298,589
298,626
300,354
300,147
301,11
305,251
305,752
307,355
308,144
311,655
315,499
315,511
316,956
319,261
321,315
321,531
321,437
327,336
327,600
327,728
330,886
330,594
332,66
335,128
336,922
336,839
336,571
336,236
337,491
340,871
341,240
342,303
344,732
344,337
346,943
347,169
347,502
348,947
348,955
352,575
352,260
353,603
353,907
354,578
355,486
356,761
361,42
362,963
362,949
363,816
369,370
369,671
371,353
371,974
373,227
373,475
374,147
374,544
376,148
376,941
379,104
381,199
382,591
386,530
387,587
392,769
392,81
394,330
395,354
395,375
397,295
398,775
398,289
398,602
398,231
399,46
400,809
402,374
402,976
403,1019
404,464
404,336
405,71
406,212
408,25
408,398
409,874
409,813
410,997
410,799
410,989
410,940
411,223
411,908
413,874
413,635
414,10
416,48
418,199
422,876
422,93
424,846
430,86
431,274
431,902
431,84
434,341
434,582
434,451
436,252
436,705
443,408
444,492
445,740
446,547
447,352
448,863
451,846
453,151
455,170
455,970
456,348
456,129
458,446
458,820
461,1013
461,271
464,915
464,901
464,702
466,597
467,688
467,866
467,39
469,112
471,967
472,554
472,230
472,953
475,39
477,376
478,485
478,861
484,478
485,411
485,242
485,496
485,572
486,119
486,29
487,953
487,104
487,398
487,409
490,254
491,443
492,113
494,382
496,84
499,288
499,999
501,657
501,346
505,920
510,827
511,361
514,748
514,900
515,103
516,24
516,640
517,890
517,501
517,545
518,300
518,667
518,102
519,340
520,664
520,271
522,375
523,546
525,835
525,579
528,616
528,760
529,985
530,817
530,305
531,107
531,779
532,434
534,485
536,484
536,418
539,920
540,253
546,236
546,305
546,384
547,96
547,126
550,531
554,402
555,70
555,565
559,280
559,406
561,688
562,515
564,180
566,399
566,22
567,121
570,283
578,238
582,516
582,181
583,743
584,644
584,804
584,575
585,124
587,744
588,636
589,846
591,808
591,108
594,321
595,172
595,659
596,588
598,842
600,134
603,559
603,648
603,998
604,689
606,50
606,974
609,660
611,471
616,434
619,700
619,480
619,409
622,976
624,889
628,622
629,119
630,135
631,383
634,28
635,204
636,618
636,8
638,580
639,619
641,529
644,251
645,294
652,525
654,166
655,971
655,609
657,773
658,112
660,373
660,567
660,815
662,164
663,840
664,141
664,226
667,900
670,895
671,958
674,411
675,0
676,271
677,404
678,763
678,539
678,317
679,920
680,566
680,71
681,754
683,784
685,800
685,395
689,846
690,503
690,721
691,484
694,395
697,839
697,965
699,763
700,183
702,392
707,954
707,937
707,662
709,690
709,758
712,834
713,980
714,32
714,799
717,758
720,396
721,337
722,451
725,634
726,347
728,970
728,841
728,445
730,863
731,327
732,814
732,68
734,278
735,95
736,118
738,264
739,654
739,456
740,378
741,933
743,881
743,353
750,52
750,153
752,308
755,182
755,290
755,376
756,516
758,529
760,70
760,319
760,573
762,660
763,860
764,203
764,472
766,130
766,1013
767,664
768,344
768,971
769,43
770,145
773,974
775,20
778,272
779,834
780,544
781,321
783,387
786,845
790,60
790,163
792,739
792,346
793,456
796,660
797,152
799,298
800,760
804,778
805,292
807,170
808,486
809,522
810,735
811,146
812,101
813,887
813,723
813,67
814,820
816,1020
817,849
817,274
820,74
820,632
820,561
822,971
825,933
828,517
831,10
832,361
834,84
835,109
835,879
836,248
837,912
838,853
839,365
839,685
839,186
839,597
839,524
839,298
839,909
841,797
842,535
842,301
842,1002
844,783
845,198
846,523
846,60
846,899
847,680
849,562
851,114
852,550
853,455
858,181
860,472
860,597
860,157
862,556
862,525
863,694
863,494
864,1015
866,259
866,972
869,54
869,993
870,225
870,572
871,983
871,461
874,905
874,501
875,584
875,255
876,349
877,939
879,119
880,138
881,224
881,735
883,617
887,209
887,822
890,675
891,287
892,697
892,80
893,850
893,97
893,401
893,503
894,119
895,238
899,714
899,818
899,1013
901,199
902,876
902,47
905,996
905,858
905,947
905,678
906,634
908,1018
908,534
909,110
909,793
911,678
912,619
915,774
917,424
918,559
919,520
920,181
920,259
921,250
921,469
921,949
922,933
923,137
924,210
926,160
931,846
933,510
933,869
933,162
936,1020
937,868
937,284
938,456
939,726
940,740
941,222
941,419
941,594
943,906
943,919
945,518
945,812
947,185
947,55
947,679
949,595
949,678
950,921
951,277
953,42
953,616
953,573
953,286
954,659
954,944
955,931
957,467
958,506
961,636
967,971
970,655
970,62
971,409
971,250
972,453
974,820
974,242
976,78
981,611
983,937
985,42
985,637
986,774
986,424
986,371
987,612
988,310
989,768
989,288
996,986
996,1019
996,707
999,837
1001,468
1002,409
1002,731
1007,689
1008,110
1010,164
1011,157
1013,491
1013,889
1013,553
1019,296
1019,106
1020,63
1020,59
