0,0
1,1
2,2
3,3
4,4
5,5
6,6
7,7
8,8
9,9
10,10
11,11
12,12
13,13
14,14
15,15
16,16
17,17
18,18
19,19
20,20
21,21
22,22
23,23
24,24
25,25
26,26
27,27
28,28
29,29
30,30
31,31
32,32
33,33
34,34
35,35
36,36
37,37
38,38
39,39
40,40
41,41
42,42
43,43
44,44
45,45
46,46
47,47
48,48
49,49
50,50
51,51
52,52
53,53
54,54
55,55
56,56
57,57
58,58
59,59
60,60
61,61
62,62
63,63
64,64
65,65
66,66
67,67
68,68
69,69
70,70
71,71
72,72
73,73
74,74
75,75
76,76
77,77
78,78
79,79
80,80
81,81
82,82
83,83
84,84
85,85
86,86
87,87
88,88
89,89
90,90
91,91
92,92
93,93
94,94
95,95
96,96
97,97
98,98
99,99
100,100
101,101
102,102
103,103
104,104
105,105
106,106
107,107
108,108
109,109
110,110
111,111
112,112
113,113
114,114
115,115
116,116
117,117
118,118
119,119
120,120
121,121
122,122
123,123
124,124
125,125
126,126
127,127
128,128
129,129
130,130
131,131
132,132
133,133
134,134
135,135
136,136
137,137
138,138
139,139
140,140
141,141
142,142
143,143
144,144
145,145
146,146
147,147
148,148
149,149
150,150
151,151
152,152
153,153
154,154
155,155
156,156
157,157
158,158
159,159
160,160
161,161
162,162
163,163
164,164
165,165
166,166
167,167
168,168
169,169
170,170
171,171
172,172
173,173
174,174
175,175
176,176
177,177
178,178
179,179
180,180
181,181
182,182
183,183
184,184
185,185
186,186
187,187
188,188
189,189
190,190
191,191
192,192
193,193
194,194
195,195
196,196
197,197
198,198
199,199
200,200
201,201
202,202
203,203
204,204
205,205
206,206
207,207
208,208
209,209
210,210
211,211
212,212
213,213
214,214
215,215
216,216
217,217
218,218
219,219
220,220
221,221
222,222
223,223
224,224
225,225
226,226
227,227
228,228
229,229
230,230
231,231
232,232
233,233
234,234
235,235
236,236
237,237
238,238
239,239
240,240
241,241
242,242
243,243
244,244
245,245
246,246
247,247
248,248
249,249
250,250
251,251
252,252
253,253
254,254
255,255
256,256
257,257
258,258
259,259
260,260
261,261
262,262
263,263
264,264
265,265
266,266
267,267
268,268
269,269
270,270
271,271
272,272
273,273
274,274
275,275
276,276
277,277
278,278
279,279
280,280
281,281
282,282
283,283
284,284
285,285
286,286
287,287
288,288
289,289
290,290
291,291
292,292
293,293
294,294
295,295
296,296
297,297
298,298
299,299
300,300
301,301
302,302
303,303
304,304
305,305
306,306
307,307
308,308
309,309
310,310
311,311
312,312
313,313
314,314
315,315
316,316
317,317
318,318
319,319
320,320
321,321
322,322
323,323
324,324
325,325
326,326
327,327
328,328
329,329
330,330
331,331
332,332
333,333
334,334
335,335
336,336
337,337
338,338
339,339
340,340
341,341
342,342
343,343
344,344
345,345
346,346
347,347
348,348
349,349
350,350
351,351
352,352
353,353
354,354
355,355
356,356
357,357
358,358
359,359
360,360
361,361
362,362
363,363
364,364
365,365
366,366
367,367
368,368
369,369
370,370
371,371
372,372
373,373
374,374
375,375
376,376
377,377
378,378
379,379
380,380
381,381
382,382
383,383
384,384
385,385
386,386
387,387
388,388
389,389
390,390
391,391
392,392
393,393
394,394
395,395
396,396
397,397
398,398
399,399
400,400
401,401
402,402
403,403
404,404
405,405
406,406
407,407
408,408
409,409
410,410
411,411
412,412
413,413
414,414
415,415
416,416
417,417
418,418
419,419
420,420
421,421
422,422
423,423
424,424
425,425
426,426
427,427
428,428
429,429
430,430
431,431
432,432
433,433
434,434
435,435
436,436
437,437
438,438
439,439
440,440
441,441
442,442
443,443
444,444
445,445
446,446
447,447
448,448
449,449
450,450
451,451
452,452
453,453
454,454
455,455
456,456
457,457
458,458
459,459
460,460
461,461
462,462
463,463
464,464
465,465
466,466
467,467
468,468
469,469
470,470
471,471
472,472
473,473
474,474
475,475
476,476
477,477
478,478
479,479
480,480
481,481
482,482
483,483
484,484
485,485
486,486
487,487
488,488
489,489
490,490
491,491
492,492
493,493
494,494
495,495
496,496
497,497
498,498
499,499
500,500
501,501
502,502
503,503
504,504
505,505
506,506
507,507
508,508
509,509
510,510
511,511
512,512
513,513
514,514
515,515
516,516
517,517
518,518
519,519
520,520
521,521
522,522
523,523
524,524
525,525
526,526
527,527
528,528
529,529
530,530
531,531
532,532
533,533
534,534
535,535
536,536
537,537
538,538
539,539
540,540
541,541
542,542
543,543
544,544
545,545
546,546
547,547
548,548
549,549
550,550
551,551
552,552
553,553
554,554
555,555
556,556
557,557
558,558
559,559
560,560
561,561
562,562
563,563
564,564
565,565
566,566
567,567
568,568
569,569
570,570
571,571
572,572
573,573
574,574
575,575
576,576
577,577
578,578
579,579
580,580
581,581
582,582
583,583
584,584
585,585
586,586
587,587
588,588
589,589
590,590
591,591
592,592
593,593
594,594
595,595
596,596
597,597
598,598
599,599
600,600
601,601
602,602
603,603
604,604
605,605
606,606
607,607
608,608
609,609
610,610
611,611
612,612
613,613
614,614
615,615
616,616
617,617
618,618
619,619
620,620
621,621
622,622
623,623
624,624
625,625
626,626
627,627
628,628
629,629
630,630
631,631
632,632
633,633
634,634
635,635
636,636
637,637
638,638
639,639
640,640
641,641
642,642
643,643
644,644
645,645
646,646
647,647
648,648
649,649
650,650
651,651
652,652
653,653
654,654
655,655
656,656
657,657
658,658
659,659
660,660
661,661
662,662
663,663
664,664
665,665
666,666
667,667
668,668
669,669
670,670
671,671
672,672
673,673
674,674
675,675
676,676
677,677
678,678
679,679
680,680
681,681
682,682
683,683
684,684
685,685
686,686
687,687
688,688
689,689
690,690
691,691
692,692
693,693
694,694
695,695
696,696
697,697
698,698
699,699
700,700
701,701
702,702
703,703
704,704
705,705
706,706
707,707
708,708
709,709
710,710
711,711
712,712
713,713
714,714
715,715
716,716
717,717
718,718
719,719
720,720
721,721
722,722
723,723
724,724
725,725
726,726
727,727
728,728
729,729
730,730
731,731
732,732
733,733
734,734
735,735
736,736
737,737
738,738
739,739
740,740
741,741
742,742
743,743
744,744
745,745
746,746
747,747
748,748
749,749
750,750
751,751
752,752
753,753
754,754
755,755
756,756
757,757
758,758
759,759
760,760
761,761
762,762
763,763
764,764
765,765
766,766
767,767
768,768
769,769
770,770
771,771
772,772
773,773
774,774
775,775
776,776
777,777
778,778
779,779
780,780
781,781
782,782
783,783
784,784
785,785
786,786
787,787
788,788
789,789
790,790
791,791
792,792
793,793
794,794
795,795
796,796
797,797
798,798
799,799
800,800
801,801
802,802
803,803
804,804
805,805
806,806
807,807
808,808
809,809
810,810
811,811
812,812
813,813
814,814
815,815
816,816
817,817
818,818
819,819
820,820
821,821
822,822
823,823
824,824
825,825
826,826
827,827
828,828
829,829
830,830
831,831
832,832
833,833
834,834
835,835
836,836
837,837
838,838
839,839
840,840
841,841
842,842
843,843
844,844
845,845
846,846
847,847
848,848
849,849
850,850
851,851
852,852
853,853
854,854
855,855
856,856
857,857
858,858
859,859
860,860
861,861
862,862
863,863
864,864
865,865
866,866
867,867
868,868
869,869
870,870
871,871
872,872
873,873
874,874
875,875
876,876
877,877
878,878
879,879
880,880
881,881
882,882
883,883
884,884
885,885
886,886
887,887
888,888
889,889
890,890
891,891
892,892
893,893
894,894
895,895
896,896
897,897
898,898
899,899
900,900
901,901
902,902
903,903
904,904
905,905
906,906
907,907
908,908
909,909
910,910
911,911
912,912
913,913
914,914
915,915
916,916
917,917
918,918
919,919
920,920
921,921
922,922
923,923
924,924
925,925
926,926
927,927
928,928
929,929
930,930
931,931
932,932
933,933
934,934
935,935
936,936
937,937
938,938
939,939
940,940
941,941
942,942
943,943
944,944
945,945
946,946
947,947
948,948
949,949
950,950
951,951
952,952
953,953
954,954
955,955
956,956
957,957
958,958
959,959
960,960
961,961
962,962
963,963
964,964
965,965
966,966
967,967
968,968
969,969
970,970
971,971
972,972
973,973
974,974
975,975
976,976
977,977
978,978
979,979
980,980
981,981
982,982
983,983
984,984
985,985
986,986
987,987
988,988
989,989
990,990
991,991
992,992
993,993
994,994
995,995
996,996
997,997
998,998
999,999
1000,1000
1001,1001
1002,1002
1003,1003
1004,1004
1005,1005
1006,1006
1007,1007
1008,1008
1009,1009
1010,1010
1011,1011
1012,1012
1013,1013
1014,1014
1015,1015
1016,1016
1017,1017
1018,1018
1019,1019
1020,1020
1021,1021
1022,1022
1023,1023

1,958
1,826
1,506
2,667
2,518
3,216
3,966
5,352
7,89
8,544
8,780
9,688
10,935
10,395
10,685
10,671
11,258
11,15
12,500
14,499
14,648
15,528
16,710
16,727
16,473
17,936
18,316
20,392
20,665
21,100
21,670
22,233
22,55
24,126
26,673
27,678
27,159
28,660
28,121
28,567
29,216
29,930
31,901
31,199
32,10
32,457
33,367
33,957
34,39
35,291
36,735
36,583
37,4
39,19
40,217
40,897
41,889
43,874
43,372
44,953
45,187
46,805
48,437
48,143
48,809
49,982
49,111
49,251
49,864
50,985
50,186
51,542
52,768
53,539
53,194
53,410
54,639
55,259
55,376
55,755
56,152
56,861
57,816
58,175
59,154
60,527
61,839
61,562
61,991
61,761
62,196
63,571
65,99
66,748
66,382
67,969
69,680
69,216
70,789
70,431
72,846
72,829
73,678
73,574
76,89
76,846
77,954
78,866
78,605
78,795
80,608
81,863
81,730
81,494
81,501
84,941
85,744
85,879
87,236
87,627
87,335
88,188
90,717
90,95
90,905
90,908
91,571
91,9
92,34
92,151
92,693
93,146
93,834
94,830
95,740
96,911
96,496
96,485
96,555
99,132
99,972
100,305
100,196
101,243
103,1014
103,69
103,1019
103,211
104,111
106,614
107,478
107,536
108,681
109,583
109,1015
110,1020
111,729
112,532
112,451
113,1020
113,196
114,714
116,572
116,485
117,585
117,302
119,514
119,870
120,1018
120,446
120,458
121,501
121,517
125,170
126,421
127,305
127,530
127,515
127,600
128,10
128,135
130,140
130,287
131,162
132,367
133,175
133,9
134,201
134,149
135,972
137,315
137,131
137,104
138,422
139,842
139,301
140,673
140,341
140,518
141,580
142,171
144,921
145,204
146,677
146,818
146,762
147,467
147,466
147,674
149,709
150,851
150,123
151,103
151,736
153,702
153,977
154,488
154,879
155,813
156,810
156,463
156,760
157,953
157,108
157,710
159,46
160,119
160,154
160,62
161,858
161,401
161,181
163,31
163,504
163,61
164,332
165,170
165,425
166,893
166,207
168,1007
168,108
168,219
169,678
171,564
171,630
172,953
172,487
172,326
173,547
174,620
174,766
175,123
175,827
176,249
176,838
177,331
178,919
178,763
182,688
182,697
183,0
184,748
185,601
186,909
186,368
186,202
186,367
187,234
187,902
188,281
190,865
192,648
192,553
192,660
192,918
193,52
194,45
195,946
197,907
197,938
197,531
198,331
199,892
199,929
199,1002
200,295
200,419
200,644
201,485
204,214
204,476
205,55
207,484
208,849
209,545
210,148
211,419
211,24
212,292
212,46
213,929
215,444
216,347
216,107
216,958
217,0
217,846
217,609
218,1023
218,894
218,856
218,620
220,985
220,130
220,641
221,821
221,1002
226,945
226,600
226,524
226,997
227,722
227,222
228,468
230,362
230,963
231,566
231,22
232,90
233,336
233,236
233,629
233,447
234,654
234,922
235,186
236,352
236,875
236,283
236,368
236,251
238,186
240,762
240,623
241,799
241,708
242,511
243,695
244,498
244,502
245,811
245,743
246,32
246,730
247,606
247,827
247,902
248,178
248,347
250,157
251,952
251,247
251,355
251,570
252,981
252,611
253,921
253,949
254,122
254,92
255,650
256,404
256,196
256,34
257,397
258,142
259,855
259,839
261,545
261,517
262,82
263,560
267,965
267,919
269,157
270,990
270,51
270,84
270,431
271,230
271,899
272,822
273,429
276,305
276,255
277,436
277,602
279,217
279,170
280,744
280,923
280,321
281,902
281,171
283,767
283,832
284,248
285,250
285,651
285,334
286,119
286,629
287,416
287,931
288,632
288,258
288,518
289,363
289,20
290,413
290,346
290,702
292,460
292,901
293,227
294,373
294,877
294,611
296,548
297,550
297,852
298,110
299,69
300,578
300,147
301,11
302,323
303,998
306,717
307,355
308,144
309,119
311,655
311,609
311,502
312,227
312,958
314,603
314,992
315,499
315,511
316,956
317,914
319,261
320,511
321,531
321,315
322,21
325,17
325,165
325,82
325,497
326,231
327,245
327,336
327,600
327,971
328,241
328,87
328,860
329,603
330,594
330,886
333,373
333,590
334,863
335,831
335,128
335,230
336,839
336,697
336,922
339,731
339,175
340,871
340,983
340,792
340,592
341,240
342,303
343,105
343,469
344,732
344,337
346,943
347,169
348,947
348,55
348,679
348,955
350,784
350,624
352,260
352,575
352,209
353,603
354,238
355,486
356,761
356,878
357,640
358,884
361,42
361,402
363,816
364,773
364,776
364,872
364,370
366,417
368,974
369,671
369,370
371,974
371,197
371,353
372,718
373,227
374,908
374,147
374,544
376,477
376,148
378,215
379,104
380,546
381,140
381,121
381,199
383,568
384,770
385,998
386,530
386,371
386,544
387,744
387,428
387,587
388,758
388,477
389,566
391,608
391,267
392,81
392,769
393,26
393,614
394,330
395,354
396,68
397,295
398,775
398,289
398,602
399,898
399,46
400,809
402,976
402,374
403,1019
404,680
404,464
405,71
405,301
406,212
406,879
406,10
406,648
406,828
406,192
406,796
406,833
407,490
407,305
407,545
408,398
408,25
409,813
409,874
410,940
410,989
410,997
410,846
410,799
411,223
413,635
414,10
415,708
416,182
416,109
418,199
420,405
422,93
422,876
424,846
424,648
425,772
426,536
426,472
426,92
426,280
427,759
428,325
428,533
429,763
430,292
430,86
430,33
431,274
433,971
434,341
434,582
436,252
436,935
436,188
436,59
436,705
438,998
439,476
439,183
440,761
440,73
441,947
441,650
442,93
442,145
442,209
443,408
444,492
445,965
445,571
446,126
446,807
446,547
447,408
448,375
448,863
449,502
450,212
450,470
450,59
451,846
452,745
453,151
454,114
455,702
455,62
455,970
455,170
455,541
456,348
458,446
458,820
459,1020
459,897
460,122
461,271
461,818
461,697
461,1013
461,889
462,964
463,456
464,915
464,901
464,702
466,597
467,39
467,688
469,163
469,807
469,790
471,1017
472,554
473,24
475,1003
475,2
476,429
477,376
478,627
478,485
478,861
479,162
481,671
481,508
481,6
482,555
482,504
483,610
485,411
485,242
486,119
486,29
487,420
487,398
487,104
488,369
488,748
489,235
489,808
489,306
490,254
490,935
491,443
492,113
493,716
493,248
494,591
495,835
495,952
496,230
496,62
498,788
498,864
498,357
499,999
499,288
500,506
500,168
503,403
504,63
504,869
505,783
505,920
507,481
507,92
508,191
508,461
509,515
510,827
510,54
511,361
513,111
513,1010
514,900
514,748
515,103
515,730
516,24
516,640
517,890
518,300
518,354
519,461
519,40
519,340
520,271
520,664
521,85
521,180
522,375
522,204
523,546
525,835
525,579
528,760
528,573
528,616
528,434
530,182
530,817
530,752
531,107
531,779
532,434
532,59
533,793
534,485
536,418
536,484
538,153
539,920
540,253
540,779
540,469
541,377
542,718
542,667
542,345
543,258
545,364
545,77
546,236
546,305
546,384
547,96
549,356
550,932
550,531
551,496
554,402
555,70
555,565
556,447
557,229
558,647
559,280
559,645
561,688
562,444
563,570
564,180
565,801
566,399
567,657
570,485
571,370
576,703
577,678
577,521
578,499
579,106
581,413
582,516
582,181
583,689
583,406
583,743
584,644
584,804
584,778
584,575
585,124
586,726
588,636
591,478
591,808
591,108
592,433
593,976
594,321
595,172
596,588
596,447
598,535
598,842
599,658
599,253
600,134
602,287
603,559
604,689
605,45
606,50
607,483
607,836
608,508
609,815
609,12
609,660
611,471
613,987
615,984
619,700
619,409
620,979
624,889
625,775
626,734
626,173
626,288
627,73
628,976
628,622
629,606
630,307
630,135
631,383
632,262
634,28
635,204
636,8
636,618
638,580
638,677
639,619
639,357
641,529
642,986
643,661
644,251
645,294
648,437
648,1010
648,112
649,915
649,643
651,1013
651,363
652,525
652,754
652,274
653,732
654,166
654,424
656,248
657,998
657,660
657,773
658,112
659,409
661,94
662,164
663,840
664,226
664,141
666,84
666,1000
666,52
667,425
667,530
667,900
668,462
668,974
669,104
670,895
671,958
672,16
672,720
672,208
673,461
673,780
674,411
675,0
675,848
676,271
676,931
677,909
677,261
677,404
677,336
677,110
678,539
678,763
679,180
679,920
680,71
680,566
681,782
681,754
681,510
681,167
682,217
682,454
683,784
685,800
689,846
690,721
690,503
690,154
691,484
691,135
692,440
692,475
695,881
695,296
696,89
696,316
697,839
699,795
699,763
699,814
700,283
700,183
702,392
703,504
703,415
703,826
704,1001
706,432
707,662
707,937
707,659
707,954
708,488
708,782
708,801
709,690
709,758
709,491
712,594
712,834
713,980
713,455
713,43
714,32
714,799
714,1013
716,905
716,901
717,758
717,529
720,396
720,808
721,337
722,425
722,451
723,482
724,656
725,774
725,634
726,347
727,122
727,821
727,715
728,842
728,970
728,841
728,445
731,728
731,740
731,327
732,68
732,820
732,814
733,854
734,869
734,278
735,95
736,118
737,301
737,842
737,493
738,264
739,718
739,919
739,654
740,378
741,933
741,162
743,881
743,657
743,353
745,768
749,591
750,153
750,52
750,238
751,939
751,43
752,562
752,308
752,274
753,809
754,373
755,290
755,941
755,182
755,320
756,516
756,804
757,258
757,189
760,637
760,70
760,319
760,658
761,934
762,660
762,82
763,860
764,472
764,203
764,25
764,985
765,617
765,127
766,130
766,1013
767,664
768,971
768,344
770,145
772,805
773,974
773,561
774,106
775,310
775,238
775,988
776,285
776,982
779,834
779,112
781,321
781,911
782,1013
785,711
786,845
787,379
788,63
788,17
788,197
788,989
789,855
789,534
790,60
790,177
791,406
792,739
792,346
793,456
794,737
795,858
796,39
796,475
797,152
798,688
799,694
799,298
800,902
800,760
802,292
802,1000
803,855
804,272
807,888
807,170
808,486
809,522
810,735
810,621
811,146
812,302
813,67
813,723
813,887
816,63
816,1020
817,849
818,844
819,603
819,892
820,632
820,74
821,77
822,971
823,928
823,372
824,308
824,59
825,933
825,510
827,876
828,517
829,239
829,603
832,767
832,361
833,984
834,84
835,879
835,109
836,248
836,1009
837,912
837,492
837,739
838,853
838,455
839,685
839,365
839,186
839,597
839,524
839,298
841,797
842,920
842,1002
843,900
844,950
844,783
844,387
845,198
846,60
846,523
847,680
847,696
848,830
851,114
851,861
852,119
853,831
853,203
854,842
854,693
854,740
857,840
857,592
859,709
859,405
859,537
860,597
860,84
860,157
860,472
861,809
862,556
862,525
863,694
863,382
863,395
863,43
864,1015
864,391
865,353
865,362
866,972
866,749
866,259
867,407
869,528
869,54
869,993
870,572
870,225
872,940
872,680
874,905
875,584
875,255
876,349
877,939
877,502
880,138
881,284
881,224
882,926
882,239
883,617
887,209
887,822
888,937
888,629
889,324
890,675
890,645
891,287
891,48
892,80
892,697
893,97
893,503
893,401
893,850
894,867
894,119
895,238
895,568
896,588
896,204
896,700
898,610
899,714
899,949
902,47
903,51
903,866
904,555
904,255
905,947
905,678
905,858
905,996
906,913
906,795
906,279
907,671
907,998
908,1018
908,534
909,793
910,217
910,930
911,3
911,144
911,678
912,480
912,838
912,127
912,400
914,129
915,774
916,987
917,287
917,1006
917,424
917,804
918,752
918,559
919,956
919,520
920,181
920,259
922,933
923,137
924,210
924,65
924,379
925,494
925,25
925,40
926,160
927,151
927,369
927,814
928,655
928,549
931,846
931,899
932,946
933,869
934,192
934,812
936,788
936,1020
936,59
937,284
937,868
938,637
938,704
938,456
938,129
939,726
940,740
941,222
941,419
943,634
943,906
945,221
945,101
945,518
945,812
945,102
946,604
946,377
946,140
947,185
948,18
948,665
949,678
949,659
949,595
949,317
950,250
950,921
951,277
953,573
953,286
953,616
953,42
954,944
955,931
957,467
959,589
960,128
961,636
962,370
964,658
964,284
965,655
967,971
968,212
969,682
969,577
969,416
971,250
971,409
972,453
972,1001
974,820
974,242
975,195
975,620
976,78
979,55
979,99
981,967
982,273
982,402
982,922
983,456
983,315
983,937
984,402
984,505
984,557
985,42
985,637
986,424
986,371
986,774
987,612
988,933
988,277
989,589
989,768
990,732
990,847
994,131
994,307
994,540
994,12
995,541
996,986
996,707
996,1019
997,626
998,923
999,703
999,837
999,619
1001,468
1002,409
1002,731
1002,524
1003,357
1003,490
1004,360
1006,133
1006,992
1007,689
1008,110
1008,459
1009,309
1009,1002
1010,66
1010,164
1011,157
1011,282
1013,491
1013,553
1016,649
1016,524
1019,296
