0,0
1,1
2,2
3,3
4,4
5,5
6,6
7,7
8,8
9,9
10,10
11,11
12,12
13,13
14,14
15,15
16,16
17,17
18,18
19,19
20,20
21,21
22,22
23,23
24,24
25,25
26,26
27,27
28,28
29,29
30,30
31,31
32,32
33,33
34,34
35,35
36,36
37,37
38,38
39,39
40,40
41,41
42,42
43,43
44,44
45,45
46,46
47,47
48,48
49,49
50,50
51,51
52,52
53,53
54,54
55,55
56,56
57,57
58,58
59,59
60,60
61,61
62,62
63,63
64,64
65,65
66,66
67,67
68,68
69,69
70,70
71,71
72,72
73,73
74,74
75,75
76,76
77,77
78,78
79,79
80,80
81,81
82,82
83,83
84,84
85,85
86,86
87,87
88,88
89,89
90,90
91,91
92,92
93,93
94,94
95,95
96,96
97,97
98,98
99,99
100,100
101,101
102,102
103,103
104,104
105,105
106,106
107,107
108,108
109,109
110,110
111,111
112,112
113,113
114,114
115,115
116,116
117,117
118,118
119,119
120,120
121,121
122,122
123,123
124,124
125,125
126,126
127,127
128,128
129,129
130,130
131,131
132,132
133,133
134,134
135,135
136,136
137,137
138,138
139,139
140,140
141,141
142,142
143,143
144,144
145,145
146,146
147,147
148,148
149,149
150,150
151,151
152,152
153,153
154,154
155,155
156,156
157,157
158,158
159,159
160,160
161,161
162,162
163,163
164,164
165,165
166,166
167,167
168,168
169,169
170,170
171,171
172,172
173,173
174,174
175,175
176,176
177,177
178,178
179,179
180,180
181,181
182,182
183,183
184,184
185,185
186,186
187,187
188,188
189,189
190,190
191,191
192,192
193,193
194,194
195,195
196,196
197,197
198,198
199,199
200,200
201,201
202,202
203,203
204,204
205,205
206,206
207,207
208,208
209,209
210,210
211,211
212,212
213,213
214,214
215,215
216,216
217,217
218,218
219,219
220,220
221,221
222,222
223,223
224,224
225,225
226,226
227,227
228,228
229,229
230,230
231,231
232,232
233,233
234,234
235,235
236,236
237,237
238,238
239,239
240,240
241,241
242,242
243,243
244,244
245,245
246,246
247,247
248,248
249,249
250,250
251,251
252,252
253,253
254,254
255,255
256,256
257,257
258,258
259,259
260,260
261,261
262,262
263,263
264,264
265,265
266,266
267,267
268,268
269,269
270,270
271,271
272,272
273,273
274,274
275,275
276,276
277,277
278,278
279,279
280,280
281,281
282,282
283,283
284,284
285,285
286,286
287,287
288,288
289,289
290,290
291,291
292,292
293,293
294,294
295,295
296,296
297,297
298,298
299,299
300,300
301,301
302,302
303,303
304,304
305,305
306,306
307,307
308,308
309,309
310,310
311,311
312,312
313,313
314,314
315,315
316,316
317,317
318,318
319,319
320,320
321,321
322,322
323,323
324,324
325,325
326,326
327,327
328,328
329,329
330,330
331,331
332,332
333,333
334,334
335,335
336,336
337,337
338,338
339,339
340,340
341,341
342,342
343,343
344,344
345,345
346,346
347,347
348,348
349,349
350,350
351,351
352,352
353,353
354,354
355,355
356,356
357,357
358,358
359,359
360,360
361,361
362,362
363,363
364,364
365,365
366,366
367,367
368,368
369,369
370,370
371,371
372,372
373,373
374,374
375,375
376,376
377,377
378,378
379,379
380,380
381,381
382,382
383,383
384,384
385,385
386,386
387,387
388,388
389,389
390,390
391,391
392,392
393,393
394,394
395,395
396,396
397,397
398,398
399,399
400,400
401,401
402,402
403,403
404,404
405,405
406,406
407,407
408,408
409,409
410,410
411,411
412,412
413,413
414,414
415,415
416,416
417,417
418,418
419,419
420,420
421,421
422,422
423,423
424,424
425,425
426,426
427,427
428,428
429,429
430,430
431,431
432,432
433,433
434,434
435,435
436,436
437,437
438,438
439,439
440,440
441,441
442,442
443,443
444,444
445,445
446,446
447,447
448,448
449,449
450,450
451,451
452,452
453,453
454,454
455,455
456,456
457,457
458,458
459,459
460,460
461,461
462,462
463,463
464,464
465,465
466,466
467,467
468,468
469,469
470,470
471,471
472,472
473,473
474,474
475,475
476,476
477,477
478,478
479,479
480,480
481,481
482,482
483,483
484,484
485,485
486,486
487,487
488,488
489,489
490,490
491,491
492,492
493,493
494,494
495,495
496,496
497,497
498,498
499,499
500,500
501,501
502,502
503,503
504,504
505,505
506,506
507,507
508,508
509,509
510,510
511,511
512,512
513,513
514,514
515,515
516,516
517,517
518,518
519,519
520,520
521,521
522,522
523,523
524,524
525,525
526,526
527,527
528,528
529,529
530,530
531,531
532,532
533,533
534,534
535,535
536,536
537,537
538,538
539,539
540,540
541,541
542,542
543,543
544,544
545,545
546,546
547,547
548,548
549,549
550,550
551,551
552,552
553,553
554,554
555,555
556,556
557,557
558,558
559,559
560,560
561,561
562,562
563,563
564,564
565,565
566,566
567,567
568,568
569,569
570,570
571,571
572,572
573,573
574,574
575,575
576,576
577,577
578,578
579,579
580,580
581,581
582,582
583,583
584,584
585,585
586,586
587,587
588,588
589,589
590,590
591,591
592,592
593,593
594,594
595,595
596,596
597,597
598,598
599,599
600,600
601,601
602,602
603,603
604,604
605,605
606,606
607,607
608,608
609,609
610,610
611,611
612,612
613,613
614,614
615,615
616,616
617,617
618,618
619,619
620,620
621,621
622,622
623,623
624,624
625,625
626,626
627,627
628,628
629,629
630,630
631,631
632,632
633,633
634,634
635,635
636,636
637,637
638,638
639,639
640,640
641,641
642,642
643,643
644,644
645,645
646,646
647,647
648,648
649,649
650,650
651,651
652,652
653,653
654,654
655,655
656,656
657,657
658,658
659,659
660,660
661,661
662,662
663,663
664,664
665,665
666,666
667,667
668,668
669,669
670,670
671,671
672,672
673,673
674,674
675,675
676,676
677,677
678,678
679,679
680,680
681,681
682,682
683,683
684,684
685,685
686,686
687,687
688,688
689,689
690,690
691,691
692,692
693,693
694,694
695,695
696,696
697,697
698,698
699,699
700,700
701,701
702,702
703,703
704,704
705,705
706,706
707,707
708,708
709,709
710,710
711,711
712,712
713,713
714,714
715,715
716,716
717,717
718,718
719,719
720,720
721,721
722,722
723,723
724,724
725,725
726,726
727,727
728,728
729,729
730,730
731,731
732,732
733,733
734,734
735,735
736,736
737,737
738,738
739,739
740,740
741,741
742,742
743,743
744,744
745,745
746,746
747,747
748,748
749,749
750,750
751,751
752,752
753,753
754,754
755,755
756,756
757,757
758,758
759,759
760,760
761,761
762,762
763,763
764,764
765,765
766,766
767,767
768,768
769,769
770,770
771,771
772,772
773,773
774,774
775,775
776,776
777,777
778,778
779,779
780,780
781,781
782,782
783,783
784,784
785,785
786,786
787,787
788,788
789,789
790,790
791,791
792,792
793,793
794,794
795,795
796,796
797,797
798,798
799,799
800,800
801,801
802,802
803,803
804,804
805,805
806,806
807,807
808,808
809,809
810,810
811,811
812,812
813,813
814,814
815,815
816,816
817,817
818,818
819,819
820,820
821,821
822,822
823,823
824,824
825,825
826,826
827,827
828,828
829,829
830,830
831,831
832,832
833,833
834,834
835,835
836,836
837,837
838,838
839,839
840,840
841,841
842,842
843,843
844,844
845,845
846,846
847,847
848,848
849,849
850,850
851,851
852,852
853,853
854,854
855,855
856,856
857,857
858,858
859,859
860,860
861,861
862,862
863,863
864,864
865,865
866,866
867,867
868,868
869,869
870,870
871,871
872,872
873,873
874,874
875,875
876,876
877,877
878,878
879,879
880,880
881,881
882,882
883,883
884,884
885,885
886,886
887,887
888,888
889,889
890,890
891,891
892,892
893,893
894,894
895,895
896,896
897,897
898,898
899,899
900,900
901,901
902,902
903,903
904,904
905,905
906,906
907,907
908,908
909,909
910,910
911,911
912,912
913,913
914,914
915,915
916,916
917,917
918,918
919,919
920,920
921,921
922,922
923,923
924,924
925,925
926,926
927,927
928,928
929,929
930,930
931,931
932,932
933,933
934,934
935,935
936,936
937,937
938,938
939,939
940,940
941,941
942,942
943,943
944,944
945,945
946,946
947,947
948,948
949,949
950,950
951,951
952,952
953,953
954,954
955,955
956,956
957,957
958,958
959,959
960,960
961,961
962,962
963,963
964,964
965,965
966,966
967,967
968,968
969,969
970,970
971,971
972,972
973,973
974,974
975,975
976,976
977,977
978,978
979,979
980,980
981,981
982,982
983,983
984,984
985,985
986,986
987,987
988,988
989,989
990,990
991,991
992,992
993,993
994,994
995,995
996,996
997,997
998,998
999,999

317,0;17,0.3726840668448633
11,0;112,2.8368044751716033
546,0;220,0.9672947626921896
621,0;191,0.652516475829575
720,0;62,1.2376974400319245;733,1.7819316309562219;675,1.9677763912405557
828,0;46,0.4629913905688908
757,0;81,2.6802801843869113;384,0.1337287607137815;46,0.5853792719893861;880,3.939484092094699;461,8.37147073920463;230,8.582545616355901
71,0;401,0.19597886181069232;694,1.098441988183792
151,0;574,0.1023747333428971
501,0;930,1.3404509528569286
716,0;551,0.9785525894207714
936,0;916,1.8299825377586294;541,2.2510206139109696
633,0;552,0.9423018136155767
998,0;556,2.4120101972403094;144,2.5397503108761152
748,0;891,2.146659719058549
588,0;813,0.44490376824849487
778,0;980,0.13770094603139588
739,0;812,0.5076552086774964
263,0;666,0.8501931370023611
266,0;666,1.4406093478539965
923,0;55,1.2790523763367647
655,0;558,1.7932642881741057
500,0;703,1.8219051661188161;443,0.3153026336494806
467,0;601,0.40750352721370725
48,0;788,0.8725765064513952
186,0;131,0.9149205383334836;118,3.508802394397506
514,0;999,0.7632191706068184
813,0;239,0.3868137918898282
4,0;862,0.3683658630964067
754,0;375,1.1852321423289216;895,1.1921544466178158
299,0;81,2.5157783646116982;897,0.07654321608672303;262,2.9351803265786103
621,0;890,3.034552140798185
749,0;592,1.5019056593331583;652,2.872850154427466
428,0;477,0.4539122110887939;768,1.9298559494793066;925,0.9443252074762677
383,0;70,1.7845897408314457
816,0;42,1.0384591131493475;809,0.20429708054692033;630,3.3341160782645245
685,0;492,0.12106754012545128
617,0;515,1.1303439396639532
729,0;995,0.7552882079232751
671,0;897,0.5476310548385498
134,0;739,0.17252618570683853
4,0;862,3.369756482359398
122,0;820,1.2332068765114266;381,1.5323988340783983;950,2.248731360526728;299,2.50292197286105;81,3.3611589799547597;897,3.3004804997633537;880,3.5618209232205946;461,4.286250349137152;262,3.8532375254128186
868,0;763,1.762080695440306
391,0;910,0.0635134994177041
656,0;316,0.9286881931080827
246,0;867,0.8438100752771951
275,0;245,1.057752062250909
829,0;582,0.815591308591245
96,0;428,0.2915351579234086;768,4.1096256789729635
588,0;813,0.9432400629592589;239,3.891241840466448
95,0;747,0.1472099297643796;190,1.6235259542688905
732,0;395,1.3807713695829205
465,0;876,0.11646958769592373
894,0;331,0.15253639038858702
921,0;40,0.16740305937450722;200,1.329123878187037
383,0;70,3.8016521053105365
249,0;402,0.4378666406291459
847,0;538,2.9002537808559796
757,0;384,0.35066726730379105;46,0.24168683092631943;964,0.47349177825398336
135,0;356,0.223428877200492
374,0;200,0.07203616701330899
142,0;133,2.1679633360178894
418,0;55,0.9847156765878868
324,0;762,1.706135372648287;73,0.3804016534098857;21,0.9989536617532948
373,0;383,0.41929932627842154
535,0;623,2.293158611090989
61,0;224,0.7642926269871828
438,0;982,0.024688490966101963
989,0;464,0.016226539418085918;115,0.2455936146291854
47,0;1,0.4557906053622921
936,0;916,0.26775355095780246;541,1.8249684326050382
300,0;774,0.27183514726150326;245,0.3213310736114966
566,0;415,1.799248131331713
875,0;868,0.28585215478447873
353,0;925,0.08951664544153119
489,0;26,0.01299301701637197
11,0;693,1.1123321651764562;676,0.1945292677174125;112,0.09237646036083091;942,1.5620356074434936
25,0;966,0.17227591414702745
674,0;961,0.11625924077830717
40,0;200,0.6618673970829165
674,0;961,0.21654633348642943
301,0;662,0.9133284357035572
461,0;230,0.04706876544162851;138,0.9084390732271244
755,0;321,0.12817035966121412;988,1.383005852964631
280,0;525,0.47765059577763036
106,0;877,0.22165252287535425;902,1.4999240539204346;458,1.9954361598332786;385,2.142540388927106
668,0;475,0.5558878542292619
786,0;662,1.6269040695166583;144,2.273741053671716
257,0;218,0.8139685672126985
934,0;92,1.2709044097585012
361,0;809,0.20063130093340342;517,0.20838149372613005
670,0;652,0.5552912120783778;177,0.8762936066861274
416,0;293,0.7301315486631722
800,0;42,0.8481748539617482;269,2.5742503150327627;573,3.017227106304847
674,0;961,0.90997895072241
686,0;410,0.28852079459634244;979,1.084885188021635
664,0;766,0.8959777430416321
741,0;6,2.0420583885132566
955,0;226,0.9129715367371748
654,0;209,0.8214776076039648;409,1.33469483830978
41,0;160,0.7531922313010039
729,0;995,1.296510793221668;487,1.475449627813323
500,0;227,1.4862545590270608;703,0.469388767684127;57,0.8990755764977871
989,0;464,0.49870450612497147;115,1.0274594680451625
139,0;431,0.8527665356066095
641,0;567,0.4892524907122347;456,0.833121579595109
157,0;154,1.1475953822099396
229,0;555,0.21882907088029444
581,0;131,1.1232399647198807;473,2.3591525442317938
721,0;964,1.4574660741015446
748,0;422,1.2109486167784604
151,0;574,1.6197250819295381
137,0;455,1.5036797172833392
669,0;46,0.08402744092022625
381,0;950,0.35610243732815533
370,0;306,0.49270949600330427
919,0;873,0.381209383895937;870,1.3176427881640393;769,2.7156299652701383
686,0;410,0.12502072217546267
179,0;978,0.14119824781169385
742,0;998,1.5153546639223168
888,0;844,0.002445568396948374
790,0;68,0.49132527665580467;314,2.4397318590522126
16,0;645,1.1247454552049851
901,0;202,2.4733582050671212
556,0;144,0.3393060757004851
220,0;666,1.0856002444533386
720,0;62,0.08975759466063957;733,0.4809461151010548;675,2.2837435068346665
689,0;523,0.5922460416578254
62,0;733,0.2926638094942293
414,0;796,0.9557706327362033
820,0;381,0.4476742776810055
878,0;261,0.5914506428893515
779,0;983,1.9066817161533864
73,0;240,0.9019350544642489
848,0;215,2.555442874521542
409,0;692,0.5886705868662123
729,0;995,0.2248355560634378
285,0;906,0.8961406401650182
990,0;472,3.345212232865896
185,0;952,0.03422616581603302;516,2.763416631964221
109,0;93,1.172604317714651;999,1.4228375885031936
280,0;563,0.3622267900012531;958,2.3907386641645254
730,0;233,1.5747802626284826
450,0;80,0.49611143819772563
707,0;709,1.4512376667684876
577,0;229,0.4427163693833246;555,0.8025361301440443
921,0;40,1.3960221028080955;200,1.616221517671213
199,0;769,0.5581472725209102
41,0;160,0.6718021008215951
351,0;814,0.26135424002654106
755,0;988,3.201715942897944
615,0;330,0.7194445794923345
778,0;980,0.3431553759266562
484,0;788,1.2209817374815106
213,0;256,1.075478242850411
755,0;321,0.7412277561669361;988,3.6612200850974683
634,0;516,0.992876553270298
873,0;870,0.036117335518421;769,0.7790551062179132;464,2.089713185174861
469,0;80,1.2916183689012029;959,1.3037423812224798
210,0;810,0.9662534401187064
105,0;704,1.8032282935061772;267,0.08719750770792303;588,0.08850886537690919
854,0;318,0.0306330918535541
66,0;907,0.0602856617520128
149,0;751,0.9312225976822541
139,0;390,0.476154176789868
507,0;280,0.8642200598054506;563,2.6131682595348424
769,0;464,0.06615973742791256
826,0;477,0.4245088757745349;925,1.073504906317047
41,0;710,1.2597007148559298;160,2.002716695744576
220,0;666,0.6970559181589364
87,0;871,0.9802642329729158
448,0;783,0.30333949084818357;789,0.687951141860878
373,0;383,1.8119665842909127
9,0;156,2.278456616479931
507,0;280,0.6150125993885818;563,3.1889151544424292;247,1.8656491915300584;550,1.8995672596236277
374,0;200,1.7894191269768944
280,0;247,0.1854434718679847;550,3.12113946244909
99,0;498,0.03312081254311136
566,0;415,2.2214785820105925
721,0;964,0.1599543466391502
497,0;84,0.6824979746831281
742,0;998,0.49164249004544974;556,0.726330696457955
685,0;469,3.5158992652847245;80,5.65087267437105
5,0;490,0.2997764723316943
941,0;352,0.11940693970334912
601,0;563,1.0074586340590197
280,0;563,0.10171149237554832;525,0.05873131678155959
765,0;861,0.7731687450010561;621,0.46300209536406234;890,1.2674558611776416;191,1.0180143610570602;72,1.206611239040369
106,0;877,0.018185130295678118;902,0.5255078732050232
754,0;636,0.03430350303377449;447,0.29518541924146413
535,0;831,0.6192213102250924;623,0.2720993242412242;711,2.052843547390256;183,3.5570093827323555;393,2.1955101418117957
400,0;348,2.1127489025969464
854,0;228,0.14565928979472645;318,0.2955030281779707;237,3.746908437253042
31,0;736,0.08076785601939725;18,0.17705901245470723
877,0;902,0.3326208127426192
335,0;560,1.233940764696929;443,3.6594867871187393
926,0;341,1.5563538456559245
693,0;942,1.36624724086408
785,0;315,3.524479172590229;526,3.9350356387726517
528,0;598,0.2314603806445936
