0,0
1,1
2,2
3,3
4,4
5,5
6,6
7,7
8,8
9,9
10,10
11,11
12,12
13,13
14,14
15,15
16,16
17,17
18,18
19,19
20,20
21,21
22,22
23,23
24,24
25,25
26,26
27,27
28,28
29,29
30,30
31,31
32,32
33,33
34,34
35,35
36,36
37,37
38,38
39,39
40,40
41,41
42,42
43,43
44,44
45,45
46,46
47,47
48,48
49,49
50,50
51,51
52,52
53,53
54,54
55,55
56,56
57,57
58,58
59,59
60,60
61,61
62,62
63,63
64,64
65,65
66,66
67,67
68,68
69,69
70,70
71,71
72,72
73,73
74,74
75,75
76,76
77,77
78,78
79,79
80,80
81,81
82,82
83,83
84,84
85,85
86,86
87,87
88,88
89,89
90,90
91,91
92,92
93,93
94,94
95,95
96,96
97,97
98,98
99,99
100,100
101,101
102,102
103,103
104,104
105,105
106,106
107,107
108,108
109,109
110,110
111,111
112,112
113,113
114,114
115,115
116,116
117,117
118,118
119,119
120,120
121,121
122,122
123,123
124,124
125,125
126,126
127,127
128,128
129,129
130,130
131,131
132,132
133,133
134,134
135,135
136,136
137,137
138,138
139,139
140,140
141,141
142,142
143,143
144,144
145,145
146,146
147,147
148,148
149,149
150,150
151,151
152,152
153,153
154,154
155,155
156,156
157,157
158,158
159,159
160,160
161,161
162,162
163,163
164,164
165,165
166,166
167,167
168,168
169,169
170,170
171,171
172,172
173,173
174,174
175,175
176,176
177,177
178,178
179,179
180,180
181,181
182,182
183,183
184,184
185,185
186,186
187,187
188,188
189,189
190,190
191,191
192,192
193,193
194,194
195,195
196,196
197,197
198,198
199,199
200,200
201,201
202,202
203,203
204,204
205,205
206,206
207,207
208,208
209,209
210,210
211,211
212,212
213,213
214,214
215,215
216,216
217,217
218,218
219,219
220,220
221,221
222,222
223,223
224,224
225,225
226,226
227,227
228,228
229,229
230,230
231,231
232,232
233,233
234,234
235,235
236,236
237,237
238,238
239,239
240,240
241,241
242,242
243,243
244,244
245,245
246,246
247,247
248,248
249,249
250,250
251,251
252,252
253,253
254,254
255,255
256,256
257,257
258,258
259,259
260,260
261,261
262,262
263,263
264,264
265,265
266,266
267,267
268,268
269,269
270,270
271,271
272,272
273,273
274,274
275,275
276,276
277,277
278,278
279,279
280,280
281,281
282,282
283,283
284,284
285,285
286,286
287,287
288,288
289,289
290,290
291,291
292,292
293,293
294,294
295,295
296,296
297,297
298,298
299,299
300,300
301,301
302,302
303,303
304,304
305,305
306,306
307,307
308,308
309,309
310,310
311,311
312,312
313,313
314,314
315,315
316,316
317,317
318,318
319,319
320,320
321,321
322,322
323,323
324,324
325,325
326,326
327,327
328,328
329,329
330,330
331,331
332,332
333,333
334,334
335,335
336,336
337,337
338,338
339,339
340,340
341,341
342,342
343,343
344,344
345,345
346,346
347,347
348,348
349,349
350,350
351,351
352,352
353,353
354,354
355,355
356,356
357,357
358,358
359,359
360,360
361,361
362,362
363,363
364,364
365,365
366,366
367,367
368,368
369,369
370,370
371,371
372,372
373,373
374,374
375,375
376,376
377,377
378,378
379,379
380,380
381,381
382,382
383,383
384,384
385,385
386,386
387,387
388,388
389,389
390,390
391,391
392,392
393,393
394,394
395,395
396,396
397,397
398,398
399,399
400,400
401,401
402,402
403,403
404,404
405,405
406,406
407,407
408,408
409,409
410,410
411,411
412,412
413,413
414,414
415,415
416,416
417,417
418,418
419,419
420,420
421,421
422,422
423,423
424,424
425,425
426,426
427,427
428,428
429,429
430,430
431,431
432,432
433,433
434,434
435,435
436,436
437,437
438,438
439,439
440,440
441,441
442,442
443,443
444,444
445,445
446,446
447,447
448,448
449,449
450,450
451,451
452,452
453,453
454,454
455,455
456,456
457,457
458,458
459,459
460,460
461,461
462,462
463,463
464,464
465,465
466,466
467,467
468,468
469,469
470,470
471,471
472,472
473,473
474,474
475,475
476,476
477,477
478,478
479,479
480,480
481,481
482,482
483,483
484,484
485,485
486,486
487,487
488,488
489,489
490,490
491,491
492,492
493,493
494,494
495,495
496,496
497,497
498,498
499,499
500,500
501,501
502,502
503,503
504,504
505,505
506,506
507,507
508,508
509,509
510,510
511,511
512,512
513,513
514,514
515,515
516,516
517,517
518,518
519,519
520,520
521,521
522,522
523,523
524,524
525,525
526,526
527,527
528,528
529,529
530,530
531,531
532,532
533,533
534,534
535,535
536,536
537,537
538,538
539,539
540,540
541,541
542,542
543,543
544,544
545,545
546,546
547,547
548,548
549,549
550,550
551,551
552,552
553,553
554,554
555,555
556,556
557,557
558,558
559,559
560,560
561,561
562,562
563,563
564,564
565,565
566,566
567,567
568,568
569,569
570,570
571,571
572,572
573,573
574,574
575,575
576,576
577,577
578,578
579,579
580,580
581,581
582,582
583,583
584,584
585,585
586,586
587,587
588,588
589,589
590,590
591,591
592,592
593,593
594,594
595,595
596,596
597,597
598,598
599,599
600,600
601,601
602,602
603,603
604,604
605,605
606,606
607,607
608,608
609,609
610,610
611,611
612,612
613,613
614,614
615,615
616,616
617,617
618,618
619,619
620,620
621,621
622,622
623,623
624,624
625,625
626,626
627,627
628,628
629,629
630,630
631,631
632,632
633,633
634,634
635,635
636,636
637,637
638,638
639,639
640,640
641,641
642,642
643,643
644,644
645,645
646,646
647,647
648,648
649,649
650,650
651,651
652,652
653,653
654,654
655,655
656,656
657,657
658,658
659,659
660,660
661,661
662,662
663,663
664,664
665,665
666,666
667,667
668,668
669,669
670,670
671,671
672,672
673,673
674,674
675,675
676,676
677,677
678,678
679,679
680,680
681,681
682,682
683,683
684,684
685,685
686,686
687,687
688,688
689,689
690,690
691,691
692,692
693,693
694,694
695,695
696,696
697,697
698,698
699,699
700,700
701,701
702,702
703,703
704,704
705,705
706,706
707,707
708,708
709,709
710,710
711,711
712,712
713,713
714,714
715,715
716,716
717,717
718,718
719,719
720,720
721,721
722,722
723,723
724,724
725,725
726,726
727,727
728,728
729,729
730,730
731,731
732,732
733,733
734,734
735,735
736,736
737,737
738,738
739,739
740,740
741,741
742,742
743,743
744,744
745,745
746,746
747,747
748,748
749,749
750,750
751,751
752,752
753,753
754,754
755,755
756,756
757,757
758,758
759,759
760,760
761,761
762,762
763,763
764,764
765,765
766,766
767,767
768,768
769,769
770,770
771,771
772,772
773,773
774,774
775,775
776,776
777,777
778,778
779,779
780,780
781,781
782,782
783,783
784,784
785,785
786,786
787,787
788,788
789,789
790,790
791,791
792,792
793,793
794,794
795,795
796,796
797,797
798,798
799,799
800,800
801,801
802,802
803,803
804,804
805,805
806,806
807,807
808,808
809,809
810,810
811,811
812,812
813,813
814,814
815,815
816,816
817,817
818,818
819,819
820,820
821,821
822,822
823,823
824,824
825,825
826,826
827,827
828,828
829,829
830,830
831,831
832,832
833,833
834,834
835,835
836,836
837,837
838,838
839,839
840,840
841,841
842,842
843,843
844,844
845,845
846,846
847,847
848,848
849,849
850,850
851,851
852,852
853,853
854,854
855,855
856,856
857,857
858,858
859,859
860,860
861,861
862,862
863,863
864,864
865,865
866,866
867,867
868,868
869,869
870,870
871,871
872,872
873,873
874,874
875,875
876,876
877,877
878,878
879,879
880,880
881,881
882,882
883,883
884,884
885,885
886,886
887,887
888,888
889,889
890,890
891,891
892,892
893,893
894,894
895,895
896,896
897,897
898,898
899,899
900,900
901,901
902,902
903,903
904,904
905,905
906,906
907,907
908,908
909,909
910,910
911,911
912,912
913,913
914,914
915,915
916,916
917,917
918,918
919,919
920,920
921,921
922,922
923,923
924,924
925,925
926,926
927,927
928,928
929,929
930,930
931,931
932,932
933,933
934,934
935,935
936,936
937,937
938,938
939,939
940,940
941,941
942,942
943,943
944,944
945,945
946,946
947,947
948,948
949,949
950,950
951,951
952,952
953,953
954,954
955,955
956,956
957,957
958,958
959,959
960,960
961,961
962,962
963,963
964,964
965,965
966,966
967,967
968,968
969,969
970,970
971,971
972,972
973,973
974,974
975,975
976,976
977,977
978,978
979,979
980,980
981,981
982,982
983,983
984,984
985,985
986,986
987,987
988,988
989,989
990,990
991,991
992,992
993,993
994,994
995,995
996,996
997,997
998,998
999,999

829,0;596,0.07640991208884187
363,0;972,1.4109082335672853
57,0;779,3.758244460479411
816,0;49,0.31029091999595765;911,0.6069966433189411;739,0.691742393517461;342,0.6379810228139324
766,0;301,0.00965307672982602
717,0;985,1.267108882853793
23,0;837,0.5477373364421302
154,0;191,0.32846767809728383;136,0.893876015198475
201,0;89,2.3268396338442483
308,0;191,0.04543902164306928
694,0;741,0.40627983198553275;278,0.02049806682271923;813,1.6876470934968184
762,0;311,1.0645146553944766
840,0;960,0.2193122334954035
39,0;5,0.33964919185642084;611,0.7619119584920794
352,0;879,0.519741678090285
968,0;465,1.71896061752841;393,1.7375248359958662;335,3.638889188604331
433,0;836,0.5537073249949552;891,0.9960102005554048
461,0;387,0.029943154553569315;566,0.8603102694640731;597,1.2272634338364727;615,0.9969212356217912
741,0;813,2.7032709804310873;178,4.043889387615131;156,3.7573526332551364
537,0;204,1.0069688883398784
718,0;710,1.2332159338049178
482,0;950,0.48651157368834197;765,2.255491114235859
638,0;334,0.3643305279777702
400,0;562,0.07555627054264867
277,0;347,0.10427088591750794
580,0;515,0.22505379956788746;136,0.22111355971643115;469,1.4776560142571489
590,0;768,2.837705162852905;642,4.561917724772725
19,0;474,2.335154869293087
786,0;129,1.701618398404209;371,0.5653506750963957
244,0;814,1.484512263630075
177,0;422,1.0546838396127427;707,7.383054085595702
361,0;585,0.01436321069195076;236,0.031095144524744392;962,0.6334483660926253;894,0.28074404467036346;418,1.5220857281738964
436,0;689,0.042783591132838354;583,0.7560348898403214
257,0;983,0.9068555016480473
621,0;901,0.2944333551025529
505,0;497,0.6100677691250157
457,0;864,0.5558295375990842
355,0;584,0.4737153559867781
518,0;842,0.4466545589633419
484,0;98,4.776481204492044
340,0;773,0.021957898341949268;816,1.329366230957953
738,0;327,0.6664831954145255
486,0;424,2.599480386147674e-05
417,0;500,3.0545823416555655
405,0;956,2.138599151983518
800,0;839,2.6935451168510394;173,3.3952376599193745
78,0;620,0.25564988347043827;221,1.48086982810927;692,1.679367545088051;846,2.005982973213137
250,0;502,1.0318225728134764
387,0;566,1.2279933966034273;597,2.028543899590769;683,2.920922760930895
245,0;616,2.6329147104960193
752,0;912,1.1384905951358504
69,0;680,0.5100394262626499;571,0.9322973733511173;114,1.9634143490053135
248,0;195,0.2009169825100582;886,1.058900865949652;307,1.5745602770917726
469,0;689,0.053728270503777036
308,0;191,0.8649619280531499;136,1.636290811800105
840,0;886,2.208051947822519;307,2.409850453191616
108,0;297,0.5980153669181295
439,0;704,0.02690469225435168
863,0;127,2.7587262830408354
172,0;306,0.3029675309005847;87,0.7092418972202877
581,0;91,0.36167868459210334;255,4.229246216034267
177,0;422,3.448161439095199;255,2.360679333430852;449,4.324462806009865
657,0;357,0.4704949406511454
189,0;848,0.7924974366746941;14,0.8155433651722949
585,0;236,0.5261313001541211
655,0;242,1.1518615460703787;420,1.2699650270976452
433,0;836,0.02638206846399037
794,0;179,0.17226445356283435
937,0;73,0.5063364589001043
488,0;993,1.4490115629861342
678,0;664,0.8735168371059527
277,0;757,1.0858137483035977
80,0;158,2.463698608042776
78,0;620,0.9217985679561317;221,1.0725102842005358;692,3.048616510005427
983,0;774,1.2413622235286834
772,0;646,0.6147716410324436
461,0;387,0.46583975414173007
429,0;191,0.2557606369981283;136,0.6467302910404662
821,0;59,0.21668613534501027
220,0;181,2.0503186341353463
564,0;254,0.35388373637886783
210,0;411,2.45882485539547
836,0;891,0.7334637979014507
443,0;138,2.7380759268044343;661,3.6760394081072327;363,2.799093896884423
573,0;118,0.1111122054796715
934,0;54,0.3846499003793083
782,0;17,0.33925506421860635
13,0;324,0.11680227805442471
368,0;442,0.12613645832420992;453,0.15059188263575388
754,0;234,1.5921545302962223
830,0;122,3.3928238778386413
616,0;107,0.2586743905331602;971,0.07615517025617045
754,0;234,1.043010376733947
30,0;0,1.655732854936758
917,0;885,0.04059885802036595
359,0;269,2.284171725383293
782,0;17,1.2471375681718766
122,0;343,2.6699661314211145
441,0;520,0.020355317299967774
590,0;768,0.8380612018068584;642,0.8513120550147917
182,0;326,1.5847026141810054
371,0;622,0.031003051783705843;248,0.9602180155321041;304,1.336587670954506
78,0;620,0.5199912928622886;221,0.23178004913584302
309,0;689,0.2170899859190546;313,2.6631492014622755;166,0.21875572192057022
669,0;539,1.0231173378706049
439,0;704,0.21562670223144997
363,0;972,1.9804992996788724
524,0;762,0.05699778451723922;311,0.06442237372530779
836,0;891,0.6573870479455618
288,0;26,0.31172927092435976
907,0;363,0.6863337101631504
712,0;799,0.8501485960858636
810,0;539,0.4069537288222631
77,0;380,0.5288479702554703
934,0;54,0.33123629546309213
694,0;741,2.3976986421744995
696,0;602,0.7979674001839235
19,0;474,0.6316524028064815
80,0;158,1.003312709487968
893,0;450,0.1278190077004425
187,0;153,0.1744571428601886
907,0;363,0.04215422798005782
384,0;632,0.8489620718240669
766,0;527,1.20963317982669;182,1.6577498457570978
845,0;828,0.9386767747034753
566,0;597,1.2847833652690863;683,0.7769412569371485
717,0;985,0.3473329800618367;546,0.42448690968329017
186,0;924,0.8036018970051828;298,0.5918911848290302
624,0;203,0.2941149414877788
475,0;99,0.03597586036026684;438,0.5810966441328999
508,0;703,0.18545973600719814
257,0;983,0.10090800530337472
444,0;555,0.35465692049149433
598,0;402,1.3442506096272313
730,0;308,0.39372157380331724;191,0.5946198725583399;99,2.743832426286083;136,0.6591657197849715
285,0;36,2.419223452352438
445,0;353,2.0173546156674886
850,0;164,0.40178274445759954;508,3.410649248909567
406,0;801,0.6841298612007152
550,0;290,1.6981790244979738;640,6.334560365911527
929,0;777,1.7917986810356046
893,0;450,1.2742607897552245
504,0;599,0.2875551160813558;348,0.3887355401732988;598,0.5965662405189858;402,1.3064469811214514
845,0;828,0.7387012524539284;358,2.2487734575230873
97,0;816,0.4957806773671508
253,0;979,0.40096616176175875
408,0;672,0.4206942210906188
125,0;253,0.5981864996606843;979,3.154922817975291
201,0;89,0.3862581451661894
588,0;320,0.941147886166122
876,0;714,2.8063417614824098
187,0;596,0.6438081545777544;153,0.11721735753249887
654,0;913,0.05833501505213155;53,7.455456379342767;612,2.1950796484428;550,8.678787425728714
823,0;952,0.9494320053905112;544,2.1275734360529492;373,1.1341228094107636;545,5.501112594254659;731,1.6270833816182102
892,0;119,0.1496835144500542
545,0;461,1.2477139692172345;387,2.2714642266041185;566,2.5371207806281073
457,0;864,0.3065616842079292
514,0;587,0.27225995330433156
187,0;153,1.4104731646290691
527,0;182,0.215436600329726
842,0;141,0.8386857642730233
762,0;311,3.420623506441037
177,0;422,0.679446386627301;255,3.345906196737857;449,2.2381149547888963
247,0;11,0.6185979129057717
169,0;190,0.12891886685515808
186,0;924,0.1413517722136729
172,0;87,0.763349829923704
527,0;182,0.7259390238619644
184,0;249,0.00867363066292963
210,0;411,2.0611294607629316
209,0;264,0.35522104575199953
962,0;418,0.25718870722862996
512,0;161,1.5573691336631554
925,0;620,0.054613356010524035
590,0;768,0.9769437142474969;642,2.573719571355111;749,1.2295667093077551
902,0;16,1.215702473566809
318,0;344,0.06271723778624047;699,3.3369902211393034
810,0;539,1.2625227730973902
1,0;333,2.8265290864324424
723,0;317,0.8267523255843127
425,0;120,0.5180313094870923
494,0;842,1.387669202247716
16,0;739,0.8547338039315003
77,0;352,0.08012747956367045;380,0.07876630438996193;879,0.43345668508693147
426,0;3,0.16384526171735994
11,0;946,2.46776544540175
209,0;264,2.769305287923817;545,0.5420853223577605;461,0.9836771805497959;387,1.9693068377962828
436,0;689,1.2257180589244532;583,0.6194094036169846
169,0;190,0.42349922516874267
251,0;931,0.347927210781803;399,1.6355126317000928
917,0;885,0.08478518860808427
30,0;0,1.572137619867616
422,0;449,0.38860337186519617
774,0;254,0.41954548439349243
911,0;739,3.7090083708043267
802,0;536,0.8025116818661324
31,0;578,0.49733902817242287
473,0;239,0.46701449444641757;303,0.29854034847229655
210,0;411,1.3493893835277926
472,0;603,0.0177178964647946;149,0.20084747355659183;335,0.8882790501638257
236,0;894,1.4572168927826827
493,0;674,0.0911324910058206
261,0;841,0.3010644923746822
439,0;704,0.2871074528067257
355,0;584,2.9767932578892435
880,0;410,0.9597286192720392
773,0;816,0.05271644033036573;49,4.123413811434445
713,0;721,2.7362302022043155
346,0;273,0.6425063661521325
968,0;465,0.7269445944169914;393,0.9483496271174168;335,1.5022050239076972
472,0;603,0.48030127326328054;149,2.36713395154206
633,0;293,0.5737846381624802
274,0;112,1.013679379980829;260,0.2001897123056688
308,0;99,1.260050472681533
786,0;129,1.2810141453232946;371,0.4022289224828727
880,0;410,0.7101772873995486
802,0;536,0.08162185855704193
580,0;515,0.4069285282039163
217,0;204,0.17820698423750997
833,0;872,0.3137384788863636
58,0;144,1.5567345589430597
701,0;377,0.15800902677141748
384,0;632,0.3890565089657852
855,0;242,0.6754722242464574;71,0.2012573616566972
931,0;399,0.7003895672891564
322,0;977,0.789732276897999
261,0;841,0.2300466481232297
77,0;352,0.7192050253215881
346,0;273,0.9637688906775156
345,0;157,0.9749965921051378
876,0;714,1.0387649086220303
420,0;758,0.27745217946766193
472,0;603,4.335976763562324;149,4.628200278760846
322,0;977,0.7492868203852977
16,0;739,1.0909051693486393
849,0;641,0.6817702297266516
277,0;757,0.25500220358870634;63,1.4649186995874555
209,0;264,1.5668412748928167;545,0.0531284074950885;461,0.24551438134977777;387,1.2983308184098836;566,2.4723517281210783;597,5.567888888310106;683,2.9349460825642266
248,0;195,2.2029923352643817
274,0;260,0.8426110834948048
568,0;176,0.46100630656735536
679,0;914,0.12959907414060165
925,0;620,1.294116149104918
960,0;673,1.6190691088148526
998,0;798,0.4247088491293705
506,0;784,2.176786039921741
694,0;741,0.8973005732854462
842,0;141,1.1851429397268523
654,0;621,0.6942504995355663;399,0.7487820982098613;538,1.7905794060918248
168,0;389,0.6205999438705095
221,0;692,2.259208757783503;846,2.728110804868721
772,0;646,0.5570575987162184
378,0;47,0.14768165428276497
496,0;676,1.4862833521449585;547,1.6646923104261089
996,0;125,0.005360881197768064
657,0;357,0.2750775334482625
53,0;550,1.9013491958428652;640,2.001052913133672
701,0;356,0.028748085093522852
359,0;975,0.3552992370547655;269,1.1313574476506798;66,0.7223078688048874
72,0;953,0.6536682052477906;418,0.40182566866326236
545,0;461,1.3607441622878793;387,1.992213742025902
15,0;384,1.7151784757035384
122,0;475,0.6826749741188939
422,0;707,0.3691289392015186;449,0.8072634166877991
409,0;551,2.9777353362959706
732,0;229,0.7457658824848981
73,0;726,2.531392159196825
876,0;714,0.0036516815437566946
91,0;255,0.5770353440726823
667,0;301,0.44979699545132346
19,0;474,0.3340559451860438
30,0;0,0.14398149901539778
488,0;993,1.6093409762918267
679,0;914,0.5655919942566902
247,0;11,0.02580451998428713;319,3.4878127244147428;413,3.558976500568647;869,4.282194826284312
832,0;570,0.04387854489321234
751,0;491,4.220794406279005
530,0;765,0.13885144630603288
189,0;848,0.008745321255465212
251,0;931,0.7895204138902693;399,2.2812495183653
117,0;122,0.9687383623678195;475,4.187113713654406
921,0;183,0.35300246133219393
830,0;122,1.1055496106260385;475,1.2864327376830873;99,2.593957922127629;438,1.3803607009621832
139,0;259,1.953115356424541
606,0;860,0.044498233143298864;787,1.6961398390066826;732,4.972290689876317;486,3.528968490040814;424,4.742518513093124;229,5.007368834528347
244,0;814,0.7815200966774308
621,0;901,1.2438478568531586;399,0.5236304278595301;538,3.995425261162968
462,0;488,1.2186652045782753;993,3.004416090377998
921,0;183,0.21297151015277693
375,0;128,0.7409433551868212
189,0;14,1.414644050115854
250,0;502,0.19144661740192703
19,0;474,0.32453350981864904
390,0;281,1.0153162525647148
5,0;611,0.6055657157006664;479,2.241218793013542
599,0;348,0.5755400920539026;598,0.21362419367264746;402,0.7110083487875745
352,0;879,0.21086046578770598;657,0.5249658573439583
906,0;752,0.8523577758373316
473,0;239,0.37396906087714615
960,0;673,0.220860293370114
787,0;486,1.011895161382838
738,0;327,0.32113301184383203
773,0;816,1.4402755144523294
469,0;689,0.9399183730118235
93,0;739,0.40811713079134987
69,0;680,5.2849930325078125;571,9.95327067071524;114,10.097741780434426
700,0;90,0.5748586741777016
959,0;689,0.7434970910789488
925,0;620,0.21633126180771153
738,0;327,1.241702840240096
15,0;384,1.4568029338409734
62,0;214,1.3493358991972977
77,0;380,0.4796317904523598
455,0;409,3.3288379669846795
236,0;962,0.42997527575359623;894,0.4436672524414677;418,2.0577738639718155
221,0;692,0.4055311129499837
368,0;442,0.977747900551049;453,0.46986336364154196;835,0.48465757805398857;118,1.2863590347267517;319,0.5183823414132086
405,0;956,0.06951297085661112
238,0;630,0.36630753064987454
621,0;901,2.1759762339532336
922,0;715,1.1785414155521237
469,0;717,0.004538846727186396
485,0;51,0.6153780921870788;343,1.0606672929582286
475,0;438,0.7589767462201532
42,0;752,0.704236199140834
879,0;657,0.8615732353808353
571,0;114,0.9616995123363278
493,0;674,4.114128567058005
899,0;657,0.3519722983973321
439,0;704,0.15461866403153146
375,0;128,1.9890589171333775
277,0;757,0.3972506973420432
220,0;181,0.6906170101828703;778,0.9895145616313782
493,0;674,0.5425605297608525
140,0;462,0.08489707514572839;695,0.38380196236099345;488,0.3190226341767237
588,0;320,0.11888018568645838
108,0;297,0.20042250343510293
842,0;141,0.6469789427836299
550,0;894,1.6198021397044369
177,0;422,0.04741831715450485;255,0.6946876047655631;449,0.10637561090245812
996,0;125,1.6768794345904074;29,0.10119268027856776
973,0;223,0.30707027842544465
756,0;67,1.5104541585203537
397,0;961,0.5119920701861835
647,0;20,0.7594116434786364
198,0;591,1.1034518307249135;109,0.4848483449012289;423,0.716259979057591
48,0;929,0.008372861927116658;777,2.5674844130760643
772,0;646,1.574441701094699
821,0;59,0.877334248230911
493,0;674,0.9368951854557526
926,0;940,0.3275703239742126;0,0.8836576002497327
976,0;394,2.2865870217417053
133,0;535,1.7734643505804328
922,0;715,0.9695022708668629
455,0;409,1.0705487272595597
439,0;704,1.3994179325940705
30,0;0,1.482924115734769
391,0;888,0.5462369326120156
259,0;599,0.41981135969467986;598,1.0498311332671113;402,2.5593675264495426
852,0;308,0.38517937745375286
8,0;722,3.673864080429629
330,0;172,0.28382572817375085;306,1.6063729513967198
91,0;255,0.239607338237242
647,0;20,0.19808512590735305
656,0;8,0.054877979427003135
660,0;759,4.839052323898235
285,0;36,0.4636825670500578
195,0;886,0.47167102159771246
863,0;127,0.15742488167857746
482,0;950,0.9556954696357162
774,0;254,0.7181398426542137
566,0;597,0.7687863930696592
752,0;912,1.0191322749344516
568,0;176,2.4919967071777775
772,0;646,0.9259393500178874
687,0;601,0.4469620186939726
19,0;474,0.3737779313419543
934,0;54,0.1336877818284944
172,0;306,0.06606185711934293
198,0;109,0.3115943437612725
529,0;32,0.09962060178638768;386,0.1291297408172524
415,0;812,0.057901094674316596
465,0;393,0.003142835107700941;335,0.31310887919290636
309,0;689,0.7856711922933562
465,0;393,1.5644385757142152;335,1.7693918723802
830,0;122,0.2837879789566961;343,0.7449757188241304;475,2.0404607500423326
838,0;682,0.2787986154190502
599,0;348,0.14163857241953712;598,1.44605267653971;60,4.420514863973207
154,0;191,0.04937702148658904
553,0;673,0.8113624547292863
852,0;308,0.6543593472644834
293,0;531,0.5846180995227966;140,0.2330797075983747;462,1.1669675888665192;695,1.8452935352677948
504,0;599,0.655725448675158
279,0;755,4.623901271831978
493,0;674,1.5039537547814985
773,0;816,1.7748254766637765;49,1.9526640965137732;911,3.2504552014428105;739,4.500555583547901;342,4.4504285450575285
473,0;239,1.1193051295205187
368,0;453,0.8699817764932053;835,1.238624059652314;118,2.5552415890199107
257,0;983,0.34223541070455943
919,0;799,4.071799553899709
143,0;592,0.2033997582710501;408,3.3783972750196996;672,3.954830847185424
58,0;144,0.7257190282852184
31,0;500,0.2110077058995848
996,0;29,0.1512346049813156
835,0;118,0.2742414116160966;319,0.32713221728575964;413,0.691847471800766
680,0;571,0.2528678614765188;114,2.311272798736532
574,0;82,0.6455884242461091
676,0;547,0.3067899692959617
581,0;91,0.4353484533282024;255,0.6630487820636828
660,0;759,0.7525501432151512
692,0;846,0.43074260204719467
578,0;923,1.4264886677707438
420,0;218,0.3705528343390528
985,0;546,0.8457700484712518
455,0;409,0.4833456567222188
737,0;333,0.10469930731051003
168,0;389,1.250537195540518
405,0;956,1.119624881685235
31,0;578,1.0742771417886445
436,0;689,1.5258247975144585
920,0;466,0.6576978903538944;225,2.113519931008583
766,0;527,2.3920506365230616;301,1.8362011197325923
37,0;725,1.1328696006548062
689,0;166,0.595105433943098
833,0;872,0.05582895859157225;20,0.18677813611046984;105,0.5600652132199203
236,0;894,0.9736184377115505
849,0;641,0.34119186360186704
701,0;377,1.3683943844884143
505,0;497,0.0666248838993765
817,0;834,2.7486204030832524
592,0;408,0.30520212713865885;522,0.6333965453909187;672,0.9990914925675987
245,0;616,0.5827429700375981;107,1.0996984936761478
379,0;163,1.2083156795093997
621,0;538,0.4097409671988874
817,0;834,0.11431385563898323;79,1.4643254997593982
445,0;353,1.643912003923215
831,0;192,0.1123640159701073
324,0;785,0.6050206890292971
91,0;255,0.6275093028258789
855,0;71,0.904924521267427
274,0;112,0.1611267132988105;260,1.1903770729059997
756,0;67,1.2334300267864513
831,0;192,0.9727023978970386
78,0;620,0.4904177483589849;221,0.1900952326573074
363,0;972,0.09909498252860563
839,0;173,2.3187240967511786
439,0;704,1.7837626064836618
257,0;983,5.470471147352394
465,0;393,0.2613582723627784;335,0.6215287546148689
473,0;239,0.17767192285420003;303,1.974962403609226
996,0;29,0.13578213552836643
80,0;976,0.1413333283853754;943,0.34932751409537366
15,0;384,0.1682120724964946;632,0.6504749441802493
738,0;327,0.4041473282552552
496,0;676,0.7755984839631863
368,0;453,0.6033432434011783
550,0;894,0.24920009779902766
737,0;333,0.4401874620189207
191,0;136,1.0251596984983589
217,0;204,0.8468164070048025
621,0;399,0.3117086853225826
782,0;17,0.0028284192209244025
445,0;353,2.678931845757066
11,0;946,0.8234548343790424
968,0;465,0.4193369987597229
913,0;612,3.9271951172084436
504,0;599,0.28574426557523425;348,3.625143646197018
16,0;739,0.8018322475314621
208,0;538,0.6293825915290093
985,0;546,1.7763696052778173
191,0;136,0.4993155596352999
941,0;753,1.2196189743538326;326,1.608564715378452
857,0;885,0.06330458478609732
58,0;144,0.12544796387487014
220,0;443,0.5051078048295444;181,0.6678821133929799;661,1.3149848866618457;778,2.16640982683311
198,0;109,0.8065504596273796;423,2.338752841735741
308,0;191,9.846218972496834;136,10.42162398943992
375,0;128,1.5949356906343048
838,0;682,0.8224038078990865
660,0;759,0.07500094796177552
328,0;904,1.3307540966448923
386,0;806,0.046670241800314406
680,0;571,0.6527650811864512
102,0;64,0.21447974748946408
359,0;975,0.4136779721457635;269,0.3344932941294359
340,0;513,0.035608282018235446
143,0;592,0.8969389080675992;506,2.0379516177200836
637,0;506,0.11712456061805364;784,0.6502756212034387
756,0;67,2.094617456279383
473,0;239,1.4101488065855576;303,0.25881908508731893
277,0;757,0.034017864314704084;347,0.2686803651598409;63,0.594613254606242
172,0;87,1.8200780391333835
530,0;458,1.574597554732634;765,2.8671468396413426
37,0;725,1.3370408378180199
568,0;176,2.138023089722941
37,0;725,0.022151958233903715
465,0;393,0.08203638314443168
172,0;87,1.4984836239334771
426,0;3,0.37775854073409887
428,0;419,0.20872929056160147
279,0;945,1.4314933649160357
328,0;904,0.32724364089422114
893,0;450,0.24438222029815154
140,0;462,0.1462385521143419
56,0;707,0.13200015247471028
39,0;5,1.2526610861574174
30,0;0,0.4701802342291901
810,0;539,1.1950449487472505
143,0;506,1.5949931395459835;784,3.6115873978313298
168,0;389,1.4297688323971072
505,0;497,0.8312331873983773
143,0;592,0.19065641640961759;408,0.5571284424540986;522,0.4785267089451464;672,1.306450780020502
8,0;722,0.22724540201562274
676,0;547,5.655244924829843
309,0;689,0.15637229389148152;313,0.24657142695631468
143,0;506,0.8615779649472243;784,1.4529171778289518
77,0;352,1.800178033864297;380,0.9528219862030158;261,2.3836683909585763;879,2.0789065403256086;657,4.515929692794192;357,4.756174554311869
633,0;603,1.675586444082808
917,0;885,0.11660280554961491
530,0;458,0.3742842036854019;765,0.41859037215603306
368,0;442,0.991272361280223;453,2.5822533179477247
181,0;778,0.7044850465554006
850,0;164,1.148680099220895;508,1.2061678783472047;703,2.0822835063312004
809,0;774,0.10328751185305385;254,1.0585339461356555
210,0;411,0.8126148131139412
62,0;214,0.47221826063885214
5,0;611,0.7241635631701614;420,0.9593336157197973;479,2.933213689842485;218,2.3327875764860746
431,0;230,2.1985057606200895
531,0;243,0.7097736948808037
272,0;784,1.3135200015332527
998,0;798,0.20633188338605093
924,0;719,0.6532927769395778
964,0;933,2.155172213854203
72,0;953,0.14771605804598256;418,0.41615615246432025
182,0;326,1.4821310161257828
102,0;64,2.0399671188270587
998,0;798,0.8744202059082593
293,0;140,1.8853905136517444;462,4.873986153520001;695,2.9116442425842166
926,0;53,0.09807076904725978;940,1.1570010174996312;550,0.5693972919708552;290,0.8131564837378692;894,2.0236669544715173
261,0;841,0.22254130755880389
808,0;962,0.48267688379962087;418,0.76365578619949
382,0;136,0.3071960998865955
782,0;17,0.005436619118315918
452,0;208,0.2542066249477993
187,0;596,0.10795094186991518;153,1.794432663299386
172,0;306,0.07495948312003967;87,0.8348670806267467
781,0;464,1.8120801111228335
529,0;386,0.2417306148286189;806,1.494123150786113
457,0;864,0.6161607357283834
670,0;162,1.0295150093031211
786,0;129,1.4603427247260379
53,0;550,0.11379046240573282;290,0.5493915854071181;894,0.12246803081449888
706,0;176,0.7136957424025285
701,0;356,1.3523055457856243;377,0.43153288518636446
913,0;53,1.1457113826080774;612,0.05811459630803232;550,2.1466158521034897;290,2.7867374793446635
293,0;140,1.1499217170731761
807,0;978,1.7144477115305112
564,0;254,1.2881385767519045
960,0;673,2.4459656194542854
244,0;814,0.02360552215442951
660,0;759,0.3341538977929639
807,0;978,2.987581588578943
368,0;442,0.25170989127224713
766,0;301,0.16862958282355126
199,0;730,0.9984710984697842
959,0;689,3.758455897475214;56,0.6541814568864113;707,0.8564495780132398;166,4.784451258608518
996,0;29,0.5399505005727694
235,0;33,1.6061779016819622
293,0;140,1.9303524729347457;695,3.1934255702947723
952,0;544,1.3650635230137285
741,0;813,0.4098871944015108;156,0.8139962742323041
532,0;858,0.2460594419136136
624,0;851,1.714712231108244
550,0;290,1.3936404776344118;640,0.25763319882490504;894,0.4816962157381341
836,0;891,0.007087916520420041
445,0;353,1.0560069027200614
259,0;599,0.5776908265976893;598,2.7337903882430488;402,2.838209605276304;60,3.0572055351482827
508,0;703,0.4852250404092588
97,0;816,1.352736020299043;49,2.725381137694587;911,2.810149429242069;739,3.514407454240577
603,0;149,1.076003111572313
221,0;692,0.4822046006694971
656,0;8,0.693705389697874;722,0.8140426356083525
855,0;242,2.1401475880458785
31,0;578,0.1679920755436751;500,1.0218506652860537
401,0;78,0.17164071834998879;930,1.5274570463802224;620,1.692521545490138
553,0;673,0.4196541362501219
920,0;466,2.051348187339893;225,6.0717194884461705
181,0;778,0.4622802053758869
629,0;897,0.5070609157744802
390,0;281,1.0541200024869912
950,0;765,0.5756450594097307
874,0;384,0.5950066321107791
906,0;752,0.18736323263114343
794,0;179,0.5240618778527807
692,0;846,0.5179803521951337
485,0;202,0.45444948955966963
195,0;886,0.19791832111444527;307,0.5824557137543998
48,0;929,0.051210179897856103
527,0;182,0.16842826762932656
566,0;597,2.388408326614887;615,2.9837423965665186
628,0;635,0.4948969356121318;861,1.7168357477207459
874,0;384,1.5405041754009172
849,0;641,2.8843001296165998
922,0;715,2.8987988190122804
880,0;410,0.42036890569042246
253,0;979,1.2797522744967247
831,0;192,1.5004728096053226
274,0;112,0.9963142948103789
457,0;864,0.34110590134894364
453,0;835,1.9969580819542925;319,2.0207901694183135
998,0;798,1.2385914028214646
774,0;254,0.3891140139933784
436,0;583,0.0651561394564629
309,0;689,0.20688746712321565
636,0;357,0.25505129342804433
97,0;816,0.10683329084901799;49,1.8112037731016837;911,2.7203476299914313;739,3.7493489512127254;342,2.9415185388650444
84,0;109,0.4387862921682537
840,0;886,0.020154208681538353
530,0;765,2.4761040799891654
510,0;91,0.4134672024610046;255,1.3454055528865903
139,0;259,0.5372620043968304
809,0;774,2.6983029518444503;254,3.9685504270744048
319,0;413,0.968700524045829;869,1.328326570289126
452,0;208,0.309991022329935
309,0;689,0.837350258031398;313,2.0489326637186767;166,1.04766878121742
444,0;555,1.358517781982546
669,0;539,0.16978356301998945
401,0;930,0.34991184763843336
439,0;704,0.7681612079475763
896,0;134,1.3507426299396186
849,0;641,0.19714737568726387
876,0;714,1.2894227763219284
370,0;785,1.155308487788445
654,0;913,0.31969354633996033;53,1.001349819209758
962,0;418,0.11112172680113679
860,0;787,0.5893826534759634;732,0.13675090808844173;229,0.9443807726439769
899,0;657,2.2455838568121966
996,0;125,5.142870314041342;29,0.14735866303590567;253,6.1097062225480165;979,6.285772759091811
700,0;90,0.002136407357533712
968,0;465,0.7447298663667618
244,0;814,0.061441566681779365
409,0;551,0.5410733077176071
768,0;749,0.25336944364072933
431,0;230,1.2113829570216363;373,0.5594419214380316;545,1.8074214420062495;731,3.529793384283365
222,0;804,0.01962365574238594
816,0;49,1.1192674650997558;911,2.636163720335235
217,0;204,0.7074133633223398
985,0;546,1.9316389262321056
849,0;641,1.0343823800859746
140,0;462,1.1014190262053478;488,1.3030722665335248;993,1.4300238752309007
787,0;486,0.6633788514311911;424,1.4427398664597662
578,0;923,1.3602795614305856
849,0;641,0.36144689898662014
111,0;392,0.6032131573420964
952,0;373,0.10417471511793276;719,0.6927780657881486
860,0;787,0.21023986736585648;732,0.5642457255729512
122,0;475,0.12100473366293596;99,0.24945545200499042;438,1.4546343661681695
198,0;109,0.2400136959182283;423,0.25487944260014544
48,0;929,1.049126627031904;777,3.0208265236806504
354,0;148,0.5613940976046207
72,0;953,0.024614349551555392;418,0.773643897432398
122,0;343,0.8383593810350977
69,0;680,0.21264014644289758;571,0.5145982387357931;114,0.5366094825640573
443,0;661,0.4848521558701105
78,0;620,0.10255088658161489
133,0;535,0.1298387366936032
902,0;16,0.19049898434888704;130,0.37520409681380884;739,0.8537079589974913
237,0;947,0.737572265043372
604,0;237,0.027981545752509402;947,0.11376764424878338
391,0;888,0.08613002440022577
455,0;409,0.23802608908476253;551,0.340630242128175
192,0;546,0.12347166011670184
850,0;164,1.9983381426814413;508,2.788100345910328;703,3.135738609213512
433,0;836,0.21665290740085563;758,1.6440836440475262;891,0.2934497252322745
849,0;641,0.2515090637043245
832,0;570,0.2822390977530844
47,0;366,0.3198646319755212
964,0;933,2.594813681032487
78,0;620,1.0942402026613711
146,0;836,0.5364732039939021;891,0.867177226588288
49,0;911,1.3664288681144159;739,2.3919174035961577;342,1.8839618505119708
830,0;122,0.24701206014013655;343,1.3476744013866169
78,0;620,1.3750807699238006;221,1.7460725813475184
412,0;530,1.6832375873446501
588,0;320,1.157456854707416
181,0;778,0.7916186736796139
842,0;141,0.3191918286799793
578,0;923,1.0613248047803996
309,0;689,0.4048783895365712
949,0;27,0.3035578063511326
272,0;784,1.2334419253863067
453,0;835,1.1672540865339935;118,3.0881890046362406;319,1.6362646798658467
154,0;191,0.15611901420889407
19,0;474,0.16569157294621611
863,0;127,0.6900979048504308
621,0;901,0.619262773590996;538,0.18821307725613545
329,0;807,0.7589330116985252;978,1.188860664022857
406,0;801,0.47621404216275104
836,0;891,0.2733729030400437
355,0;584,3.060256870033364;996,0.18582307822362165;125,1.1887893911796572
466,0;225,0.4900876106699956
146,0;836,0.18929889429775287;891,0.5454155087778898
834,0;79,0.7065593263931673
329,0;807,0.012426198825697154
857,0;355,0.34557483413037066;584,1.8343553139346187
250,0;502,0.19082468317676218
149,0;335,1.1194048540914279
253,0;979,0.9289334490299607
532,0;858,2.582741411543859
433,0;836,0.4242205387913344;891,1.1537629581205397
774,0;254,1.5448986136838694
680,0;571,2.4730966549813043
475,0;99,1.1600079359615048;438,2.5240173063461153
564,0;254,1.9827815179732269
941,0;753,2.0321221642378484
77,0;380,0.8984145456401899
636,0;357,0.3509999788491806
598,0;402,1.10685127676806;60,1.380715645400682
836,0;891,1.1796222553851865
680,0;571,1.0332112920223426
436,0;689,0.8500369612334638
679,0;914,2.841875285322823
359,0;269,0.3290330512108705;66,0.3767591461427595
732,0;229,1.2594420322224673
13,0;534,0.2250050172052941
807,0;978,0.8690371078832118
400,0;562,0.21084401171082234
154,0;191,4.447072057890777;136,7.8972220859317375
606,0;860,1.4953455019467583;787,1.5050601616891999
72,0;953,0.16848130380612478;418,0.320376796720921
514,0;587,1.1179313000927882
566,0;597,0.7309090068108319;615,0.5303827618803528
391,0;888,0.32757121166016917
80,0;158,0.9403634925746635
800,0;839,1.1674154484836288;173,1.8830099800033042
31,0;500,1.0685998072872396
568,0;176,0.17350300191431087
766,0;868,0.0811468006684625
436,0;689,1.647660802102647;166,1.8168286549148576
272,0;784,0.14877169350959799
766,0;527,1.0491776612002646;301,0.9051266961144728
329,0;496,1.1597023823680346;118,0.3016146250880209
750,0;428,1.6978949923446525;419,2.409572028063428
253,0;979,0.06318077033415538
524,0;762,1.9092531029451725;54,2.3845824639328024;311,2.3262563759126205
601,0;656,0.26583952479757444
462,0;488,0.736277661494624;993,0.8978694631536572
573,0;118,0.09723632741105068
440,0;934,2.3539891362134457;54,2.8049483779737923
586,0;160,0.1867934760215014
622,0;248,2.6840973792449287;304,1.3372030195970546
108,0;297,0.10481987893500265
590,0;768,2.0155908915091563;642,3.0685194963552243;749,2.7181302221170918
93,0;78,0.7476808063199227;739,1.7915849454259647;221,2.2667649530351914
638,0;334,0.5071467132278665
752,0;912,0.039359780789988225
39,0;5,0.02274526490578302;611,0.5260565355801784;420,0.9014558905277816
261,0;841,0.24931611329599473
177,0;422,1.1353885006854814
172,0;306,1.6509060908074602;87,1.4947674533539308
670,0;162,0.2529007680268687
309,0;689,1.1679028065657966
488,0;993,0.38415254214213745
420,0;758,0.7191545017896253;218,2.568079887987481
186,0;298,0.4616335046874372
457,0;864,1.7654592342835551
845,0;828,0.019915567024066713
840,0;886,0.25900241951745473;307,1.3803199832793027
880,0;410,0.5583928170218172
808,0;962,0.9766253853133653
475,0;99,0.6712871480076535
660,0;759,3.225986004285491
485,0;51,0.26533933763971734;343,0.4686435458342893
444,0;555,0.308646907113915
8,0;722,2.7559247485659655
62,0;214,0.4602353763149884
813,0;178,0.054269868128107863;156,1.2673825464063655
880,0;410,1.7620612323818805
58,0;144,0.13947120124636656
62,0;214,0.3298997828386714
603,0;149,0.48681483258798747;335,3.4525004097695398
382,0;136,0.9339342643250862
753,0;326,4.391654297674769
740,0;678,0.041915157289622175
679,0;914,0.9779393234684283
47,0;366,3.137502281659358
621,0;901,0.28705326734185466
781,0;464,0.38794373042659497
896,0;134,0.6226499028398508
857,0;355,0.13816032337999756;996,0.3921157537515516
164,0;508,0.052808310580548294;703,0.4239986770769875
453,0;835,1.3671070032362478;118,1.7233541583296974;319,2.9472260046713696
959,0;56,0.13157844569208949
48,0;929,0.20604607666234298
809,0;774,0.3782428099686471
409,0;551,0.48715193908797144
998,0;798,0.8633441878102697
286,0;531,0.13250472869338237
566,0;615,1.0236097469608068
750,0;428,4.806520096535692;419,5.1152465982599
354,0;148,0.5967492062112999
906,0;752,2.2692443471731822;912,3.1928203898744276
654,0;913,1.1975609351345802;53,1.84435832499328;550,2.461849398646203;640,3.9059792953685784
684,0;717,0.20227357227189596;985,1.2747883729065188;546,2.550624090730342
475,0;99,0.2908396489505945
462,0;488,0.21771829129244746
542,0;997,0.1088928746165162
319,0;413,0.8592372235257395;602,1.4180812864577823
27,0;137,0.20371941506562913
345,0;157,1.4232202036676724
484,0;720,1.3604186562293574
545,0;461,0.0014702709280618469;387,0.6462226753264246;566,1.1112859812797282;597,1.5000799873992985
221,0;692,0.3441955212984872
860,0;732,0.5990717362017981
628,0;635,0.4893851676698689
822,0;199,0.24438639848378627;730,0.6922210897908989
512,0;161,0.06162120698251186
752,0;912,2.1627132909720195
201,0;853,0.6596266646649114
952,0;544,0.3000660598654173;373,3.5575074513780693;719,1.126154384631052;545,4.882300473966984;731,4.5632982256775145
93,0;78,2.2765314981164506;221,2.4174284641574677;692,2.762759798021019
802,0;536,0.7564629025186073
571,0;114,1.6572704134695233
574,0;82,0.6855107028593833
511,0;975,0.7368815338207719
279,0;945,0.13545798859076133
952,0;373,0.4248552299796509;731,0.9484588922594812
285,0;36,1.6554989268316254
928,0;360,2.3887999003383587
518,0;842,0.5842571821609618;141,1.0466186521765202
550,0;640,0.828126104434692
400,0;562,0.14865232654342658
872,0;20,0.016612748190951987
603,0;149,1.8008552301389493;335,3.15887400808235
198,0;591,0.0331085802702765
384,0;632,1.3935274170415477
740,0;678,3.338654143521345
371,0;622,0.42862798454024936;615,2.1096016180482753;248,0.5019463052687214
1,0;333,1.6061417752527858
911,0;342,0.17405980820715047
860,0;787,1.1618526220783663;486,3.911232918442726
26,0;895,0.8413709113433387
504,0;599,0.3406530828801518;348,1.0074195821917897;598,2.995676578628495;60,3.1887061666467256
352,0;261,1.4962658427981617
274,0;112,1.2734213279024629;260,0.7970907745366002
248,0;195,0.12476931923242424;886,0.1348866845671742
345,0;157,1.2937140967197749
177,0;255,0.7130879897781994
676,0;547,0.2442039862907088
723,0;317,0.9643460954756402
628,0;635,0.20941022829578462
998,0;798,0.5865767720157544
928,0;360,1.365713900645964
27,0;137,0.5291229256099422
985,0;546,0.04819362556998696
542,0;997,0.7577286596856887
849,0;641,0.22846556590321462
140,0;695,1.339302849489941
829,0;596,4.826423818805311
425,0;120,0.07258149328387775
948,0;791,1.8745792548290516
208,0;538,0.7388821467956157
571,0;114,0.33756250304621044
452,0;208,0.1026056113648133;538,1.5176554561893554
774,0;254,0.2537547448350843
444,0;555,0.19499708975710525
393,0;335,0.7771125916604678
465,0;393,1.8054076590598747
309,0;689,0.09904677767653476;313,1.7132910279173028;166,0.8346164076795751
960,0;673,0.24141143781430904
651,0;637,1.0629666754948806;506,2.6866788107878916;784,4.79239532233932
413,0;869,2.73894142220269
274,0;112,2.936188585739219
872,0;20,0.89439998781519;105,2.058484973328654
794,0;179,1.2164092907111486
322,0;977,0.8629559268564055
436,0;689,1.968854213026004;166,2.255042678618583
747,0;283,0.1788338021856895
651,0;637,2.4445871289903467;506,2.556801278762498
189,0;848,0.07453129987189754;14,4.00703061950596
355,0;584,0.2854122127583114
629,0;897,2.019837409227044
77,0;352,0.46142011245439013;879,0.7777725885377982;657,1.1270156716219588;357,1.4104643373108852
647,0;20,0.6136997301348531
469,0;689,1.2611629087140905;166,2.277726062678946
913,0;53,1.9197073190513094;550,3.7866390033409303;894,5.49883247040995
485,0;51,0.12851571088384126;202,0.34929307734094733
952,0;373,0.6621643708463228;719,1.0579520303116463;545,1.9527453309348841;461,2.474034913527692;387,2.658555873212022;566,3.006527180113511;683,3.2642992912030557
822,0;199,2.174367817315659
645,0;781,3.5434731883545845;464,3.830346692525017
969,0;228,0.7807936024064385;921,2.3796473094477903
355,0;584,2.017594643440316;996,0.40301709007037784
138,0;363,0.8502201356804835;972,2.868477467486127
647,0;20,0.07320559525756833
574,0;82,0.4432463890159698
11,0;319,3.1844102112116603;413,5.03048392724393
611,0;479,2.1943651236168895
138,0;363,0.40334399389247433
529,0;32,0.4318793881361184
624,0;203,2.597993518521141;851,0.8353912368620299
599,0;348,0.0008662024296618213
730,0;308,0.21532355592220478;191,2.8265820369440156;99,1.3317591611506012;136,3.3053089402537235
616,0;107,0.19869556662353816
787,0;486,0.4403347734291751
47,0;366,1.9103581521351194
786,0;129,0.34307307320743824;496,0.12009919208432934;371,0.4431017910432712;622,1.5494472843361802
496,0;676,0.7630275543785735
244,0;814,0.2854239073334868
604,0;237,1.841978201980934
535,0;933,1.0788799645861429
941,0;753,0.10711552511050859;326,1.308836300358347
926,0;940,3.1518089719769655;0,5.214699294729664
860,0;787,0.10575009520699469;732,0.06485313518607175;486,0.6606948170114322
909,0;354,2.1191227451953685;148,3.8194516015825397
880,0;410,0.8010389387088964
603,0;149,1.3987630967660747;335,2.0484746138373735
532,0;858,1.6457105318787562
373,0;731,3.756193771630899
886,0;307,1.3521281524685886
93,0;78,1.3575588209110558;739,0.25607179571188987;221,1.7596646449985454;692,3.2829453046941746
831,0;192,1.0126105258459508
656,0;8,0.09852144277449207;722,0.40426910898626867
143,0;592,0.7751136034179613;408,2.034803169072597;522,1.1166057286093407;672,4.767978862561078
469,0;689,0.17717852223120698
5,0;611,0.6275080667302609;479,1.1614457755627212
439,0;704,0.274168013951487
48,0;929,0.42622347815225137;777,0.6301511819353225
996,0;125,3.4988309452147046;29,0.041728435266167194;253,4.5094480370967815
724,0;567,0.42988370040961416
829,0;596,0.3646813455861392
849,0;641,0.7125603479469216
420,0;758,1.01052324656577
906,0;752,0.20784948315908752;375,0.5753146593472291
959,0;56,0.04566940928140648;707,1.1736747544297317
860,0;787,0.17013032564961955;732,1.5360069250381134;486,0.3542273525416676;229,1.7102175994548199
453,0;835,0.6068406692305189;319,0.847187962858464;413,1.5433719906876664;869,3.0196881092457044
248,0;195,2.7566961031413317
950,0;765,0.7415492502091524
322,0;977,0.05030238815690139
406,0;801,0.3942936159259837
443,0;661,0.4661459463256366
221,0;692,0.37332991195551724
359,0;66,1.505114821076349
375,0;128,2.7536952445129717
876,0;714,2.0640226101260506
279,0;945,1.262067739977812
724,0;567,0.6360025662412103
244,0;814,0.7741393536912875
621,0;399,1.8210866317193832;538,3.356066451320702
78,0;221,0.565221886708456
906,0;375,1.5336428851865662;128,2.9070498576627193
747,0;283,1.0443366925648088
617,0;782,1.3234186564134032;504,3.1456706333469886;174,0.472264956098708
834,0;79,3.0318081665523997
985,0;546,0.4982149702799122
72,0;953,0.17160132186573446;418,0.39081116033636004
95,0;23,0.5321185093045288;837,0.5893666788973236
802,0;536,0.534439189923089
771,0;574,0.6222960256255997
907,0;363,0.17154842884494792;972,4.423893899906144
368,0;442,0.6452023514596007
660,0;759,1.410824011007
655,0;242,0.39595833304380923
920,0;466,0.16147660664784644;225,3.964802746020375
406,0;801,1.304208219446505
436,0;689,0.5764092230564173;583,0.16212980963962015;166,0.7711952500450081
976,0;394,1.7481291442932094;943,1.495735385710453
621,0;901,1.3344312897010608;399,0.8280008193934518
810,0;539,0.9032355710206621
940,0;0,0.09437752494807601
590,0;768,0.7613075540958771
420,0;218,0.7051948781103173
329,0;496,0.5180843790105814
766,0;301,0.4791255087589156;868,0.059737979901013
821,0;59,0.06484526910301752
439,0;704,0.994852920961244
603,0;149,0.9287575813594657
624,0;203,0.6822546749162435;851,3.4175814210653437
530,0;458,1.281377990644617;765,0.7019370802325656
400,0;562,1.3029633947685275
300,0;457,2.322184554611287
361,0;585,0.2676117418198254;236,0.549706186719598;962,1.6146832761099075;894,1.4841622479536372
550,0;290,0.1886023834684281;640,0.3700991658054236
962,0;418,0.08522947371658547
530,0;458,0.1921588039627298;765,0.9780543556943805
444,0;555,0.7792446432044846
420,0;218,0.8596581546220265
830,0;122,0.3935453303819115;343,2.0339369329727788
122,0;343,0.05577274803524843;475,1.0509075603043911;438,2.8686439808215347
937,0;73,0.953175264242846;726,1.7736287819404164
140,0;462,3.4756055088944424;695,0.16623407798822176
969,0;817,2.3562704153739147;921,1.2748130417087231;183,3.4742670443076498;834,2.385447162439505
16,0;130,2.0077569660121424
93,0;739,0.14684554657546992
186,0;924,1.6401251631351754;298,1.9694986816769215
842,0;141,0.6783701928912478
949,0;27,1.8763625789007703
606,0;860,0.010305206903113002
485,0;202,0.05975917180097844
274,0;112,0.17470906347834997;260,0.0466268623215789
952,0;373,0.8324563271914336;731,0.8435693253512151
757,0;63,0.13913146141720692
553,0;673,0.4294049841505772
863,0;127,0.060795582028898495
62,0;214,1.8696514435943394
53,0;550,1.0293454706912808;290,2.3826971799623617
455,0;409,0.15765117212289523
840,0;960,0.42034654723107745
872,0;105,0.8425357583390118
949,0;27,0.20825315956378257
387,0;566,1.2666200022397613;597,8.064376755708873
830,0;122,1.4161816166938388;343,3.4409840801415577
830,0;122,1.987064804442458
863,0;127,0.5486457271029841
718,0;710,1.890658854642881;183,0.9716201246730041
312,0;853,1.4430679733346974
97,0;816,1.5232487995520365
684,0;717,4.7207606845321965;985,4.787829887356882
505,0;497,1.3579270666237846
217,0;204,1.139931650200128
5,0;611,0.027591184140731195;420,2.0504862081728357
329,0;496,0.44681835761883226
88,0;525,0.4127341939491268
23,0;837,0.12270766628615085
428,0;419,0.0010031532525129497
808,0;962,0.2832190219234492
382,0;136,0.16854022744903494
48,0;929,0.46655643151221354;777,0.8330431773848648
93,0;78,0.8269931199840737;739,1.2345902481566746;620,2.1692328565543537;221,0.9721041320845537
571,0;114,0.7263756045001643
406,0;801,1.6025871621136942
508,0;703,0.8349527190240809
645,0;781,2.2713477726883693;464,2.287955834255019
486,0;424,0.059961900916202814
431,0;373,0.07509724791401128
512,0;161,0.9000206066231119
816,0;49,0.12734286498137057;911,1.5152137060250266;739,3.450684136781705;342,2.583061107870428
976,0;394,0.565287747533123;551,1.2943696123370279
213,0;916,0.25364243183472807
274,0;260,0.8344691014870412
19,0;474,0.28948209330767305
318,0;344,2.300585939148506;699,4.591515492023038
713,0;721,0.782559681205461
732,0;229,0.7124154720341471
475,0;99,0.5751894585303665;438,0.28902075117823883
140,0;462,0.3475186292222119
952,0;544,1.3022410330590506;373,0.005155356185539868;545,0.14461885060379687;461,2.3233530209974074;387,3.144935871791675;566,3.575406310324179;597,4.858949596850693
996,0;125,1.4703670544254568;253,1.6125625674937059
849,0;641,0.42716151183073464
182,0;326,0.2255082096961686
259,0;599,1.7525308972808376
518,0;842,0.7297808848720765;141,1.4055387403828146
802,0;536,0.7094277620492719
645,0;781,0.08419545118744776
934,0;54,0.23514058953384426
689,0;166,0.07103638214336419
718,0;183,1.964560401836905
381,0;723,0.06787920378978902;317,1.124787178526171
13,0;534,0.17495971020600298;324,0.67192713235977;785,1.5416054876253151
694,0;741,2.2096672897686576;278,4.186601285697623;813,4.6116677115849845;178,4.751540451797819;156,5.834660367965523
253,0;979,0.8632770631027312
835,0;319,0.3447776911353848
756,0;67,7.17515760096302
397,0;961,1.9641392797769106
654,0;913,0.05725012068760387;621,0.007710896321690531;399,0.49957193268213124;538,0.041972052493299446;612,0.2765767201712842
925,0;620,2.690211411396584
564,0;254,1.7437815419498663
813,0;178,0.6079201000796058
622,0;615,0.18016684015843923
713,0;721,0.7855033665944008
773,0;816,0.11414978239929713
611,0;479,0.4144152271576235
913,0;612,1.4165354607111431
514,0;587,0.01932237991269045
386,0;806,0.07833282948856563
842,0;141,0.5473458908315558
494,0;842,0.4347843478233933
718,0;710,2.4123016626096345
49,0;911,0.09209455338471739;739,0.30451613262675414;342,2.1491367482499615
379,0;163,0.2504434791986877
475,0;99,0.6149526018381964;438,0.491693421335543
833,0;872,0.7614598024323258;105,2.078091286426271
651,0;637,0.610132802957246
706,0;176,0.461238832882497
617,0;782,1.1895228171084693;174,1.6751257262451598;17,1.6074264931776667
428,0;419,0.13111551275542782
781,0;464,0.6065347280961493
482,0;950,0.8025983184249568;765,2.2042960336261515
274,0;260,0.4837259608461353
842,0;141,0.6678497606301389
143,0;592,0.2959649449900015;506,0.0017051619195151255;408,1.0176073246820336;672,1.5695052557753795
962,0;418,0.14869139371282247
217,0;204,3.42278791897674
902,0;16,0.9923095392283656;130,2.2419488017614206;739,2.594444287351708
751,0;491,0.2955322426689836
706,0;176,0.45267167436036954
952,0;544,1.5044172026350389;719,0.8631796058178162
257,0;983,0.24066713691912522
393,0;335,2.4168499833070247
496,0;676,0.07029030124577784
340,0;773,0.05903067187902534;816,0.1443678248975626
845,0;828,1.1283397203184267;358,1.8550738253402355
617,0;782,0.2673074593143196;504,0.48607928489443025;174,0.05467717775295764
420,0;758,1.0833270169410474
545,0;461,0.020456007509330156;387,1.6590280287772106
657,0;357,0.8503966871511915
401,0;78,1.175943512592726;620,1.4618031287945918
855,0;242,0.6977642335619225
413,0;602,5.422860633246158
813,0;156,4.913572679645869
272,0;784,2.9923270577885255
678,0;492,0.07135463171617967
488,0;993,0.3175022470881826
431,0;230,1.3910266300005272;373,0.49044644299999546;545,3.1233819873305717
740,0;678,0.0041546154038151544
687,0;601,1.5936723540519635
773,0;816,0.38101170559520003
907,0;363,2.3135872107958284;972,3.475077761340189
747,0;283,0.3822846225245469
718,0;710,1.4925470975649322;183,0.15814758720714214
928,0;360,1.8971813677980152
247,0;11,0.1559565653209167;319,0.20356000015877185;413,1.853926411358319;869,2.1346614152962147
5,0;420,0.04129672299889574;758,0.17761880283044168
892,0;119,0.45993621313971644
494,0;842,0.8356841875115245
428,0;419,2.344096835353674
973,0;223,1.3015452030428638
469,0;717,0.600490032209606;689,0.2198858517495208;166,0.8967993164841277
840,0;886,0.9792411156848033;307,2.9083438634347663
441,0;520,0.6701941417831206
940,0;0,0.9532083249577201
440,0;934,0.12276571538199646
782,0;17,0.1889180298263025
19,0;474,0.27074313395745897
907,0;363,0.9660099996131492
274,0;112,0.2428961294125368
198,0;591,1.8670808099478586;109,0.34812917349858397;423,0.35353079848786173
872,0;20,0.5269659550180721
813,0;178,0.8075948168826927;156,0.010657490722500652
937,0;73,0.23562174513121192
876,0;714,0.2119789580165643
482,0;950,0.7727110451895511;765,1.2345748021661571
797,0;8,2.4077770077930496;898,0.021371360700673074;722,3.3679293180749768
386,0;806,1.1065748559468556
645,0;781,0.811832147899027;464,2.8425577317663007
77,0;352,0.24230398521252366;261,0.7127794869922967;879,1.5289577958650309;841,0.7566786121061806
957,0;809,0.243271245241751
445,0;353,1.3646674770115288
724,0;567,1.040212258788739
379,0;163,0.12178166194204791
382,0;136,1.1066695410436418
345,0;157,0.9611684746991258
679,0;914,0.12812107031496553
272,0;784,1.434885303718268
751,0;491,0.21711697727211768
472,0;603,0.13290676676349752;149,0.8746893249846982
959,0;56,1.2716400702859711
741,0;813,0.87512375636346
95,0;17,0.23609423253498968;69,0.8230145685590385;23,1.2241504640350251;680,3.340315990706402;571,4.09815742715507
568,0;176,0.13821102610209468
236,0;962,0.5552040429919218;894,1.9866137905178256;418,0.5667214702782615
23,0;837,0.6897474675232
508,0;703,1.0945333677335092
810,0;539,1.9609145195728201
968,0;465,1.5128236716132306;393,2.2512582741535807
463,0;332,3.3844089032796405
25,0;254,0.9491858316666224
363,0;972,1.96366671093526
657,0;357,2.545017183279436
928,0;360,1.2729247056675932
445,0;353,1.4210824240511855
139,0;259,2.983143618810519
422,0;707,0.8747270496969047;449,1.0159071280855887
69,0;680,0.09762792565689231;571,0.7296781186833758
11,0;946,0.24350624009225827
813,0;156,1.5300894980914566
879,0;657,0.16685845878216166
452,0;208,1.6637937576280415
30,0;0,0.7979280566798973
169,0;190,0.6068323539084056
8,0;722,0.10124063441861945
318,0;699,0.754460708581019
56,0;707,0.7922483581520452
816,0;49,2.0099783221995864;911,2.812143276141723;739,2.8232164636193127
143,0;592,2.775868725757529;506,0.20394438855626168;784,0.8336742289322694;408,3.0893960918400873;672,5.344788522606338
880,0;410,1.4299317679633434
667,0;301,1.7644885523397082
93,0;78,0.008365897694194687;739,0.6056379295282737;620,1.065996155176651;221,1.3439539837066592;692,3.6777645408474644;846,5.075405996804414
832,0;570,0.9315979343649242
286,0;531,2.5173471295377405
441,0;520,0.4367602286183011
330,0;172,2.8461364725805285
73,0;726,1.9265081084337936
934,0;54,3.0685790301174176
8,0;722,0.3574639509897436
47,0;366,0.2686345649008297
973,0;223,0.6974953186856514
782,0;17,0.05482214212013278
428,0;419,0.3204169248923896
616,0;107,0.4971585619037699
277,0;757,0.5055612810464413
645,0;781,0.38823932832929237;464,1.1266526347547372
428,0;419,1.0554798175647973
390,0;281,0.5523667219461839
146,0;836,0.9091834496144078
893,0;450,0.6799341491425699
838,0;682,1.1857523592709898
921,0;183,2.2895696653153106
934,0;54,1.7008679027799516
948,0;791,0.07727413286157846
78,0;620,0.217844989510183;221,0.3473407383474388
825,0;118,1.6639575296513418
496,0;676,3.182350052858177
308,0;191,1.0094415006558162;99,0.7853889047688636
195,0;886,0.48822838633630206;307,1.0649637816361799
379,0;163,5.197708777293175
909,0;354,1.096316687424942
655,0;420,0.008701673774120282;218,2.2794820194267857
836,0;891,1.0018152731231844
678,0;664,0.10598226526861186
723,0;317,4.081207776360378
886,0;307,0.998875005576533
352,0;261,0.05573911594267327;879,0.23877346270621924;841,0.5490503812885066;657,0.9568293626652294
488,0;993,0.008142927331454932
397,0;961,2.048076560632319
268,0;726,1.3488365004460379
286,0;531,0.06751561969697203;243,1.489807887487176
415,0;812,0.595020632596864
532,0;451,0.35949508680418735
425,0;120,2.782410458109941
768,0;749,0.8735777252330456
832,0;570,0.3243242915169569
455,0;409,0.07263771211140888;551,0.5377219476139068
220,0;443,1.6534288392676313;181,0.6671463146563589
195,0;886,3.243429750292389
309,0;689,0.7005258826702998;313,0.29388111637613623;166,3.1627260223874307
189,0;848,0.05555141492869852;14,0.3833973496376028
973,0;223,0.31897604444217126
455,0;409,0.43387293404912375;551,1.111153980522149
535,0;933,0.05990674766560779
825,0;118,1.0255916178541806
949,0;27,0.5088586118041495;137,0.5874935582788652
692,0;846,0.12358921689385555
959,0;689,0.2633870201994297;56,0.3438009386721507;166,0.4901850278420747;707,0.8837175998118467
138,0;363,1.126165858008081;972,1.8834513781102045
968,0;465,0.32916496357605474
181,0;778,1.1044201460340861
860,0;787,0.7484038228626722;486,2.5441625732177884;424,3.0152876108410935
308,0;191,1.272749395227849;99,0.800674139513869;136,4.919330189063689
494,0;842,1.7473387776269744;141,3.509219811405695
340,0;513,0.601346245739672;773,1.079015075496958;816,1.169220720057288;49,2.789757741681609;911,3.498149763517537
220,0;181,0.3250294830580542
886,0;307,0.5689956062050191
633,0;293,0.9856589267442538
308,0;99,0.6122075443145709
27,0;137,0.6466986283467904
701,0;377,0.41425170457704663
184,0;249,0.2831574226364134
537,0;204,0.512603729136794
473,0;239,0.9057220590958867
647,0;20,0.020723234038960783
512,0;161,0.612305580310624
19,0;474,0.31775557185376785
452,0;208,0.3129366909321661;538,1.049045897237266
876,0;714,0.9565201261968405
574,0;82,0.30969947566569506
586,0;160,2.355304258343718
482,0;950,3.0178863017155346;765,3.0319935591686598
838,0;682,1.47505776991892
486,0;424,1.1231938183565173
821,0;59,0.1634003033783385
628,0;635,0.2840782375818569
998,0;798,0.365314284350389
293,0;140,2.970351816325619
97,0;816,0.3279260348736887;49,1.6528040899685184;911,2.781761120428703
747,0;283,0.6080604027744041
968,0;465,1.9149838189034052;393,2.3264615685642833;335,4.037736278029391
670,0;162,0.7112745255447369
102,0;64,3.9469993310344265
717,0;985,0.27278009970734607;546,1.116988487595384
880,0;410,1.969653099205449
875,0;955,0.0007140190881105331
599,0;598,0.30906641622984793;402,1.7881057046552915;60,2.8308099379617473
237,0;947,0.5332755750064808
248,0;195,1.455245761423518;886,2.2038479376679154
318,0;699,1.3344402387535943
279,0;755,0.4614520761740215
645,0;781,0.28186593711118774;464,0.6486666890933301
718,0;710,0.7496421065170614
56,0;707,1.0694410298746306
15,0;384,1.1027407185972744;632,2.8633931399728167
47,0;366,0.33581638013451015
669,0;539,1.2327114264718928
368,0;453,3.5943511197805953;835,3.9988450312542883;118,4.344937361995931;319,4.123710628601221
929,0;777,1.8451899910970337
375,0;128,0.9181068862671791
712,0;799,0.03921604670047293
247,0;11,1.7781628092943762;319,2.3533326427012886;946,2.7042665589649775
821,0;59,0.22850362036810154
852,0;308,0.7802955148239715;191,1.1222099186289005;136,2.4909095532976218
109,0;423,0.3303242592440799
390,0;281,0.4792218732888501
524,0;762,1.1408480696511532;54,1.7906602365981166;311,1.4211300017086241
359,0;269,0.05794218812587562
199,0;730,1.5335724363921177;308,2.2363845766483896;191,2.4083723816784945;99,2.5652534364104715
420,0;218,0.3080014161054867
838,0;682,0.5487495415418224
363,0;972,0.21939840975741368
39,0;5,2.0474834687218784
370,0;785,0.18271632110764383
753,0;326,1.2647537418628076
585,0;236,1.3352234574877961
692,0;846,0.974253199174043
16,0;130,2.216248631634935
95,0;69,0.011357168521363658;23,2.211133508259241;837,2.6065538177908474
886,0;307,0.9945870896701247
95,0;17,0.9606950833984836;23,1.0023800767149371;837,4.324224180871465
433,0;836,0.1639528864981547;758,1.2843889973712184
138,0;363,0.3369508579765038
56,0;707,2.2429312411713593
354,0;148,0.1806403058214084
768,0;749,0.29297755790014895
139,0;259,1.9434924306619572;599,2.10947942866168
494,0;842,0.2946550534578703
969,0;228,1.1707699757803778;817,0.7735895877680322
72,0;953,1.4186893576999327
617,0;782,1.3798844344024628;504,1.2224262477792376;174,0.3316008437296145;599,1.3612958441836704;598,2.2308983675644605;402,4.560015677833109;60,4.005782511679943
247,0;11,0.008180370650268644;319,0.4169803914901078;946,0.32345474951707
466,0;225,0.32243476999894904
245,0;616,1.282377820614956
983,0;774,1.893731816153907
919,0;799,0.8871130127550063
678,0;664,0.688148419362438
768,0;642,0.2120727300854757;749,1.7614245770537413
931,0;399,2.3844117403679133
948,0;791,0.3431718727274081
645,0;781,2.533075767099528
952,0;544,0.1580341323095714;373,0.3241222327780962;545,0.48564723379133773
787,0;486,1.2494644309324459
586,0;160,1.1264980134492208
505,0;497,0.046338234857391455
948,0;791,0.8591432942469479
443,0;138,1.6389944839530697;363,3.046496866144769;972,3.420574863530945
617,0;782,3.1277185081418795
802,0;536,0.7004520835472944
11,0;319,0.12290304111394902
80,0;976,0.0870422497958892;394,2.0124615832097157
149,0;335,0.1267779530501929
550,0;640,1.4515999993026005;894,0.31578864001365775
867,0;409,1.4254222444736417
893,0;450,1.0409584193197654
220,0;443,2.8876611333749955;181,1.4307825354819494;661,4.927549669799188
590,0;768,1.7323665301128108;642,3.597603803416893
794,0;179,1.9366129344196896
925,0;620,0.3530251992380385
996,0;29,0.25126873892934104
998,0;798,0.33225403474581566
138,0;363,0.8651407415278838;972,1.3423695462613474
244,0;814,1.0931362328830592
39,0;5,0.34282077534708943;611,0.6852513974431236;420,1.2598790064548089;479,1.4029520600070224;758,3.065314538013701
835,0;118,1.2149389757360685
896,0;134,1.9460080034088043
906,0;752,0.09633309423277626;375,0.4264511899023149;912,0.48868766910122646
830,0;122,1.2556166587055932;343,3.0132365881099386
687,0;601,0.25018783393759575
27,0;137,1.3040221555823341
809,0;774,1.7434985707914212
217,0;204,0.3298098653159264
959,0;56,0.506270430515972
373,0;545,0.22241168293564026;731,0.5097213737236052
143,0;592,0.6490723703809249;408,1.1988430172492754
832,0;570,0.6937843172492374
696,0;602,0.4350563543358674
629,0;897,0.4559786681088379
429,0;191,0.9343098816910417
62,0;214,0.7818768509645665
140,0;462,0.689464151074095;695,0.4621228532737106;488,1.1949737581799045;993,1.7032094827683446
718,0;183,0.670131076437229
236,0;962,0.2983506032986527;894,1.7288738055264095;418,1.02685961994066
97,0;816,0.16289537864801026;49,1.6205469603799563
102,0;64,1.4490241907541848
917,0;885,0.683591712389615
91,0;255,1.5616395347091574
73,0;726,1.175121570733487
27,0;137,4.345448619116505
436,0;689,0.32577710675124527
309,0;689,0.4328603063270751;313,4.432077209373931;166,4.848097001097391
574,0;82,0.022050477275400705
622,0;248,3.6977633248476454;195,3.9491994605756093;886,4.044131072340125;307,4.92264190330009
177,0;255,0.0032835792494952214
950,0;765,0.24498775884257304
976,0;394,0.5705844064359646;943,0.07156973563556618;551,3.865890634931663
189,0;14,0.07684841336685402
78,0;620,0.12025441868272826;221,1.076991444395104;692,2.1658700716972223
941,0;753,0.2885753397208251
911,0;342,0.7277072925422096
845,0;828,1.1867817192747598
907,0;363,0.49985345635960593
700,0;90,0.7033015965495218
93,0;78,0.10396289080131398
537,0;204,0.5582161706877499
892,0;119,0.7061284779921126
37,0;725,0.006422499428909985
566,0;597,0.9938268806277918;683,1.8785201175884738
210,0;411,3.669823703230136
696,0;602,1.9651773881437458
140,0;462,1.3252595196635832;695,0.7134031205909126
244,0;814,1.1309496922726516
274,0;112,0.18293904367148353
318,0;344,0.9284990784171969;699,0.19281523302095274
638,0;334,0.019866046145074496
221,0;692,1.5383570074600843
475,0;438,0.6962833325180905
473,0;239,2.030729734046812
406,0;801,2.497099662597125
293,0;531,0.45729318327114526;243,1.0216112138934925
768,0;642,0.19650795741354732;749,0.9279542146253776
433,0;836,0.48594848213370323;758,0.32489538732203316;891,1.7744625232105178
65,0;670,3.6747214490668174;162,4.195460726070156
514,0;587,0.6768450904804431
732,0;229,0.16325358030800174
494,0;842,1.1218694115377275
277,0;757,0.09662361433597456
964,0;933,2.439529571433136
111,0;392,0.41595152504674354
996,0;29,0.7537040935394245
531,0;243,0.627990009749499
998,0;798,1.2157651791913897
585,0;236,0.9730200850264908;894,4.211773037109536
670,0;162,3.0075328889807316
222,0;804,1.5448118949321235
737,0;333,0.8826043263025053
919,0;799,0.36822092036707343
857,0;885,0.565527965760058
457,0;864,0.6648130233430731
145,0;949,2.167348290892137
329,0;807,1.588288139698651;978,2.231850217678059
822,0;199,0.7542515334195353
261,0;841,0.9853210995526173
724,0;567,1.3978656796940183
73,0;726,1.314713248834025
782,0;17,0.21833505050456894
379,0;163,0.00029693765301357024
355,0;996,0.35501092407565993
428,0;419,0.09647946301795805
931,0;399,1.3702132437513885
948,0;791,0.3104235119295876
892,0;119,0.4937651819609258
65,0;670,0.37843721129864
815,0;767,0.16356086146249155
786,0;129,0.01693942765868512
835,0;319,0.22114132362848465;413,1.270392021121221;869,2.180869358071173
180,0;329,0.007642635758347889;496,0.6179257270704416;676,4.467120344268467;547,5.508683568663628
962,0;418,0.4384397383350824
737,0;333,1.5686861330018613
355,0;584,1.5743819113551958;996,0.10166282787721861;125,0.18481415403850876
611,0;479,1.3426018084796811
94,0;889,1.807044947683907
397,0;961,0.16080939651254145
545,0;461,0.3782238267657304;387,0.6546998976668403;566,1.2532784828093977;683,1.3464547729815932
701,0;356,0.27613762353379134;377,0.384173457673106
766,0;301,0.9335917216851388
102,0;64,0.022800195948567525
494,0;842,1.5536306198912875;141,1.9256320833900746
926,0;53,0.2782441994031402
917,0;885,0.046847339109982344
962,0;418,0.29300727439947544
125,0;253,4.391127904420397;979,4.396199800444837
969,0;921,0.07392462182554395;183,1.367477229357309
657,0;357,1.1635967598676125
872,0;20,0.23957515946121022
371,0;622,0.09453657282035757;615,0.5729407767330773;248,0.9722384985765731;304,0.29815054651181516
222,0;804,0.836222312025285
766,0;527,2.7964531113957167;868,0.44195576971516554;182,2.959717324296716
730,0;308,3.290442132279183
732,0;229,0.16336865081272056
199,0;730,4.96023241325506;308,6.204539621717585
473,0;303,1.0348223192001769
413,0;602,0.30395947834332215
429,0;191,3.6477289479526145
700,0;90,0.13539428594723893
453,0;835,0.11741046755744068;118,0.41119090490861426;319,0.48824248243668167
578,0;923,0.5778909467920738
952,0;373,5.026593870753747;719,2.150882909678215;545,6.892628433327152;461,8.87376419670879;387,9.06492598760418
48,0;929,0.8021778270746907
213,0;916,0.19449873820365257
964,0;933,2.3414324922664487
191,0;136,3.058661761086919
617,0;782,0.913090456951275;174,0.0789447222769587;17,3.148824697385468
198,0;591,0.18488351855058008
102,0;64,0.9462357747173891
259,0;599,0.6062411842294052;348,1.8374052988071967;598,3.2517000383327073;60,5.622534210750123
678,0;492,0.3693382129499898
874,0;384,0.3217538429364124;632,0.7293528479671629
401,0;78,0.028838163782017336;930,0.08162361847880781;620,0.7014059525420441;221,3.89369060800947
138,0;363,2.8286901974142267
592,0;408,0.9276075488405355;522,0.027731703889122595
976,0;943,3.2832944579026164
195,0;886,0.7942518069859799
329,0;496,0.8402822035164623
828,0;358,1.5848519469724425
636,0;357,1.1808803953219724
56,0;707,0.2877572298257885
727,0;360,2.156095428865117
433,0;836,0.9064759336694105;758,1.1503079570729173
109,0;423,0.0610581110080157
692,0;846,0.09562029966286086
391,0;888,0.9371524420745866
738,0;327,0.058753358301126976
149,0;335,2.4358200656286138
909,0;354,0.4221564802839547;148,0.4671023726720112
874,0;384,0.30600374380304907;632,1.8649678376626642
222,0;804,0.8460283797737786
816,0;49,1.0366296064589393;911,1.7921110557936637;342,2.2918548670960543
53,0;550,1.5017305442562978
15,0;384,1.6691461549429567
766,0;527,0.2868002097172902;301,1.4855588606609944
952,0;373,0.0904068533985981;719,0.43675466903992166;731,1.850001415711311
831,0;192,1.9764813281835083;546,3.2642961520378964
386,0;806,0.2773198238085917
580,0;515,0.5454502672663124;469,1.3173331661030119;717,3.245645503794192;985,4.277227854052577;546,4.310469164781798
65,0;670,2.58682382082544;162,3.4992630732157695
469,0;717,0.3007971218138462;985,0.6415676565403421;546,1.4778665423764077
277,0;757,1.1291133509374425;347,0.8245200411141137;63,1.1760220019608936
408,0;672,2.4505265318452283
390,0;281,1.0798585318790241
93,0;78,2.455219622630369
829,0;596,0.8303304981214649
952,0;373,2.660835273110951
5,0;611,0.2831448877607676;420,0.3137765789062559;479,0.5396338232768931;218,2.144377056291103
186,0;298,1.3544194578356366
867,0;409,1.3212058375454556;551,1.6592094189408757
55,0;48,0.4571685844225282;936,0.1281393754049484
140,0;462,0.7221967224456295;488,0.9170908990302656;993,1.1592317863868444
469,0;717,2.216079541214857;689,1.8047728868987407;166,2.830952525063925;985,3.5424818323295715;546,4.751952460992453
485,0;51,0.20971597144489285;202,1.2353978762101425
667,0;301,0.8479346345781057
511,0;975,1.3176356854069098
603,0;149,1.0245926316719662
177,0;422,0.7626181787403163;449,1.1476933148608606
633,0;603,2.0683094101714796;149,3.825825041772653
768,0;749,1.2356933721750765
821,0;59,0.2443657233015532
506,0;784,0.5906422194708366
138,0;363,0.7308325573357498
361,0;585,0.14106084270871666;236,0.23787979497149275
93,0;78,0.3551265835437407;620,0.8021570739072559
257,0;983,1.017679903101481;774,1.4002929237004498;254,1.4631054930167506
191,0;136,0.12188761635454305
960,0;673,0.05493942766796631
845,0;828,0.11506559432466462;358,0.7697815774066239
937,0;73,1.041006494182293;726,1.9091786259162888
959,0;689,1.7281852149767525;56,1.0337783207965976;707,3.1869259823717218;166,2.192880086069129
669,0;539,0.07496203448597019
598,0;402,1.0286251597329286;60,0.27100986060217513
340,0;513,0.7428054545828939
31,0;578,3.646225414134844;500,0.33364278602306224
309,0;689,1.6726891824897892;166,1.7155982714146776
187,0;153,0.3962662041957444
318,0;699,0.38605304342744384
379,0;163,0.9096590647947191
635,0;861,0.25464784942633323
926,0;53,3.6019717319754476
401,0;78,0.49789330894246137;620,2.000821898468137
277,0;347,0.49996279402271326
184,0;249,1.1965384285605491
77,0;352,0.16606807074351995;261,0.19986076820038756
611,0;479,0.1202229561645279
340,0;513,0.46499407937845055;773,0.6572529767146051
420,0;758,2.136197633533986;218,0.2933031624591749
751,0;491,1.5587840708073626
172,0;306,3.060010625546963
592,0;522,1.087216242386401
624,0;203,0.45699218676955883
329,0;118,0.05576800521820478
77,0;352,0.4554802942243784;380,1.1211144688835473;261,0.6440097718513939;879,1.5109459346723568;657,1.6598811022017688;357,2.453570839757429
16,0;739,3.431976957525198
909,0;354,0.031406611295474084
164,0;508,0.7401788099299969;703,0.7476010686643185
753,0;326,0.9174151261727309
655,0;420,0.2680473119457489;892,0.553609630769045;758,1.8167644629852089;218,0.6457517701505038;119,1.1636574053327688
578,0;923,0.49041179387116657
692,0;846,0.4929205257753579
379,0;163,1.1799583852477475
5,0;611,0.5359974728839323;420,0.282172192163329;758,1.7242430064412564;479,1.46560011100175
217,0;204,0.0902383580583172
867,0;409,0.5880285303535349
629,0;897,0.3073569970773141
662,0;900,0.5511604740469798
