0,0
1,1
2,2
3,3
4,4
5,5
6,6
7,7
8,8
9,9

1,0;2,0.0989308132072361;4,0.7947957751385946;8,0.854979057385346;5,2.114858974334996;6,1.5062478668444164;0,0.31244703789805567;9,0.7423696549430788;3,0.2882385024748733;7,1.5662198993168743
6,0;4,0.45854017163173477;5,5.061748068577556;3,3.248481327250563;9,2.8353963563536424;8,2.087369168156667;1,4.509917563608271;2,6.212767481147672;7,4.883001178902116;0,4.020774555874545
9,0;3,2.6609716545733626;8,2.92110673187906;7,5.35037718264109;4,3.4938464062515866;0,3.4630966853229164;6,3.527285348780252;1,3.5598915035504497;2,3.722657126067081;5,3.5982522953785017
8,0;9,0.2769448807510162;1,0.11582766334479537;6,0.6943806351919982;2,1.8923859880509746;4,0.3839352863219827;5,1.6571874104486315;0,0.9975251966024854;3,0.7347523126062392;7,0.4456420123739161
4,0;7,0.8914091105903514;3,0.5534392904772637;6,0.6728363448801029;9,0.06643001152303943;8,0.3413594900326158;0,0.8116131286143955;1,1.0036005047211454;2,2.3428676769313377;5,0.9065660027542665
6,0;4,2.372735796710012;0,4.402608391012288;5,6.897598819779505;7,2.9728861289975432;3,4.115032347248069;9,3.676704879845116;8,4.16980929782314;2,4.779543398907372;1,5.665430762508394
5,0;7,0.32745114661369407;3,0.7271897187819278;2,1.7434235295302187;8,0.9847921377422812;4,1.9465879898049088;0,4.075423796693189;6,2.002389973852997;9,1.5663237581232938;1,1.4579288366468488
8,0;9,0.42380723930351655;1,0.22446126291901067;6,0.24501305346095023;2,0.06662393690474633;4,0.45591063389798586;5,0.7488218380568243;0,0.5654911854443608;3,0.7932652540032912;7,1.6192289503342798
7,0;3,3.0347666238631037;2,1.6647143612681232;8,3.2543850405247485;9,2.7881905662545865;1,2.1910686560567734;4,4.080093511251526;5,5.208173452858758;6,2.5918583274183917;0,4.816160436677703
0,0;9,2.4226503815416454;3,1.9828834505378845;1,4.403041566698896;5,5.125957427526568;8,2.576642853357558;7,3.8544164007956514;4,2.205323457682836;6,3.243234176666226;2,5.213385160214737
1,0;2,0.4608960132932919;4,2.038506056302781;8,2.6926028510753923;5,0.9172549921728868;6,1.5403625034190411;0,7.948369291747883;9,0.2972619125819923;3,1.2920202656966222;7,1.1219202693695718
1,0;2,0.4276187307671809;4,1.8165413843323495;8,1.7591827206855337;5,1.9029300077964633;6,1.1154168781495646;0,2.370732102337773;9,0.7602449909292341;3,1.1159157463941076;7,1.8037311819260617
1,0;2,1.1386502729184835;4,0.7733482144050903;8,1.508995954232709;5,2.237053579846431;6,2.450861369736982;9,0.9214358917463092;3,2.35075950436073;7,1.1135434087244902;0,5.434961140072325
0,0;9,1.6266127225025526;3,0.7222697522594795;1,1.0572495233989523;5,0.5494657211315572;7,0.9849104399193789;8,1.303136913302752;4,1.333515290850748;6,2.153979874862249;2,2.147836269385503
3,0;8,0.4495633918491732;7,0.6636619786018878;4,0.06930801863157116;0,0.42152655791019494;6,0.4924375269498533;9,0.90772767954551;5,0.6106515263592105;1,0.5394490106360423;2,1.1285675544359646
4,0;7,1.3283120609984589;3,1.2779210722153684;6,1.1801134437562455;9,1.4614476851454505;8,0.8711040979834517;1,1.0691987629561268;2,0.9342445045781035;5,1.8178339151234506;0,2.2553511176810153
7,0;5,1.991339404446482;3,1.4523599770678717;2,2.7817103111451127;8,2.1060408627489493;4,1.4975422647139698;0,3.4512654881377847;6,2.407720108997154;9,1.8350065421581547;1,2.2022616979589276
4,0;7,2.547251604787289;3,0.7073213259902754;6,0.6033503091293704;9,0.5830201327244153;8,0.30398342418619956;1,0.7161564757256591;2,2.566619471502917;0,2.4278331139212375;5,2.4421497146285382
6,0;4,2.0688077906018467;7,3.8365407210835984;3,2.8250186536555772;9,2.903731159991873;8,2.439684744067894;0,3.3459488240800974;1,4.364249049873896;2,4.3072357520462194;5,4.917627246146324
3,0;8,0.6729881603609298;7,0.5710878606231854;4,0.18061746577625115;0,3.8027837339866037;6,0.12340152229546818;5,2.636760804044702;9,0.5358610332928655;2,0.9420638237141619;1,0.8219068804291523
8,0;9,2.0371582441845044;1,2.3142777434498214;6,0.717867381830632;2,2.3629053757454095;4,0.5411248295920571;3,1.5757591870896315;5,2.6281464780381416;7,2.3270597987486608;0,1.6692911434308983
0,0;9,2.4110398932310897;3,3.62246809927293;1,3.056119322015157;5,1.4691024767217757;7,2.4497283885228462;2,3.39727452607358;4,3.5075912611080495;8,3.9494619387813223;6,3.394991391166734
7,0;3,0.15005022546397306;2,0.13942703234595857;8,1.352021904752363;9,1.4070047304536124;1,1.580557769073299;4,0.9030865791204071;0,0.3925663673636931;6,1.4231010149151926;5,2.230984974324406
6,0;4,1.0380950288949318;0,7.260431225497551;5,4.46492097629823;7,2.6188245965972037;3,1.4808405808550438;9,1.3532734414125436;8,1.7312641073743558;1,1.7864642825407007;2,1.9486201376542656
9,0;3,0.6266034602036569;8,1.6962983169097292;7,0.666906871450703;4,0.6271647313786863;0,1.2958787429958458;6,2.2690145597989546;2,2.7430696988207117;1,2.478384708717657;5,1.5738591943893934
9,0;3,1.0168420173251336;8,2.005014841553878;7,1.5346180220931847;4,1.5316522888857604;0,4.84697969605081;6,2.0991676479644;2,3.2129240969806805;1,4.06161226119666;5,4.200805344735669
0,0;9,1.815758447919433;3,0.9412420005642035;1,2.614152955584718;5,1.5462277464022232;8,1.8059300550841821;7,2.6264574027841183;4,2.215577210476173;6,2.0968721023667385;2,4.305941999462729
4,0;7,2.199489718776079;3,1.5020725080577524;6,1.2325695586029985;9,0.6962188388579412;8,1.6275093834444148;1,2.8160763580423946;5,4.363389679126864;0,3.384128869387836;2,2.8029447652254316
6,0;4,3.7544452557577817;7,4.665093120758055;3,3.8708127480344015;9,4.3373421137775825;8,4.248968779845068;0,3.8761602489303786;1,4.430187211480111;5,4.5242008608130995;2,4.864112223214636
3,0;8,3.443818246672808;7,1.1818353944228357;4,2.4693527107253193;0,1.1529171197146189;6,3.2484136442050167;9,2.2619178364194887;1,4.3613851070480205;5,2.623051572008964;2,4.462380723555873
1,0;2,0.5136464562132477;4,1.919455696959324;8,1.861039801890182;5,0.06632985222684627;6,0.29408222823671426;0,2.952687486183589;9,0.21744037221685075;3,1.5707541659440385;7,1.5078308681345267
2,0;8,6.14525688314874;9,6.825247705742011;1,6.49853707743625;6,7.00393004419179;4,6.583583269050689;5,8.46209096537713;0,8.89052694163529;3,6.840012690709019;7,7.920972553606842
8,0;9,0.019466511070016564;1,0.15140379456189335;6,1.1830492162655113;2,0.47899827240183146;4,1.9793721252990288;3,0.7361725218351196;5,1.5755318314455036;0,3.761103609208143;7,0.7937776625822898
2,0;8,5.8016194426749585;9,3.6786771524886808;1,6.696849619256617;3,5.344345116100648;7,5.844039018971406;4,5.799888555372072;0,7.345026815788246;6,5.943513687187094;5,7.043565588166039
7,0;3,0.3237545662025896;2,3.01117017612694;8,2.2112985830955543;4,1.4535867043132427;0,1.6460346558165837;6,1.223826007176874;5,2.70550207988054;9,2.0275951230664773;1,3.331541053953377
3,0;8,0.5632185331004047;7,0.9803784635351875;4,0.5380146585537012;0,2.3762032031760416;6,0.42492420538675485;5,1.6431916209786608;9,0.8366457549403797;1,0.896286219598081;2,1.0580758987984449
6,0;4,0.5940730699887433;0,0.6174759023686774;7,1.7005999528243467;3,2.002372355467462;9,1.4539105889375383;8,1.6977636632710882;1,1.701330227529452;5,1.4861870515574864;2,2.7847799624906875
3,0;8,0.6111688366883878;7,2.4328320596473376;4,0.3301717189537242;0,3.999243047242903;6,1.4184375947576222;9,1.79785698094354;1,1.3020469069398035;2,1.4634319745358932;5,1.5083818692470774
1,0;2,1.1715480859059721;4,0.6327973483927398;5,1.069590667465266;6,0.22082343402583746;0,2.1627149206054828;9,0.08883127815228756;3,0.3200842330904368;8,1.5085823698168603;7,2.232334535771802
1,0;2,1.0023282346252713;4,0.09431992855564454;8,0.323641485223005;5,2.394116821447758;6,0.314438370607707;0,0.037600805002058854;9,1.6786885969569527;3,0.07706648185264775;7,0.19611974722660883
3,0;8,0.3803703727542296;7,1.0406005156858928;4,0.7063721168734575;0,0.7288481186734055;6,1.4667373112423068;9,1.161329722992023;1,0.9098491971952113;2,1.3062564545821085;5,1.6232131207324336
6,0;4,1.1124188790357954;0,0.8897514641469881;9,2.334276749714201;3,1.0242700694558486;1,3.3327032604931275;5,1.3045479981084636;8,1.4474303479114838;7,1.1362701569100022;2,2.2005154507404896
7,0;3,2.355447620810237;2,1.4068827882142474;8,1.981143405777265;1,2.121101317620968;9,2.185871040728299;6,2.691087848607048;4,2.2702585236506923;5,3.731487002046104;0,4.256757647737556
6,0;4,0.4222154607208662;5,1.6302042471896603;7,1.0890962262607624;3,0.45543118096590735;9,0.6165233647750193;8,0.4633331199705092;0,5.940969818865518;1,1.016123434166426;2,0.5844353171566989
1,0;2,0.5824773625747812;4,0.6418143243791592;8,0.08475988879980559;5,0.2116636153114106;6,0.7276331619595988;0,1.9033712662353273;9,1.691907739753747;3,0.003882319468776304;7,0.5829247120239779
5,0;7,0.011660261300295837;3,1.21203927419569;2,0.19417474396283316;8,1.404692280106829;1,2.033621990767206;4,2.05271221047465;0,3.537187953976622;6,1.6321114698134631;9,1.5632795700563373
9,0;3,0.03857575474784738;8,2.5389784026737034;7,1.399114958558378;4,0.08710338125456862;0,0.6737040462365689;6,0.4270485551355423;1,4.557510118419551;5,1.9325687775105493;2,2.8869224134400087
3,0;8,0.008472616403009704;7,1.4761671408352806;4,0.22530046119741085;6,0.46754456688239787;9,0.0702321321652847;1,1.5767373042645811;2,0.18779193903954172;0,2.938878891087235;5,3.610401575437729
7,0;3,1.2568417081075305;2,2.0215990614188364;8,2.2014804066290243;4,2.138478797652149;6,3.85293529768108;9,2.621552383982329;1,2.7586047180758553;0,6.690585962168207;5,3.492805129287551
5,0;7,0.662180104866528;3,1.7373658204723124;2,2.0284598238960014;8,1.8044148491914087;4,2.3438992415927267;0,2.275240764036502;6,2.094105930037825;9,3.3271885410172004;1,1.980415766332283
7,0;5,4.271374341821834;3,4.095923135799929;2,5.666189518977083;8,4.538201966395098;4,4.649288702077311;6,5.53140519289562;9,4.862404162580646;1,5.256151229400652;0,6.955376567296047
0,0;9,3.501455647022547;3,2.0874567184026556;5,0.8628691243494521;7,2.398643452825571;8,2.536615675218046;4,2.9565920010113325;6,2.785190185608656;2,2.679751085799788;1,2.9589291094473524
8,0;9,1.8583724574302516;1,1.9269270948922974;6,0.6163330578336061;2,2.518433716917811;4,0.8484848803975162;5,1.4010383035849034;3,0.8685649509530857;7,2.3025741323448243;0,3.111059007839183
8,0;9,0.7074080990241233;1,2.364130141750643;2,1.7573966000262489;4,0.20648457900644965;7,2.719389933884785;3,0.658977070278732;6,0.7492935847963559;0,1.249944935545935;5,1.8104360385282257
6,0;4,3.4028191936682632;7,3.9509750251160467;3,3.8505417616979773;9,3.519037575989427;8,4.512574974507908;0,5.205667498500983;5,4.514705194223667;2,5.526945308466228;1,5.519359129688292
4,0;7,1.343878254350906;3,1.195473602524831;6,0.15256171835687077;9,1.4420800426807325;8,1.3555599884956173;5,1.056421348327844;0,1.6077040183398295;2,1.837800294853937;1,3.455404837298258
6,0;4,1.1400848441214293;0,2.26451874863476;5,0.26417749170978716;7,0.9997717406313604;3,1.6333062299680587;2,2.8247601889178773;9,2.8699570311501263;8,1.7769718857668275;1,3.741099632852139
5,0;7,2.389603394952889;3,5.295115154213214;2,3.1160104155455555;8,5.400613072854849;9,4.8157139703300125;1,5.461317296524248;4,5.779718007700934;6,5.912352340888596;0,5.672700498097134
7,0;5,1.9593529339732743;3,2.4542831920398394;2,0.013019003084050547;1,1.7109968769899417;4,3.1909046519725996;8,2.334271839364231;6,2.60649837522663;0,2.804158247518544;9,2.414699245537295
3,0;8,0.5161169774430387;7,2.1927002130392204;4,1.456883163576386;0,1.7614646270700172;6,0.852029408197483;9,0.8416826288321171;1,1.3669561741156877;2,2.513301240851355;5,1.4519454615065501
8,0;9,0.21955030048493873;1,0.07401836717400287;6,0.5718822866720911;2,2.314369469129395;4,1.0145912720361225;5,4.168449858383459;0,3.2149347555226075;3,1.6721258501340457;7,2.2090510372856516
8,0;9,1.0181604275767022;1,2.9109254013117263;6,0.8180847672080405;2,1.4549901287907603;4,0.22236774908752804;7,1.8237913726338204;3,3.198061068309345;5,3.1351324886160405;0,3.3139529303927375
8,0;9,0.7389967894364374;1,0.40917606604207585;6,0.24157500287009012;2,1.2354872684238192;4,0.3863497750904894;5,1.3921156743061154;7,1.4879156190219005;3,1.3527502371505438;0,1.3074087820472768
9,0;3,2.7173480593097117;8,3.948011496280902;7,6.630267115808325;4,4.164394392500075;6,4.595071375726898;1,5.170385268202091;2,5.186433077749469;5,5.848118932169119;0,6.7587995869735495
1,0;2,1.7974257404094598;4,2.365422999276438;8,1.2943568010562223;5,0.5319868712385766;6,2.1572166655547;0,4.207439180774351;9,0.6406677424298882;3,1.1375137820248642;7,2.0491908356789765
5,0;7,0.3560890583727819;3,6.137260908254378;2,1.6115693845483376;8,6.325827285819898;9,7.006592171462259;1,5.582420500798854;4,6.243308119806032;6,5.657039074351935;0,9.436952444819392
3,0;8,1.0316566109486942;7,1.3280610669767634;4,0.06687127782648665;6,0.9496337145349989;9,1.0593075597424824;5,2.7688730703229214;1,1.0382522062443211;2,1.3009803522233998;0,1.7518960425997987
9,0;3,0.9562142195302686;8,2.2370288840415506;7,1.8363673365259192;4,2.408103592296035;0,3.557535871340913;6,2.0038220540974345;5,3.688768457931118;2,2.4185979289698194;1,2.425882797429362
2,0;8,4.571073098649024;9,5.0850900506877625;1,5.294455074206537;6,5.854658925045098;4,4.760719310086933;7,5.277249062602049;3,4.927476889769407;5,5.752879232873659;0,5.812419324312559
0,0;9,1.9835464291589693;3,1.2452437631448716;1,1.6451903689253933;5,2.903515289193486;8,1.56755060732472;7,1.8091299816743447;4,1.6515050723865679;6,2.1116875022662387;2,2.375005741325548
1,0;2,2.875642120738617;4,0.6235754884924933;8,2.062363318269313;5,1.662112669597347;6,1.3829428794219778;0,1.3668451461489277;9,0.0358641549110563;3,0.6851290600809334;7,2.4358184148246136
3,0;8,0.23449595286366054;7,1.0971962504749873;4,0.9396085476057217;0,0.7677157743690279;6,0.34318496831364514;9,1.5248709098352315;1,0.9888852835741887;2,0.8056597496843566;5,1.646256286059946
4,0;7,0.16983900098024593;3,0.9647225387693259;6,2.6589645975293057;9,0.4704344540490517;8,0.49670206229817015;1,1.1562090891010035;2,1.1901564262241573;0,1.5776648216802207;5,2.0972227987700345
4,0;3,0.061868764978046505;6,1.3414035753586906;9,1.8164451204533447;8,0.7983000014263181;1,2.1875098799270902;7,1.0637431804074275;0,2.2971152603927694;2,2.286127555893042;5,3.0348798313083627
4,0;7,0.15460646621722307;3,0.2757283552513624;6,1.4942984973934816;9,0.9745292708518222;8,0.30933893751647723;2,0.1719747413269761;1,0.2941397968391895;0,0.9037126294574158;5,0.7126453989623545
8,0;9,0.28261528467915187;1,0.2779643739657357;6,0.3364395236237514;2,2.25762864226846;4,1.126312017223993;5,0.9996926572253144;0,0.8956289628184531;3,1.5949995985795258;7,2.2073849995980996
9,0;3,3.0151477757589777;8,4.4717766742905996;4,4.436079165003869;0,8.279460061206137;6,4.3042887454408;7,4.581105244618781;2,4.803726715569725;1,8.868282533295464;5,9.092529471453167
2,0;8,0.5516764236735293;9,2.4165259394556706;1,3.8790123046111655;6,1.2388966723488248;4,0.8317523913330055;7,1.2130773647492563;3,2.165999694493711;5,2.178074857791937;0,4.057107515257404
4,0;7,0.6153258021335472;3,0.49640653487930986;6,0.5140380478840006;9,0.5124194651124407;8,1.896681425273357;0,3.6050553536938104;5,4.647614221757359;2,3.547003569832718;1,4.423694005438167
5,0;7,0.4895840539931447;3,0.49258227758620393;2,3.1391845013066373;8,2.2549738311201883;4,2.3874154134092667;0,2.653519517637267;6,3.907413817581121;9,2.402649036668132;1,2.3124435474293197
3,0;8,0.03120312580465721;7,0.417130085095437;4,0.02248948064740795;0,2.4065893237018874;6,0.04817462872200008;9,0.27598397329407437;1,1.2929206121269572;2,1.1145480652401585;5,1.0760010011860084
6,0;4,1.3614635248156515;0,3.8560111631205496;5,4.859090697502491;7,3.1472759149839424;3,1.7040176589591502;9,2.645794920236371;8,2.3635719748574924;1,2.632807466886735;2,2.6053088002393268
4,0;7,1.5808013438747917;3,0.0973625743494792;6,0.4151103212151356;9,0.06921715918368966;8,0.8076798436386597;0,1.805256189394951;5,1.8982473957164;1,1.7133936672165953;2,2.450895733094951
0,0;9,1.6473392325873002;3,0.48319751861938265;1,1.5435295538957343;5,0.2020130487808389;7,0.21907131907318944;8,1.180346200956953;4,0.6554879122856403;6,1.3835539693960321;2,2.6221782066708244
6,0;4,0.07999997716518129;5,0.6838850831076749;7,1.8639764965266483;3,1.2567601121101428;9,0.215392894253534;8,0.6007777713326813;1,1.889130781684278;2,3.821385413211824;0,2.7708566166271202
9,0;3,0.93688200349606;8,1.564538814933069;7,1.3348294363538575;4,2.633665018237135;0,1.767686936058844;6,2.8453027714933117;2,2.1543053685252547;1,1.5907764823352113;5,2.4770408972578015
8,0;9,1.57391979803702;1,3.1742891747535786;6,1.2237045707115966;2,0.9667129285587928;4,0.8926504551693052;7,2.336331602513159;3,0.9704568140416479;0,1.5200025008696074;5,1.6707957723131885
9,0;3,0.27343090420121047;8,0.38224898162446386;7,2.1925414480628755;4,0.7278515540076973;0,2.770235586639341;6,1.1111405289874647;1,0.8181024052384844;2,2.6791416447747913;5,1.983354732378313
2,0;8,1.6797791017051915;9,2.379516754106608;1,2.0822279628247893;6,2.8301879425770626;4,2.76270760190093;5,3.427869814316808;0,2.567043426618492;3,2.448858986564039;7,5.254012292525714
7,0;3,5.028931653918369;2,2.3296481098122555;8,4.7457426362378;9,4.75484429998111;1,6.522507209287733;4,6.0269717508713745;6,6.599421835643803;5,6.6445913683313105
5,0;7,0.5197724172913406;3,0.845885806271063;2,0.7620107211446983;8,1.191114504391256;1,2.685663562351258;4,1.3056387462495824;0,1.2687285487725604;9,1.6336473492898764;6,1.58154387782448
8,0;9,1.2332015243578716;1,3.624327351988199;6,0.8090114168427847;2,1.6556649802349286;4,0.8701981282151883;5,1.73631386244016;7,2.843715880143053;3,1.3653304666749606;0,5.245065653072475
2,0;8,1.4778661562120434;9,0.8992598394378272;1,0.728860393445516;4,0.867066705739821;5,1.6057800999389562;6,1.429846848927271;0,1.9367886195001534;3,1.786625724980283;7,3.6605379825063107
8,0;9,0.44935250200248117;1,3.7404312892823834;6,1.6530795463131995;2,1.000118786136639;4,1.3238099386939637;3,0.8206267991029113;7,1.3475523548526402;0,4.697423933241681;5,5.177681991488632
7,0;3,1.6431505427426885;2,1.8740120358329295;8,3.1472782752298536;4,1.914573018628477;0,2.5522417204606884;6,2.631499452890706;9,3.197570347072827;1,2.3573479670598325;5,3.0441078478879033
4,0;7,1.1274949917132266;3,0.7743015810361642;6,0.8096657449760508;9,0.10235935155535854;8,0.08307039140632412;1,1.287040635666478;2,1.5286754251176387;0,0.9245578368861007;5,1.313721767801329
4,0;7,0.7972039658052117;3,0.03867294039835575;6,0.7050615894900362;9,0.9242443911345473;8,0.052652038452067194;0,2.457413298684801;1,2.9957395541595426;2,0.5139767877439841;5,3.552341061056829
7,0;5,5.591599633477047;3,1.664778393183539;2,1.3501993945840627;8,2.462539169072416;1,3.495501891380976;4,2.446751750269912;0,3.8703798852623716;6,1.9511794220495362;9,2.885683179953178
8,0;9,0.5883228111964953;1,0.41596952039022;6,0.753787032661982;2,0.5430660773099742;4,0.3477853195423545;7,0.5785114946833728;3,1.0100049580330754;5,0.762037033712722;0,1.471382291633351
9,0;3,8.788078248524352;8,9.205948542990976;7,9.30357675146447;6,9.184981653282524
8,0;9,0.2825062566272121;1,1.17151726681094;6,1.210745008201009;2,1.0932555946153621;4,0.7008057878551934;3,0.4520152045672806;7,0.5715699595493616;0,1.6868277766338835;5,1.8770827921576523
9,0;3,0.2859460224911163;8,1.4455603088406836;7,1.371327699613082;4,0.9502336519274814;0,2.916960303547343;6,1.9940399457603788;2,2.965385181393331;1,3.372471543542913;5,4.519002310609438
9,0;3,0.8641703426265437;8,0.8972464730153735;7,2.4782109002280124;4,1.5499998936961754;0,3.716939016769934;1,2.3509543767737187;6,2.2342331794698813;5,2.7485334010051297;2,4.986510805206361
2,0;8,1.0188371626560153;9,1.7347765350443969;1,0.9213887918190268;4,1.9194281420740897;5,1.2069721244812268;6,0.9287809556459488;0,1.1110379135421453;3,1.7980433722556202;7,1.3902367762002943
5,0;7,0.43394038592566364;3,0.9721897284551956;2,1.1640250535882048;8,1.054694082440435;4,2.890080175554196;0,2.055433482008975;6,3.0042342798909525;9,1.8458620692533119;1,2.1580990613459683
7,0;3,1.7749659054037443;2,1.6319950513676749;8,1.967778152828845;1,2.740785576274792;4,1.9741748653216777;0,2.3913141616242637;9,2.7052976150079466;6,2.182335703366925;5,3.259776856023379
5,0;7,0.4907647671330566;3,1.797617626060035;2,3.3906727261439102;8,2.9863454224772417;4,2.374128172930747;6,1.9257671251325825;0,5.819234754732668;9,3.1160932963107717;1,4.880230007379364
2,0;9,0.8632326116174299;1,1.7903961644884012;3,2.5110954163298134;4,2.671266165431652;8,2.61376171930397;5,1.8192158502024152;6,2.459820888322047;0,2.318727226120574;7,3.1185237623745254
2,0;8,0.263263371527763;9,0.3098170964914383;1,0.6568314323762175;6,1.4416831609989562;4,0.42016323642382003;3,0.7741837274449497;7,0.5313986450510051;5,1.118547429878405;0,1.4767562658815863
7,0;5,4.688396844483875;3,2.238325701657409;2,1.7668803369229142;8,1.8591173205239073;9,2.211300957739385;1,1.9467498065592628;6,2.2056173631659415;4,2.1180657272847703;0,4.86841169633747
3,0;8,0.5870119414165179;7,0.1458228859925759;4,0.5226799796501912;0,3.5126541414395414;2,1.1853678113051587;6,3.3503990888312147;9,0.6634728976376222;1,1.0091056420308557;5,3.3658179009250024
3,0;8,1.130030465173792;7,1.5608327684482395;4,0.8233827181939439;0,2.9150900006803453;6,3.009303762830197;9,1.2706093135097463;1,2.718046332355157;2,1.961022792614939;5,2.821475313194254
4,0;7,2.2975360550099344;3,0.978160375468291;6,1.0394307345071538;9,0.6935312267063107;8,0.8961422757788079;0,0.8262512765884326;5,1.4633351159212449;1,1.7860589397833708;2,0.9432155998252362
9,0;3,1.6256784093673933;8,2.8976361142241105;7,1.792453665753555;4,2.0209625611509527;6,3.8566191507368774;2,3.407723776048058;1,3.004427005916025;5,3.631647501066309;0,3.0162983510609696
4,0;7,0.2465629795256708;3,0.5122653943950652;6,0.9047806356647754;9,0.2413628102248539;8,0.9031251136386823;0,0.7820291811197262;2,2.358040039023121;5,2.2150630553608748;1,1.5654014516587833
2,0;8,1.1596265509162906;9,1.9813648073341474;1,0.9736425951825715;4,1.5056866631693118;5,1.6024734702006276;6,1.9866690962598528;0,2.1220242284077253;3,1.8612809169160458;7,4.655482674260787
7,0;5,3.3457446906129644;3,2.5251081868180805;2,4.408872373909807;8,4.007445132585721;4,3.8254459350048897;0,2.6651536716577384;6,3.3037556462182476;9,3.4460031172300605;1,4.2715445379449655
7,0;5,1.7620153296319638;3,0.9250323333937998;2,0.5206532691481467;8,2.2815083054927086;9,1.5557771618898621;1,2.3853486843778864;4,2.465194053713403;0,2.8171916763518103;6,2.9372577954403525
8,0;9,0.06395671716800848;1,0.4593649928572983;6,0.8682017630398018;2,0.5201888895989082;4,0.18432210749948486;3,0.8100146069566143;7,1.3290948391509063;5,1.2060205462187699;0,2.3780918826999313
7,0;5,2.0877847739032256;3,0.11370119049717459;2,0.2891215027589103;8,0.7013177179853478;4,0.11533824417366235;0,2.0835012772991055;6,0.7340123475747249;9,0.38905869287057027;1,1.5657671970219649
9,0;3,0.21872116613250064;8,1.3858536274978261;7,0.9311257751354453;4,1.0156982509236376;0,0.6539674056283715;6,0.6462963839867861;5,0.8546344947474186;2,1.56207463588618;1,2.9215120755434456
8,0;9,2.6312446078141067;1,1.7965630850024565;6,1.2538298331648494;2,1.1134492525816373;4,0.5575095805593512;3,1.0614121924620634;7,2.6223856174351288;0,5.578953486030686;5,2.121374834240213
6,0;4,2.0844638809519074;7,3.1130349691136274;3,2.132803204312208;9,2.610585310328208;8,2.786467176997034;1,4.855138523812787;0,7.112749228159386;2,4.504600366738966;5,6.3993689416285955
9,0;3,0.18408495122582955;8,2.3479942585432068;7,2.1886756256619724;4,2.060570393435277;0,3.9673939789218693;6,2.4572384626579575;5,3.7221066898521453;2,2.3886524750093767;1,3.8403831704159836
8,0;9,0.44930726728298587;1,3.403340173426273;6,0.9929407369086323;2,2.1777293761813086;4,0.773253473314941;3,0.9810447776190185;0,1.5755858618400764;7,1.8439754907047217;5,2.013311111044704
2,0;8,2.348358696601958;9,3.0420092513603185;1,2.9580303866408273;6,3.806976703786254;4,2.8546648366174088;7,4.006959968518304;3,3.306893578328845;5,3.714325666150314;0,3.389882413360675
4,0;3,0.09493666663830325;6,0.8815868462787146;9,0.2633698674942759;8,1.4661647890793574;7,3.053406194044989;0,1.8563010620389724;5,4.552106300359018;1,3.159002425622395;2,1.9715469148761473
8,0;9,0.4252549834546946;1,1.480732177574979;6,1.9273304163982385;2,2.1305987406383187;4,2.2996238982988473;3,2.1761952919302;5,2.656997741154993;0,2.4083842957149657;7,3.3856636764986514
6,0;4,2.398025590355726;5,4.212479732325712;7,4.389597676896259;3,4.13261502756624;9,2.5644077481374046;8,2.850980791485178;1,6.127056287839311;2,3.016131759466049;0,6.032998121203825
4,0;7,4.854283447121626;3,0.6874453680746956;6,1.1444354577223659;9,1.2648712047680057;8,1.3712857509111387;0,3.343554674602462;1,2.2213246556205495;2,4.413998461041521;5,4.5675707692172836
4,0;7,0.8234824109425195;3,1.4079624956589487;6,1.1002750160336192;9,2.612111443779003;8,1.7410068664227407;5,1.1149050997902439;2,2.7478447283895036;0,4.683927259934197;1,3.7227318112984347
5,0;7,2.153752429057384;3,2.5592997241702045;2,2.842265126657665;8,2.8165139697491903;4,3.1470919931220207;6,3.2021147565090935;9,4.430630700029744;1,3.609515638139994;0,4.369359885290286
2,0;8,2.4377164879452686;1,1.3632660588751426;4,1.5602134546116968;5,3.2936864665149086;6,1.6184040955002148;0,1.8088240245776406;9,1.6887613236936476;3,2.24744158396615;7,2.307314012494951
7,0;3,3.7863863243104823;2,0.6285362766284736;8,3.9348204505123765;1,4.440811253872461;4,4.445764246257704;0,5.364583757684104;6,4.906236938219696;9,4.810724500905447;5,7.084976750033756
3,0;8,1.2464159260601508;7,0.35275771503913567;4,1.145572561379047;0,0.8667210680067415;6,1.1722120881180007;2,1.7495016063998698;9,1.737406646778762;1,1.7183462547870139;5,1.8819178134478458
9,0;3,0.19043950210347638;8,1.0799775889426977;7,1.3006146267248713;4,1.4155761936208549;0,0.5073673133701059;6,1.461620485890116;1,1.4580290765062796;5,3.397618041446644;2,1.6796455468976628
4,0;7,2.404749558728804;3,0.6429713206366424;6,1.860457014648663;9,0.5428761394001933;8,0.6130726235132767;1,2.4029053909991465;0,1.518808197293165;2,2.9379027148665124;5,2.1971091992217597
6,0;4,1.479859036034901;5,7.076410621661453;7,5.805673156640555;3,5.227353547721216;9,4.333056780212141;8,4.726407529027991;1,6.483042729040015;2,6.412025730636663;0,7.508838011294012
8,0;9,0.35177386115849124;1,2.840972512939473;6,1.474572731704578;2,0.2696632137371449;4,0.24277029638359512;7,0.8532721802181473;3,0.3742522493123154;0,2.803561493954393;5,1.764985435427228
4,0;7,0.16750802821578648;3,0.39062162541665196;6,0.765251499302934;9,1.0278081139993809;8,0.2019094805135144;2,0.6586685027201326;1,0.4583229517849968;5,2.0235406203806248;0,0.7471437824992359
5,0;7,0.7792837490290067;3,1.4989936852805807;2,1.3920929728375349;8,1.8734011890883313;1,2.325494570028492;4,1.5863049550505912;0,4.465617749733783;6,2.4238015560920214;9,1.8039063101563073
7,0;3,1.1206630102345931;2,3.332212725406832;8,2.085709448518153;4,1.4332486436658645;0,2.920126054766432;6,2.3221613304361357;9,2.3775642293193098;1,2.5002488572164063;5,3.886779197081327
9,0;3,5.666884785953994;8,5.796009631453463;7,6.33096286286151;4,6.535535542779519;6,7.640867264296098;1,6.911101947107416;2,6.94943672405361;5,7.7585646514584035
1,0;2,0.06957724394104649;4,0.049177091597692194;5,1.1661041343417415;6,0.024375830129750933;0,0.25226896438704954;9,0.9749046082595683;3,0.5776392429785548;7,1.6937730355494958;8,0.2961147230608019
8,0;9,0.9661813820865495;1,0.951299721212136;2,0.48673200032642755;4,0.487998130131086;7,0.6321960047850654;3,1.1404373510749974;6,1.901368104774444;5,4.939572375832514;0,1.6793978628282002
8,0;9,1.3166581730983062;1,0.030017699524016953;6,0.11640677910959178;2,0.4854358160113331;4,0.14849585857383124;5,0.07644043300902842;0,0.8797550142259704;3,0.20374019434662236;7,0.2581772720416733
3,0;8,0.88470944796668;7,1.2847700473623862;4,0.7566106174883093;0,0.9900534817233565;6,1.5075411531861656;9,1.1169906579726676;1,0.8811689335832266;2,1.7236206155222507;5,2.2813840008562476
9,0;3,7.58522101945989;4,8.735341437596672;0,9.04654017925268;6,9.462045100920845;1,9.268880497995982;5,9.84528336695286;2,9.364958042763112;7,9.967063346756092
7,0;3,0.1002069233446479;2,0.5564822692275412;8,1.261581615977994;4,1.2197689724638956;0,3.9696868861896593;6,0.7799674979755513;9,1.8378724909878634;5,2.1665508113689835;1,1.3567936227882444
9,0;3,0.8670329048050793;8,2.606477313445793;7,2.1559165671650398;4,1.1366418516513237;0,2.1303559561983283;6,1.381692850466115;1,1.1966597746532976;2,2.2706900529659055;5,2.087503170346832
5,0;7,1.3035533932800774;3,1.9057537759472092;2,4.526933864345488;8,4.491320814012159;4,4.59483252864259;0,7.613925425152322;6,2.6615977782198414;9,4.5368729288901495;1,4.79901135336639
8,0;9,2.4640958066165632;1,1.242126480410809;6,0.9618827408880788;2,1.7196780275587469;4,1.424153485655859;5,2.237173798123405;0,3.468724263399541;3,1.9558475043102233;7,2.104228872636857
2,0;8,1.2388456888325807;1,0.26296131960441216;4,1.3775784200760572;5,1.7639627164680638;6,0.9181649036117422;0,3.8920618840148764;9,2.4938491190336496;3,2.608682180791308;7,3.2687520500767713
8,0;9,0.7509730456685391;1,1.6980488165734622;6,2.8472134661466852;2,0.9284016881620989;4,0.9116610138051243;3,1.946727646892425;7,1.3834863211308936;0,3.238759479040039;5,3.750829837669857
8,0;9,0.6826874875373807;1,0.3309603082669544;2,0.26811950815404373;4,0.5438524886862499;5,1.104099578053219;6,0.7237912644485657;0,1.528896173196845;3,0.7749154102589727;7,0.6391807371224972
7,0;3,1.009530207451257;2,4.965559674422894;8,1.217214631819912;4,2.164786916759663;0,1.8100908708069052;6,2.9362049112301016;9,2.6946530178584944;1,2.5712911435217456;5,3.5204184410961314
7,0;5,1.112080868160074;3,1.5494052937726495;2,3.0168727525290358;8,2.1606929769057186;4,2.006360062224061;0,3.6455588738037488;6,2.758149969599037;9,2.4441863008830973;1,4.026828270926034
0,0;9,0.4533533192536815;3,0.02162581938689852;1,0.4887760236213487;5,0.2445399551228294;8,1.3651091012116054;7,0.5265680676717258;4,2.597189971232126;6,0.8881995772921417;2,1.3390825076167399
2,0;8,4.40413395102669;9,5.018069582342967;1,6.138978925467071;6,5.670328840993205;4,5.517554919401194;3,5.615165527229517;7,5.583737078697179;0,6.301017550683678;5,6.5546213911674585
9,0;3,0.08998312549075575;8,0.2741861924179467;7,0.9232059135889397;4,1.23692700414059;6,1.7361597968668538;1,1.6516795437063871;2,1.2865667006735106;5,2.2562728387873037;0,3.6000329643245896
2,0;8,1.7187802329032071;1,2.0527457815215913;9,2.254463648778785;6,2.98363752454805;4,2.7098341289695487;5,2.264666445092176;3,2.918342746837009;7,2.752327833281181;0,2.841940967726313
6,0;4,0.00536175731393552;5,0.01797113757987648;7,0.2429302721371788;3,1.1198428114569632;9,1.266952950990224;8,0.9893358206829982;1,1.0527160154632085;0,1.5517316367069416;2,1.331098618630604
8,0;9,0.408253021459629;1,0.6653460936236897;6,0.6934129826523607;2,2.2730194759975646;4,0.32644978978418604;7,0.36558572342033285;3,0.8420000808068173;5,1.2466661228921498;0,0.8952854089454607
2,0;8,2.2944164834251857;9,2.5550597699832984;1,2.80587843372114;6,3.3058114321420633;4,2.908562491319434;3,2.651177392057498;7,4.709031333243958;5,4.146552087480574;0,4.531002891197852
3,0;8,0.4171797859757939;7,0.2163372809091429;4,0.4008003703908046;0,3.4117884639989984;6,0.0591420046365731;2,1.8179452655267914;9,0.42350191945988647;1,1.1236222415221955;5,2.5342978224778445
6,0;4,0.2838359290247023;5,2.124145165958378;7,0.7998568831660429;3,1.2192178234929054;9,1.205082350863114;8,1.0937713456231102;0,1.7626133313148888;2,1.9521580441359911;1,1.1135267286684223
9,0;3,1.7492703089327184;8,2.1332439244361923;7,2.2749307527424314;4,2.4584282143884577;0,4.016932356007637;6,2.21862183955955;1,2.3289264106807774;2,2.5181104899827997;5,2.4079879432103155
4,0;7,0.46152065737244075;3,0.24487847330803364;6,1.364841052335844;9,0.5696835387138947;8,0.3935439486314482;1,0.9280579033497083;2,1.9219298688568833;5,1.7031449137948171;0,4.804241421411167
3,0;8,0.20788074129951303;7,0.21213104843073596;4,0.01491454034471956;0,3.549310376358541;6,0.6149413361902659;9,1.289324506461828;1,1.1419736033946972;2,0.45412694207820997;5,2.4425814623024484
9,0;3,5.431729312744112;8,7.894694670954312;7,5.551881091464067;4,6.006625504976339;0,6.889064469899173;6,7.038399382360664;2,5.946695181205726;5,6.91008005978778;1,8.327360887237784
9,0;3,2.4435166084724664;8,3.5155152441665534;7,2.7422713035503996;4,3.320639296386528;0,2.6147003188899376;6,3.7103035126258535;1,3.680543503870054;5,2.65205636360872;2,3.949420080269589
3,0;8,1.1283817789799202;7,1.073010902347507;4,1.8617465336099086;0,3.4496168209650824;6,3.197252869352296;2,1.382469178900009;9,2.204739932601594;1,3.171896486580787;5,3.26889394601045
3,0;8,0.6366904037364558;7,0.8959497568261233;4,0.6565832917373766;0,0.8812316500596176;6,0.8451531598863382;9,0.9611137666117967;1,0.8400953825782997;2,0.6981765427231442;5,1.668979449184556
8,0;9,0.08376562916789758;1,0.9060108561571263;6,0.3648461713932075;2,0.64258165868189;4,0.8337956963894109;3,1.2033840330003165;5,1.0939819358482485;7,1.3751587119547286;0,4.4481658817549015
2,0;8,2.9438659390113164;9,1.352170970256802;3,2.107110085434279;7,3.21378423738428;4,2.7917161294558435;0,3.470642774392564;6,2.124682783634734;5,4.148165819956934;1,3.7806764673779614
3,0;8,0.6183166536913116;7,0.1511850875662842;4,0.6680786778443016;0,4.335854217373312;6,0.7776129711412014;5,2.6958832113185554;2,1.5410304049420855;9,0.6456011979416214;1,1.9861655335447297
2,0;8,1.2562393076335305;1,0.7000273098355955;4,0.859513819338845;5,0.7960067042965937;6,2.7764737060734923;0,0.8399690683922797;9,1.1028573005102498;3,1.000256398650511;7,1.123391781660576
7,0;3,2.893457457449211;2,1.184015181717266;8,3.01151758451341;1,4.547598785145406;4,3.3436845964251605;0,6.700471202541757;6,4.062639225104868;9,4.044837997365073;5,6.160115426029783
9,0;3,5.607371384307008;8,6.600119202849045;7,6.270072268198874;4,6.376021632804376;0,6.812819204663297;2,6.592563367146608;6,6.769239552166543;1,6.9185504029243745;5,7.8575750852746475
7,0;3,1.2001066450329299;2,0.7139379023082957;8,1.8178112077110855;9,2.1086491062317014;1,2.1141781116743785;4,1.8131278839455458;0,1.8645217234939222;6,1.2934504165738252;5,2.659782735064167
2,0;8,4.595569339911693;9,4.21665807367843;1,3.6602676646480528;4,5.754088789212769;5,4.965131040817523;6,5.792224265268947;3,4.644354045609783;7,5.751576279824195;0,5.362572339778675
7,0;3,0.6073671043623485;2,0.6630083120945167;8,0.8122236170193038;4,2.151181856133477;0,5.303635792746679;6,2.0889765837685603;9,0.851388250414401;1,1.6590319332463621;5,2.9321440263192855
0,0;9,3.202084437157799;3,1.358790902291683;5,2.4334041885410946;8,2.103359561126227;7,2.158747134375017;4,2.225044477983153;6,2.6751466213528476;1,2.2950645255810898;2,2.494811040894381
0,0;9,0.648684323434993;3,1.4495161159523229;1,2.462197858406527;5,0.2908228876044428;7,1.4765934614529328;8,2.008409770252638;4,1.7100337426181829;6,1.9869748459826166;2,2.073138821126433
6,0;4,2.707235864254081;7,5.307401244756354;3,2.818648406885841;9,3.9513752234338773;8,3.5949973659017074;0,2.946322818886137;5,4.741832708898887;1,4.739605891637046;2,5.318235557887036
2,0;8,1.5510434445498886;9,1.0477217274651913;1,0.7247688933723474;4,0.8267519131617104;5,0.9705538684719357;6,1.3396472893862845;0,0.8974110428575323;3,0.9707724461877791;7,1.1038067247546275
6,0;4,4.192334860710779;0,5.2426660230476365;5,0.40402810304785486;7,2.514133944893139;3,4.509674049399135;2,3.5282638706970175;9,5.4990265378616785;1,5.223199960856083;8,4.798569903649937
7,0;5,1.4836425420263382;3,0.9646853631858754;2,0.05455103968914957;8,1.2266150347404305;4,1.4048157950161095;0,2.202195363140188;6,1.9986934546181816;9,1.291223231055606;1,1.322510609513853
6,0;4,0.8701484338474784;0,2.5793832303312874;5,2.9199997491963625;7,0.8775114452397945;3,1.750157613125483;9,1.501667415558821;8,1.7652211243543237;1,3.218877841647627;2,3.571092547713491
4,0;7,2.098428675730994;3,0.0025571829050830435;6,0.43182927954826217;9,0.6923506883142881;8,0.12061035162607545;0,1.063591935865145;1,0.6490559810283053;2,0.7929401386984196;5,1.0845133967946288
1,0;2,1.250623246662368;4,0.5547955130162159;8,0.8863638502140306;5,1.506309017339722;6,0.32418967086317235;0,2.4968532464474444;9,0.19901698656962627;3,1.4434975360839533;7,1.4905319419793122
6,0;4,0.557647711907283;5,0.27146517306663276;7,1.5782581709359516;3,0.9846551249901663;9,1.0271610781656892;8,0.8368614096836563;1,1.2753120400859295;2,1.4267749447043316;0,3.5687192656216533
1,0;2,0.8276690592803984;4,0.6566018080373326;8,1.3277937454098119;5,1.1891759626934642;6,0.20446495760117978;0,4.327945720332599;9,0.1621784871731691;3,0.051234423607754154;7,2.482043299256392
6,0;4,0.6925061003208396;5,0.34218608643049003;7,0.5912694168298509;3,1.1802975259910546;2,0.8586946846312407;9,1.21648722101467;8,0.8341680472987626;1,1.0915888813866452;0,1.2497072346320375
4,0;7,1.0333179768258216;3,0.9129945932630823;6,3.55345691204697;9,1.5700444875010493;8,0.06075529792143866;1,1.4292522587841336;2,1.286673558742648;5,6.332810525953404;0,5.685704106400779
0,0;9,0.02722907067311001;3,0.6556677754298118;5,0.26323200428670307;7,1.3346357997120237;8,1.4732760856924068;4,0.8724226451863306;6,1.0524923847138963;1,1.7725379587189833;2,1.351226142903461
8,0;9,0.44537570127440196;1,1.5311082971686445;6,1.0770589461468014;2,0.9692515623019252;4,0.07021508656514566;7,0.1873055874474989;3,0.7885393620101271;0,1.8350407921417322;5,1.7103352616487992
4,0;7,0.32605315582899425;3,0.2851392512551505;6,0.3444434432665105;9,1.323230540446861;8,3.1705209937147427;0,1.4963100510629803;2,0.5511626542548995;5,2.8513753570187514;1,1.2177297905095452
1,0;2,0.9785232702470558;4,0.738336308216845;8,0.492597468571087;5,0.7290549267489477;6,0.35166157464614034;0,2.3967302612579506;9,0.5660851832032009;3,0.8723772836491746;7,1.9247673401069194
2,0;8,1.0048763664547002;1,0.8401268067232136;4,0.9085810133648862;5,4.6657311361134415;6,1.5246354130972264;0,3.6644643882761394;9,1.4752395628602595;3,1.7181390852302223;7,2.3510070063283663
5,0;7,3.075653589808663;3,5.036611087924922;2,3.918178213036488;8,4.155362861953809;9,7.25668533115933;1,6.711342938006023;4,7.238064410090028;0,9.181795374277304;6,6.779176860142484
0,0;9,2.2502691045504086;3,1.4657790429904631;1,1.7830116536805638;5,1.3795469341339732;7,1.9550493249676046;8,1.7579685371494074;4,2.6212692927338312;6,2.5697910921011915;2,1.9231805501306325
1,0;2,0.37777091752756137;4,2.7701532423610424;8,2.6825188418848995;5,2.1845611805902987;6,2.2492141277055824;0,2.639767145918009;9,0.26688423301062214;3,2.59799807923458;7,3.427777914689439
9,0;3,0.8422995340079873;8,1.744710707693598;7,3.100801266827121;4,2.458544842923207;0,2.340876749283791;6,1.1475368569364135;5,3.050246846589618;1,1.8007819919119847;2,2.1277308954893015
8,0;9,0.036693004501960884;1,0.36592743658309557;6,0.45058638303860304;2,0.1811032751106618;4,1.685671242420057;3,1.1201799109888866;5,1.2868695367774379;0,3.7757908376302094;7,1.6735884650982644
1,0;2,0.07191287390034033;4,1.2627668555227551;8,1.3090686317876874;5,2.226526353534169;6,1.4785572326908938;0,3.1045339530378167;9,0.061811326795083776;3,1.598512022400442;7,1.879590251514067
3,0;8,1.5236428671704907;7,0.18979379749461733;4,0.34920321748259786;0,1.2269597190797557;6,1.2749755467060404;5,4.3708260837434025;2,3.7245120450734697;9,0.5834404778118538;1,3.2008932392211977
5,0;7,1.8417750401184365;3,4.408642302411879;2,2.09631286509852;8,4.75369913476148;9,6.474412515951982;1,6.13596629668316;4,5.15388377445401;0,7.790382054123786;6,6.4619636652334345
6,0;4,2.1653539033976297;5,0.5955128413323889;7,1.9955054335172473;3,2.0763388742064484;2,2.6416851681279594;8,2.858331958132458;0,5.087904431108003;9,2.3661256530342443;1,3.1520570219482544
1,0;2,0.6984317127242728;4,0.12830189744739895;8,0.07905232655677286;5,0.7190825008394761;6,0.7796134664000781;0,0.9392149991758387;9,0.2631738894546896;3,0.41046849012330244;7,0.27881144425063625
1,0;2,0.29127429702456625;4,0.5052127053722474;8,0.0568839325791284;5,1.1705526438083151;6,0.2929244628504366;0,2.5595553931158057;9,0.7750158579893414;3,1.7040655149796051;7,1.4566458859925195
0,0;3,0.542889510427795;1,2.2751446601837935;5,2.764319807705907;8,1.2570008645719088;7,1.4121705115390952;4,0.858669148478519;6,2.330227043516442;9,1.2150710501731077;2,2.231552525222985
3,0;8,0.7082192406991286;7,2.076906271055352;4,0.12470124971366998;0,6.833662196475791;6,0.3464329218486617;9,1.3490893069206236;5,1.6736309322370375;1,1.2438189963748587;2,0.7921375362254883
6,0;4,0.3196289723459974;7,2.7815384991389576;3,1.9967350161972588;9,1.559714953081432;8,1.0434562429489331;1,1.4090354949733457;2,2.420994516135896;5,2.586120514269341;0,2.5186841993119815
6,0;4,4.5172196919350345;0,3.9969988592731944;5,0.20342080488585365;7,2.9247201221714954;3,3.117919463124808;2,5.449841457541502;8,4.51591849071692;9,4.663087659164602;1,4.975151244675293
8,0;9,0.0834007629868684;1,3.2858829073294826;6,2.06793143508759;2,0.6049108097803865;4,0.8490607611156601;3,0.5146025362502309;7,1.3143836369435546;0,6.493199000533049;5,7.003282155557793
6,0;4,0.4526975536998933;7,2.216542591585737;3,1.5743827066202278;9,0.9030046781868002;8,0.8807912803590454;1,0.9285292950539639;2,0.9932585260002236;5,1.4033490542662337;0,6.191659709153376
6,0;4,0.3339767993679283;0,3.6610486896048746;5,2.8771771581008836;7,1.7809239754356465;3,0.756569136432409;9,0.5334537806222651;8,1.5460861997355662;1,3.165806965741108;2,2.832485653921651
0,0;9,3.696803791263539;3,2.277763406698679;5,1.7141472437213918;7,2.7887836671879347;8,3.0684251985975757;4,3.1794489689272387;6,3.279073696436278;2,4.9698692331902246;1,3.6841635582483816
7,0;3,0.7698859980247903;2,1.7926206944067915;8,1.0826135261147025;4,2.2485843096210862;0,3.139211259059822;6,1.4921119441773643;9,1.1015289188869175;1,1.548042397721448;5,2.779481285807324
1,0;2,0.844865269329618;4,0.38997971370780216;8,0.32799760324704574;5,0.7155255043308504;6,0.5234512529778464;0,0.2668651943460809;9,0.6883011469296499;3,0.19359631769302788;7,0.951925579037797
4,0;7,3.4692152898620914;3,0.1954967229051638;6,0.08775232948928481;9,0.04921853020149034;8,0.6429388532714949;1,1.9659279951965067;0,2.4597302659432807;2,0.7338287185938382;5,2.505491390523479
4,0;7,1.014629984261191;3,0.2810791507489084;6,0.7190855004641942;9,0.4532347211442493;8,0.2195419599491079;1,0.5240620902061035;2,1.6398393083472826;5,1.3331972693085516;0,8.4285856105677
2,0;8,0.4623027265457793;9,0.6837277910893504;1,0.42626718978224865;4,0.4468125000296785;5,0.8009496601155287;6,0.6556356390885898;3,1.5420329576066105;7,2.0709661877793426;0,2.747997284947871
7,0;3,3.1942676090402813;2,6.008901128441206;8,4.74960605162675;4,4.466916618368866;0,5.246403646694998;6,4.3340731894453715;9,4.56353938746739;1,6.21720421730298;5,5.323221268104867
8,0;9,1.0786197451701474;1,1.7862189246763636;6,0.04092996896134208;2,1.150509342431485;4,0.04076164679626268;7,1.9438188099397151;3,0.1262207622140218;0,0.42796171710739345;5,0.9805910819550292
7,0;3,1.423192483701635;2,2.3327063342909744;8,1.6853665046260895;4,2.200121117589333;0,4.125068483315161;6,2.0093017540051;9,2.423921369125843;1,2.4961373267307803;5,3.8118179518025777
9,0;3,0.8919321831953703;8,2.1458341009011233;7,0.9658820619252286;4,2.6890890591618097;0,3.2946239122967875;6,3.2841115827678755;5,2.8220296761628076;2,2.6146127895336932;1,2.5304553475372766
4,0;7,2.0366936068904504;3,0.32130412533529923;6,0.5530436250395272;9,0.8054886543221289;8,0.29240833944610295;1,2.6093666910170836;2,2.999426035499021;0,3.4727037848710998;5,3.834712423130153
4,0;7,1.7529756569655504;3,1.2629202290684176;6,0.3492916075389231;9,2.1644227884082587;8,1.2789979272013634;1,1.5471442247977882;0,1.976707456240859;2,1.9853873903316241;5,2.0241733424823614
2,0;8,4.919107240363867;9,2.874991995855892;1,6.84864507905387;3,5.383550807125864;6,6.785513639879679;4,5.2166409534001055;7,5.741216451191561;0,6.473707893763642;5,7.503203157474751
0,0;9,2.066250998888909;3,0.6448922730023403;1,2.3142571596206305;5,2.3754629021962375;8,2.005165406754337;7,2.49052440988151;4,1.8278176577491934;6,1.9679935556458716;2,2.7609461563449784
2,0;8,0.8108244537333233;9,2.660538042117156;1,2.0324056898979457;6,3.1508479863833125;4,3.599670805756931;5,2.119308985428265;0,4.117950870038641;3,4.029857380406528;7,4.32087283442139
6,0;4,5.178697559715378;5,2.5566044772983445;7,3.054148630433399;3,4.5888260131681555;2,3.8514038236083743;8,5.647319676451071;9,4.99619519847909;1,4.503759439961417;0,4.898403681802691
6,0;4,2.285117955536409;0,3.06767009126365;5,1.7650266322063095;7,2.386474706477996;3,2.725132885681244;9,2.665996068248079;8,3.0186374626966317;1,3.0220402657941836;2,3.7747247646525954
7,0;3,0.6965500143314497;2,1.9544326343117848;8,0.9259367827268441;4,1.4593759022452923;0,1.4405681722263801;6,1.4651597087623696;9,1.4614655854636842;1,0.9626596346146953;5,1.3909616238163771
0,0;9,2.4677783103586752;3,0.9020321863123615;1,2.2884057633416246;5,1.9715622634258951;8,1.9457859676958753;7,4.7938594066550255;4,2.4212090750248945;6,2.188274160542978;2,2.9286155912902685
1,0;2,3.0158490756445238;4,0.7039889735517426;8,1.535357272317834;5,1.298534395001938;6,0.8026230755309506;0,2.9532443017198924;9,0.3707704012255669;3,0.5953825313829586;7,1.378976785327149
2,0;8,1.7991276556804634;1,2.9347276702117284;9,2.152347540320287;6,2.93894855772382;4,2.312807754836834;3,2.9670068037139883;7,4.457520561157838;5,4.106226989012875;0,3.4570484384897373
6,0;4,0.6570485147361087;5,2.813267261920611;7,2.372124388448273;3,1.1773168145126713;9,1.809542845257221;8,0.7247913886298041;1,2.7901613877166014;2,0.8536550922124654;0,3.7398023300774628
4,0;3,0.12855774976910844;6,0.5085254904893995;9,0.005650554905471864;8,0.67929833317528;0,2.057069064613815;7,0.27321535368958794;2,2.3173586694134816;5,1.8155454686335508;1,2.942862237610846
8,0;9,1.6917244056385852;1,1.4719786584763725;6,1.8389896778675476;2,1.6496580912241139;4,1.9269394824962987;5,4.2347727844457435;0,3.4740864843687578;3,1.9850594859105062;7,2.7206380947267976
6,0;4,0.5205064708808169;5,1.6619908692757996;7,1.0351438434514202;3,0.8505662872271312;9,2.7097390005539572;8,2.1510904236237343;0,0.8667368094855474;2,3.1269971831238568;1,2.5728881325728965
4,0;3,1.985374939989076;6,1.2265570858584205;9,0.35946445083699363;8,0.46840563366280336;1,0.9238410817400833;2,2.17819467060258;5,1.6455964898891486;0,2.0888282970356817;7,2.8174939680364655
1,0;2,2.898603244259921;4,0.3582039855212881;8,0.14576386888448922;5,2.227450934524245;6,0.1497430156116704;0,0.7469209498693353;9,0.05809158509920822;3,0.275807283154859;7,0.7594764625058352
4,0;7,1.3947343185211527;3,0.950555435605257;6,0.8281732895155798;9,1.6528670135091543;8,0.32274106317359674;1,1.312144837809135;2,1.64026723337875;5,1.849504981168747;0,3.672606118585967
1,0;2,0.017882627497130044;4,0.6225419269916845;8,1.1106199666790997;5,0.2342576150699378;6,1.0170516345390768;0,1.1892000087164476;9,0.5185137353924899;3,1.842333268512241;7,1.9049078160812307
4,0;7,0.6827709808196083;3,2.859946911046819;6,3.6094040025726906;9,0.5254766638244288;8,1.6345289193773802;0,2.1110044512915156;2,3.36212385257707;1,2.109424608035157;5,2.4120234558869624
8,0;9,0.17865340558886056;1,1.4946054581253534;6,0.8229378688159246;2,1.5174176425611172;4,0.16468356493178699;7,1.274469878344406;3,0.7402666520107632;0,1.19000872066994;5,1.8670873629696572
5,0;7,0.6818503086375253;3,0.95220231060972;2,3.4686027345527406;8,3.064031349525459;4,2.014962889935458;0,4.0010418846573925;6,1.0403370897996287;9,3.5568602105875975;1,3.952622975936592
3,0;8,3.006008152485114;7,3.385924441699668;4,0.9997197683721779;6,0.8466387079778229;5,4.71761006907446;9,2.6208071097045167;1,3.9899588997300546;2,4.267526410404901;0,8.385597333756708
5,0;7,0.37727725722011324;3,0.9242142408821548;2,1.0118752336187635;8,0.9893795179711286;4,1.605632809507691;0,3.2417844004393066;6,2.931987019549616;9,1.864160741365951;1,2.670638382230566
0,0;9,3.639710670791033;3,1.0889069819795638;5,1.0091094282475734;7,1.3428346586972957;8,3.1446062511511954;4,3.655501491058935;6,2.0015071271937392;2,1.8752225463728263;1,4.400233318627742
5,0;7,3.2970556282481382;3,7.362964778087383;8,8.34375966194095;4,8.006885717805057;6,7.748452336813666;9,8.71926776210104;1,8.546793856282708;2,8.962018193578514
6,0;4,1.6097712175532686;0,0.7307882583064353;5,1.4869328814439324;3,1.0130712890737756;1,2.3315188462122043;8,1.4372749719825768;7,2.188132992507895;9,1.983880400782192;2,3.083129321791488
7,0;3,1.2073648398063184;2,2.057611971245965;8,1.9198942308348192;4,2.9038767943459316;0,2.5738439961772213;6,3.9942674636853495;9,2.6950571342948537;1,4.453420236901596;5,2.8587464230570787
0,0;9,2.3632344250741317;3,2.11552073939571;5,0.15184554784478382;7,0.4210966882958778;2,0.7547658001986227;8,2.3052335701601128;4,2.6230937649737442;1,5.139436984651034;6,3.764309242089432
1,0;2,0.15712669810150218;4,0.7476540334056685;8,0.4934205000906944;5,0.3266064241166869;6,0.5525668725822473;0,0.7406246235853771;9,0.8660917566884182;3,0.9692620620347786;7,0.9774241075543636
8,0;9,0.4482001047763732;1,0.4216405724890094;6,2.7534620259469884;2,0.6857875929290882;4,2.653009834334065;5,0.8117340256336064;0,5.7240808785119714;3,3.3786881306846968;7,0.8934088097929084
4,0;7,0.25315392543517656;3,0.3535543985893986;6,0.5341808843947145;9,0.7548129028210955;8,0.7685235923854986;0,3.0190101223960824;5,1.2464382586634422;1,2.0969754746216007;2,0.8869049591814027
7,0;5,1.3058536732864836;3,0.9044092107044884;2,2.8614349131960335;8,2.567265701555138;4,4.105406373139288;0,6.191951543907844;6,3.4687118517240427;9,3.354181459366022;1,2.7583981186268325
9,0;3,1.052623719878508;8,1.0567382745904694;7,1.261643639095833;4,1.612816767788867;0,2.375488382404667;6,1.1897254531128496;1,1.0684814094709167;2,1.337701752877103;5,2.60252351760907
7,0;3,2.7214547012076453;2,1.10080041566025;8,1.8558946401265972;9,2.2483687350716886;1,1.8692974341715773;6,2.4968124212205374;4,2.527275086621928;5,2.7610002692001965;0,2.822330033202525
9,0;3,0.6791602222747327;8,1.649991480174048;7,1.9949448132381278;4,0.8718269837475559;0,1.7628391084718462;6,2.238108441190614;1,2.3234969696922576;2,1.8839932914442756;5,2.3195406559863043
0,0;9,0.3747433227476844;3,0.5621578003082301;1,3.124941633827694;5,3.9436532106305813;8,1.902837925881786;7,1.8906737602888228;4,0.7748262888979449;6,0.9807378727177554;2,1.9017009447070568
6,0;4,2.6042859060195296;5,0.10936810190809017;7,2.2608321688555373;3,3.238165701446854;2,3.943551986505661;9,3.1180597650033857;8,3.052700463990311;1,4.193970232291707;0,4.5699815188188815
7,0;3,0.014937409525154785;2,1.5549393494625323;8,1.7813751462376592;4,1.5621389748287815;0,2.3163583749769163;6,3.986098600705346;9,3.049647175027034;1,1.9302992696642831;5,2.5883730557226157
7,0;5,2.6233748123101566;3,0.5336400420820996;2,2.6186862664408137;8,2.248736895277914;4,1.1127411431585905;0,4.075028968186553;6,2.8779733907988705;9,2.253598058054843;1,1.3579673234149958
5,0;7,0.35397053601337697;3,1.2063746999473182;2,1.7193671099528793;8,1.7358456444331258;4,1.7264469477789324;0,2.7575826426827583;6,1.8606902900060516;1,2.216089077437905;9,2.254376634673225
5,0;7,1.387885256058538;3,2.0026742974851364;2,2.667392315780904;8,2.570314593956679;4,2.643451750100544;0,4.732072159605658;6,4.554183046752869;9,3.136780676044909;1,2.639487997608787
6,0;4,0.08713127160740552;5,1.1055323088001157;7,0.3515585725084235;3,0.11068150702705487;9,0.30507836658104626;8,0.45139577936774866;0,1.0552334922348705;2,1.7501118459748923;1,1.7213605221888164
9,0;3,0.7845356117498371;8,0.9446449002200994;7,1.1255339724919888;4,0.80704154428933;0,1.1915885194731548;6,0.905324572893202;5,0.9728154484308572;1,1.2311255170493303;2,1.1416533597552658
9,0;3,2.9487563113898463;8,3.916100280290994;7,5.548312335262448;4,4.730733996700311;6,3.936818699237151;1,5.105072211275642;2,6.417282322026523;0,6.438553616232937;5,5.5460980689537065
9,0;3,1.8205160360339796;8,1.831587454314778;7,2.2246469184537347;4,2.1980446872604587;0,1.916250925584476;6,3.7969554361077598;1,2.1318427681434238;2,2.1632176037851343;5,2.3675006937331884
1,0;2,0.7784310362389066;4,0.23882920796125;8,0.05100284818979245;5,1.4715985898354074;6,0.3544028405565785;0,0.9373143788111215;9,1.1131376901016217;3,0.6174382764541297;7,0.7015331712503963
4,0;7,0.05066976392426338;3,0.3725297565137329;6,0.5491610254243438;9,0.8098991735303724;8,0.06186133277992796;0,1.6624359874887034;2,0.9281781868850015;1,0.19916734583155526;5,1.901130054050994
3,0;8,1.688952789286676;7,2.427060631046458;4,0.38005266328727483;6,0.278418527467835;5,1.9520360651396924;9,1.8364438328991195;1,2.1108120020613916;2,3.7546694300622914;0,3.6142225140388446
5,0;7,2.1573717487751303;3,3.464512166274047;2,2.4120030834681656;8,4.049471940939334;4,4.663248358989194;0,4.197111427632802;6,5.061448355957381;9,4.240763814396553;1,4.338358083141308
5,0;7,0.5654490124323905;3,0.7910684029398601;2,2.19753346622407;8,1.9220828967227073;4,1.3644449150329176;0,2.678034353691709;6,1.4869844017027303;9,1.971053414944369;1,2.47191232074237
5,0;7,0.36951529851523024;3,0.4630491610671306;2,0.9072176823348773;8,0.5263055457182759;4,0.6582151946849257;0,1.2246019823854235;6,0.8299352280233359;9,0.9191455183903895;1,1.0198622019250936
0,0;9,0.8288514715916555;3,1.8636676760635171;1,0.5762600637821793;5,0.8400578751181873;2,0.6994750967505435;4,1.0509258971829125;8,2.0835554860877172;6,0.825140081137911;7,2.3506937741756175
2,0;8,6.241094454625385;9,3.059026249345121;1,6.5911536397646495;3,7.104996470253364;6,6.398448551578847;4,7.033602593486297;5,6.707968029474857;7,7.315278620395083;0,8.341448887090358
8,0;9,0.1000966194795616;1,0.0037015612967398986;6,0.23093288781496477;2,0.39717652768220657;4,1.2659198369799154;5,2.396578041029057;0,2.1518106438014333;3,0.7405754982738691;7,1.7219691559502182
8,0;9,1.7038700253765027;1,1.017783165314686;6,0.35837106101594873;2,0.591980095552931;4,0.12329279918955499;7,1.4918397612750685;3,1.2357198995421437;0,1.7109563895286277;5,1.1520529939048274
4,0;7,0.536339031516029;3,0.2757386270083795;6,0.17473703356332085;9,2.3019366069950484;8,0.48647550056149647;0,3.431890534951589;5,2.6369157543742117;1,5.699796931097321;2,2.062683934001725
0,0;9,0.7559366001446838;3,0.008678313832862126;1,2.6474222963696588;5,0.6485618386391165;8,0.9882648712619351;7,0.3437557526804448;4,2.091803765154845;6,1.7039941215312386;2,0.38242502192786276
4,0;7,2.4843883859214246;3,1.0684586912172143;6,1.5413037976674986;9,0.20563214013774625;8,1.3587935930171136;0,1.1375433639241412;1,3.509801190423988;2,1.6011013705549118;5,4.542690642600578
2,0;8,3.538399964661218;1,1.2727086873247444;4,3.537411356291116;5,1.522435066319215;6,3.2364822370438198;9,1.461090674702627;3,2.3784581867529067;7,2.446378027590758
2,0;8,0.8508180264814753;9,1.6509476845535689;1,0.9120250547618065;6,3.3640424129051825;4,1.1067987372547816;5,4.394521920406574;0,2.822486902428365;3,1.1824775100466562;7,2.734344261401216
3,0;8,1.1050185131451835;7,1.346855712435174;4,0.5527396736988552;0,0.8186424423296974;6,0.10751943986500012;5,0.987551721008109;9,1.5036343825515686;1,1.6491865410809794;2,1.8222514729591048
4,0;7,2.799782531414797;3,0.7232328076757102;6,1.1458043416337464;9,1.5835994701634388;8,0.14015204748168764;1,4.08076817791439;2,1.7520044619717172;0,5.2402028445791;5,1.635182805052223
2,0;8,0.535368333416343;1,2.2039484905287123;9,1.5685711049060398;6,1.9415497778210349;4,1.5032719008395814;7,1.8323292946041732;3,1.9178596295607497;0,2.2957124723789213;5,3.164253817146026
3,0;8,0.37232766106133675;7,0.02479243890616499;4,0.18886864603776007;0,1.4927625006859;6,2.521479718430285;5,1.7182312622705398;2,0.7371010560447732;9,0.7962390940580271;1,1.723586953702378
1,0;2,0.7329790160952991;4,0.5648207675174026;8,0.536147701849394;5,1.6008724692209948;6,0.23658616075305539;9,0.16050793963451992;3,0.7702479861790235;7,2.041473069213713;0,1.7279313450555993
2,0;8,2.761263097691861;9,4.90494788101495;1,4.654458072589163;6,3.738827281447914;4,3.6964812316042517;3,4.528300876799693;0,4.096752725415686;5,4.568751132314608;7,6.223960134366626
4,0;7,2.528855705649079;3,0.0890215739007344;6,0.1936837885555871;9,1.341837408560083;8,0.6085873359288239;0,6.731878515385993;1,4.628154422488948;2,3.4758236679749452;5,6.161113660024049
5,0;7,0.7409566427119684;3,2.52796483337468;2,2.209781284872517;9,2.6983068797912324;1,2.4872346814834603;4,2.7602780017194752;8,2.8536534974637866;6,2.9997652048474;0,3.5658282271677235
3,0;8,0.19321983944417045;7,0.7529149953194773;4,0.529861516895489;0,1.2017751760058126;6,0.5188120856574698;9,1.7717467044657123;1,1.1404456366350095;2,0.44610375991256945;5,1.4147822898278763
1,0;2,2.2607132250526147;4,0.560992403810398;8,0.24833924612303507;5,0.06682551690088442;6,0.38400858939568605;0,3.0838527048863917;9,0.12996417652881836;3,0.17729734745548506;7,1.5350298982667403
8,0;9,0.8523137584698253;1,0.36493544959504415;6,1.4103262073091531;2,1.3071144487886974;4,1.0058000220872967;5,0.46853827561746286;0,2.2499964917648994;3,0.967838884705037;7,1.3000704626913948
1,0;2,0.5317742701728713;4,1.6949544311550118;8,1.1418829853116008;5,1.3793229365003281;6,1.7268542060315817;0,0.9849904457160876;9,0.14478924585042824;3,1.54958062151385;7,2.2058665583021453
