0,0
1,1
2,2
3,3
4,4
5,5
6,6
7,7
8,8
9,9

0,9,[0.20916194]
0,3,[0.51506435]
0,1,[0.11123113]
0,5,[0.56264823]
1,2,[0.67941645]
1,4,[0.43290873]
1,8,[0.33410626]
1,5,[0.62543423]
1,6,[0.5818819]
1,0,[0.29012316]
1,9,[0.95003312]
1,3,[0.58228175]
2,8,[0.25243986]
2,9,[0.09578081]
2,1,[0.16975749]
3,8,[0.9383813]
3,7,[0.64162788]
3,4,[0.75482767]
3,0,[0.24428059]
3,6,[0.29880257]
4,7,[0.22420626]
4,3,[0.71203041]
4,6,[0.77523419]
4,9,[0.83616781]
4,8,[0.7869806]
4,1,[0.03388457]
4,0,[0.02952442]
5,7,[0.76740423]
6,4,[0.58100741]
6,0,[0.05962793]
6,5,[0.17898626]
7,5,[0.03489097]
7,3,[0.62002043]
7,2,[0.34399456]
8,9,[0.73469219]
8,1,[0.74498924]
8,6,[0.3139155]
8,2,[0.54122265]
8,4,[0.99717065]
9,3,[0.33462667]
