0,0
1,1
2,2
3,3
4,4
5,5
6,6
7,7
8,8
9,9
10,10
11,11
12,12
13,13
14,14
15,15
16,16
17,17
18,18
19,19
20,20
21,21
22,22
23,23
24,24
25,25
26,26
27,27
28,28
29,29
30,30
31,31
32,32
33,33
34,34
35,35
36,36
37,37
38,38
39,39
40,40
41,41
42,42
43,43
44,44
45,45
46,46
47,47
48,48
49,49
50,50
51,51
52,52
53,53
54,54
55,55
56,56
57,57
58,58
59,59
60,60
61,61
62,62
63,63
64,64
65,65
66,66
67,67
68,68
69,69
70,70
71,71
72,72
73,73
74,74
75,75
76,76
77,77
78,78
79,79
80,80
81,81
82,82
83,83
84,84
85,85
86,86
87,87
88,88
89,89
90,90
91,91
92,92
93,93
94,94
95,95
96,96
97,97
98,98
99,99
100,100
101,101
102,102
103,103
104,104
105,105
106,106
107,107
108,108
109,109
110,110
111,111
112,112
113,113
114,114
115,115
116,116
117,117
118,118
119,119
120,120
121,121
122,122
123,123
124,124
125,125
126,126
127,127
128,128
129,129
130,130
131,131
132,132
133,133
134,134
135,135
136,136
137,137
138,138
139,139
140,140
141,141
142,142
143,143
144,144
145,145
146,146
147,147
148,148
149,149
150,150
151,151
152,152
153,153
154,154
155,155
156,156
157,157
158,158
159,159
160,160
161,161
162,162
163,163
164,164
165,165
166,166
167,167
168,168
169,169
170,170
171,171
172,172
173,173
174,174
175,175
176,176
177,177
178,178
179,179
180,180
181,181
182,182
183,183
184,184
185,185
186,186
187,187
188,188
189,189
190,190
191,191
192,192
193,193
194,194
195,195
196,196
197,197
198,198
199,199
200,200
201,201
202,202
203,203
204,204
205,205
206,206
207,207
208,208
209,209
210,210
211,211
212,212
213,213
214,214
215,215
216,216
217,217
218,218
219,219
220,220
221,221
222,222
223,223
224,224
225,225
226,226
227,227
228,228
229,229
230,230
231,231
232,232
233,233
234,234
235,235
236,236
237,237
238,238
239,239
240,240
241,241
242,242
243,243
244,244
245,245
246,246
247,247
248,248
249,249
250,250
251,251
252,252
253,253
254,254
255,255
256,256
257,257
258,258
259,259
260,260
261,261
262,262
263,263
264,264
265,265
266,266
267,267
268,268
269,269
270,270
271,271
272,272
273,273
274,274
275,275
276,276
277,277
278,278
279,279
280,280
281,281
282,282
283,283
284,284
285,285
286,286
287,287
288,288
289,289
290,290
291,291
292,292
293,293
294,294
295,295
296,296
297,297
298,298
299,299
300,300
301,301
302,302
303,303
304,304
305,305
306,306
307,307
308,308
309,309
310,310
311,311
312,312
313,313
314,314
315,315
316,316
317,317
318,318
319,319
320,320
321,321
322,322
323,323
324,324
325,325
326,326
327,327
328,328
329,329
330,330
331,331
332,332
333,333
334,334
335,335
336,336
337,337
338,338
339,339
340,340
341,341
342,342
343,343
344,344
345,345
346,346
347,347
348,348
349,349
350,350
351,351
352,352
353,353
354,354
355,355
356,356
357,357
358,358
359,359
360,360
361,361
362,362
363,363
364,364
365,365
366,366
367,367
368,368
369,369
370,370
371,371
372,372
373,373
374,374
375,375
376,376
377,377
378,378
379,379
380,380
381,381
382,382
383,383
384,384
385,385
386,386
387,387
388,388
389,389
390,390
391,391
392,392
393,393
394,394
395,395
396,396
397,397
398,398
399,399
400,400
401,401
402,402
403,403
404,404
405,405
406,406
407,407
408,408
409,409
410,410
411,411
412,412
413,413
414,414
415,415
416,416
417,417
418,418
419,419
420,420
421,421
422,422
423,423
424,424
425,425
426,426
427,427
428,428
429,429
430,430
431,431
432,432
433,433
434,434
435,435
436,436
437,437
438,438
439,439
440,440
441,441
442,442
443,443
444,444
445,445
446,446
447,447
448,448
449,449
450,450
451,451
452,452
453,453
454,454
455,455
456,456
457,457
458,458
459,459
460,460
461,461
462,462
463,463
464,464
465,465
466,466
467,467
468,468
469,469
470,470
471,471
472,472
473,473
474,474
475,475
476,476
477,477
478,478
479,479
480,480
481,481
482,482
483,483
484,484
485,485
486,486
487,487
488,488
489,489
490,490
491,491
492,492
493,493
494,494
495,495
496,496
497,497
498,498
499,499
500,500
501,501
502,502
503,503
504,504
505,505
506,506
507,507
508,508
509,509
510,510
511,511
512,512
513,513
514,514
515,515
516,516
517,517
518,518
519,519
520,520
521,521
522,522
523,523
524,524
525,525
526,526
527,527
528,528
529,529
530,530
531,531
532,532
533,533
534,534
535,535
536,536
537,537
538,538
539,539
540,540
541,541
542,542
543,543
544,544
545,545
546,546
547,547
548,548
549,549
550,550
551,551
552,552
553,553
554,554
555,555
556,556
557,557
558,558
559,559
560,560
561,561
562,562
563,563
564,564
565,565
566,566
567,567
568,568
569,569
570,570
571,571
572,572
573,573
574,574
575,575
576,576
577,577
578,578
579,579
580,580
581,581
582,582
583,583
584,584
585,585
586,586
587,587
588,588
589,589
590,590
591,591
592,592
593,593
594,594
595,595
596,596
597,597
598,598
599,599
600,600
601,601
602,602
603,603
604,604
605,605
606,606
607,607
608,608
609,609
610,610
611,611
612,612
613,613
614,614
615,615
616,616
617,617
618,618
619,619
620,620
621,621
622,622
623,623
624,624
625,625
626,626
627,627
628,628
629,629
630,630
631,631
632,632
633,633
634,634
635,635
636,636
637,637
638,638
639,639
640,640
641,641
642,642
643,643
644,644
645,645
646,646
647,647
648,648
649,649
650,650
651,651
652,652
653,653
654,654
655,655
656,656
657,657
658,658
659,659
660,660
661,661
662,662
663,663
664,664
665,665
666,666
667,667
668,668
669,669
670,670
671,671
672,672
673,673
674,674
675,675
676,676
677,677
678,678
679,679
680,680
681,681
682,682
683,683
684,684
685,685
686,686
687,687
688,688
689,689
690,690
691,691
692,692
693,693
694,694
695,695
696,696
697,697
698,698
699,699
700,700
701,701
702,702
703,703
704,704
705,705
706,706
707,707
708,708
709,709
710,710
711,711
712,712
713,713
714,714
715,715
716,716
717,717
718,718
719,719
720,720
721,721
722,722
723,723
724,724
725,725
726,726
727,727
728,728
729,729
730,730
731,731
732,732
733,733
734,734
735,735
736,736
737,737
738,738
739,739
740,740
741,741
742,742
743,743
744,744
745,745
746,746
747,747
748,748
749,749
750,750
751,751
752,752
753,753
754,754
755,755
756,756
757,757
758,758
759,759
760,760
761,761
762,762
763,763
764,764
765,765
766,766
767,767
768,768
769,769
770,770
771,771
772,772
773,773
774,774
775,775
776,776
777,777
778,778
779,779
780,780
781,781
782,782
783,783
784,784
785,785
786,786
787,787
788,788
789,789
790,790
791,791
792,792
793,793
794,794
795,795
796,796
797,797
798,798
799,799
800,800
801,801
802,802
803,803
804,804
805,805
806,806
807,807
808,808
809,809
810,810
811,811
812,812
813,813
814,814
815,815
816,816
817,817
818,818
819,819
820,820
821,821
822,822
823,823
824,824
825,825
826,826
827,827
828,828
829,829
830,830
831,831
832,832
833,833
834,834
835,835
836,836
837,837
838,838
839,839
840,840
841,841
842,842
843,843
844,844
845,845
846,846
847,847
848,848
849,849
850,850
851,851
852,852
853,853
854,854
855,855
856,856
857,857
858,858
859,859
860,860
861,861
862,862
863,863
864,864
865,865
866,866
867,867
868,868
869,869
870,870
871,871
872,872
873,873
874,874
875,875
876,876
877,877
878,878
879,879
880,880
881,881
882,882
883,883
884,884
885,885
886,886
887,887
888,888
889,889
890,890
891,891
892,892
893,893
894,894
895,895
896,896
897,897
898,898
899,899
900,900
901,901
902,902
903,903
904,904
905,905
906,906
907,907
908,908
909,909
910,910
911,911
912,912
913,913
914,914
915,915
916,916
917,917
918,918
919,919
920,920
921,921
922,922
923,923
924,924
925,925
926,926
927,927
928,928
929,929
930,930
931,931
932,932
933,933
934,934
935,935
936,936
937,937
938,938
939,939
940,940
941,941
942,942
943,943
944,944
945,945
946,946
947,947
948,948
949,949
950,950
951,951
952,952
953,953
954,954
955,955
956,956
957,957
958,958
959,959
960,960
961,961
962,962
963,963
964,964
965,965
966,966
967,967
968,968
969,969
970,970
971,971
972,972
973,973
974,974
975,975
976,976
977,977
978,978
979,979
980,980
981,981
982,982
983,983
984,984
985,985
986,986
987,987
988,988
989,989
990,990
991,991
992,992
993,993
994,994
995,995
996,996
997,997
998,998
999,999
1000,1000
1001,1001
1002,1002
1003,1003
1004,1004
1005,1005
1006,1006
1007,1007
1008,1008
1009,1009
1010,1010
1011,1011
1012,1012
1013,1013
1014,1014
1015,1015
1016,1016
1017,1017
1018,1018
1019,1019
1020,1020
1021,1021
1022,1022
1023,1023

0,446
1,588
1,36
2,291
3,943
4,682
4,708
5,666
5,558
6,769
10,488
10,591
11,1001
12,1007
12,341
14,321
15,288
15,24
15,39
15,64
17,290
17,586
17,142
20,17
23,58
24,994
25,607
25,811
26,1013
27,654
28,300
28,742
31,0
31,901
31,675
31,1008
33,688
33,4
34,198
34,939
35,494
35,445
35,478
35,205
36,44
36,205
38,12
38,540
38,159
39,52
39,944
40,961
41,854
42,948
43,408
44,343
45,359
46,928
46,257
46,851
47,847
48,87
49,396
49,40
49,313
50,313
50,782
52,502
52,4
52,186
56,441
56,198
56,146
58,843
60,574
61,789
61,60
61,390
62,769
62,242
62,304
64,316
65,366
65,348
66,466
66,604
68,154
69,566
69,666
70,806
70,383
72,998
72,187
72,1022
73,550
73,498
75,71
76,887
77,1000
80,353
80,127
81,741
82,845
83,174
83,879
84,135
86,893
87,920
87,2
88,179
89,573
89,735
90,401
90,265
90,639
90,878
91,156
91,230
92,1022
92,75
92,783
93,438
93,336
94,1018
95,524
95,266
96,41
99,854
99,161
99,613
99,163
100,998
102,1001
102,441
103,938
103,3
103,858
103,122
104,880
106,685
106,789
106,194
108,854
108,42
109,669
109,994
109,391
110,705
110,314
112,391
113,52
113,727
114,908
114,984
115,948
115,637
116,674
116,1002
117,359
117,615
118,873
118,520
119,947
119,122
121,657
122,131
122,544
123,778
127,436
128,363
130,433
130,518
131,3
133,507
133,319
135,460
135,498
136,997
136,221
138,90
139,648
140,711
141,823
142,976
142,254
143,427
144,59
148,856
149,1023
150,353
150,331
150,429
150,149
151,648
153,940
153,106
155,492
155,863
156,900
156,473
156,706
157,310
157,907
158,671
158,961
160,390
161,729
162,374
162,302
163,212
164,1018
165,656
165,202
167,798
167,400
168,201
168,498
169,815
170,820
170,399
171,382
171,568
171,690
172,852
172,130
172,989
173,416
175,654
175,598
176,897
176,1009
177,425
178,983
178,518
179,702
179,274
180,1004
180,523
180,697
181,225
181,959
182,218
182,970
182,169
182,567
183,534
184,598
185,715
186,20
186,375
188,315
189,165
190,243
190,777
191,362
192,1008
192,193
193,474
193,929
193,571
193,667
196,787
196,301
196,440
198,233
198,236
199,439
199,356
202,380
202,246
203,577
203,399
203,386
204,1004
204,394
205,379
205,767
207,839
207,642
208,687
209,927
210,313
210,336
211,499
212,10
213,561
213,1005
215,101
215,450
216,192
217,990
217,367
217,535
218,293
218,465
219,272
221,983
221,683
221,633
222,721
223,475
223,583
224,483
224,778
225,421
225,460
225,653
226,354
227,415
227,755
229,379
230,936
230,427
230,74
232,812
233,145
234,966
234,497
236,378
237,144
237,840
238,138
239,163
240,136
241,406
245,951
245,454
246,281
246,883
247,995
247,184
247,281
249,831
251,458
251,110
252,149
253,245
254,790
255,176
256,361
257,1014
257,792
257,703
258,406
259,125
260,378
262,80
263,723
263,536
264,278
267,709
267,201
267,745
268,563
269,933
269,38
270,614
270,405
270,961
271,728
272,321
272,809
272,34
273,651
273,401
276,832
276,323
277,968
278,273
278,567
280,441
280,982
281,601
281,228
281,724
281,241
281,415
283,256
284,638
285,416
285,27
286,457
288,256
288,296
288,309
289,369
290,491
290,460
291,212
291,672
293,626
295,840
295,786
295,842
296,45
296,139
297,384
297,35
298,711
299,791
300,81
300,604
300,870
300,352
301,355
301,612
301,942
302,237
302,805
302,844
304,659
304,408
305,558
305,666
305,240
306,181
306,737
307,994
307,771
308,117
309,113
309,664
312,786
313,727
314,307
316,386
318,225
319,427
320,785
322,488
322,21
323,877
323,642
323,715
323,149
324,790
324,523
324,400
325,956
326,378
326,302
326,196
327,795
327,770
328,99
328,44
329,676
329,597
329,403
330,857
331,89
331,865
332,781
333,347
333,804
334,970
335,661
335,792
335,887
336,106
338,717
338,408
339,102
339,336
340,863
340,7
340,272
340,193
341,512
341,975
343,824
344,764
345,471
347,898
347,429
347,488
348,608
349,206
350,725
350,910
350,443
350,495
351,279
351,645
352,522
353,541
353,586
353,822
353,939
353,858
353,427
355,975
355,536
355,731
355,626
355,701
356,419
356,786
356,354
357,593
358,101
358,645
358,117
359,128
360,92
361,846
363,576
363,225
364,295
365,622
366,863
367,669
368,396
368,112
369,621
370,103
371,327
371,904
371,842
372,734
372,753
373,396
374,119
375,258
375,54
375,824
375,759
375,517
375,114
376,855
376,241
376,867
376,330
377,173
377,335
378,938
378,724
379,993
379,668
379,158
380,574
381,61
382,185
384,430
384,428
386,110
388,407
388,66
389,151
389,281
390,677
390,798
391,601
392,684
393,314
394,417
394,360
394,694
394,962
394,799
395,232
397,442
398,433
400,624
400,355
400,577
400,657
402,875
403,67
403,415
404,2
405,456
405,113
406,504
408,89
408,966
408,479
408,773
408,531
408,338
409,15
410,842
410,389
410,167
410,472
411,422
411,492
411,527
412,467
412,559
413,51
414,280
415,527
415,329
416,478
417,468
417,94
417,1010
418,913
419,281
419,328
420,861
421,765
423,136
424,558
424,710
424,483
426,877
427,853
428,226
428,938
429,175
430,636
430,249
431,273
432,567
432,852
433,955
434,225
435,913
435,168
435,155
435,797
437,343
439,272
440,1007
440,53
441,75
442,973
442,248
443,322
443,594
445,1
445,895
445,858
446,225
447,592
448,768
449,866
449,567
450,255
450,861
450,609
451,772
451,79
452,328
453,521
453,811
456,647
457,763
457,426
458,693
459,382
460,868
460,922
460,517
461,296
461,891
462,754
465,38
465,321
466,68
466,618
467,824
469,957
471,429
471,689
472,311
472,461
472,338
472,344
473,580
474,243
475,835
476,53
477,35
477,981
477,410
479,883
479,607
479,668
479,937
479,357
481,550
483,166
484,1011
484,17
484,266
485,342
486,788
489,588
490,427
491,448
492,757
492,976
493,947
494,943
494,205
496,432
497,759
498,849
498,472
498,950
498,828
499,856
501,644
501,432
502,135
502,269
505,833
506,495
506,842
506,919
508,848
509,904
512,796
512,949
512,369
512,528
513,808
514,803
515,782
515,718
517,37
517,16
517,246
517,457
518,192
519,488
521,464
522,622
523,305
523,313
524,22
525,637
526,734
527,198
528,10
529,707
529,302
530,697
530,903
530,104
531,518
532,488
533,506
533,166
534,823
534,614
535,544
536,271
536,791
536,943
538,315
538,15
538,598
539,697
539,574
539,103
540,400
540,840
542,531
543,889
543,1022
543,760
546,367
546,966
548,867
549,402
549,132
550,174
551,855
551,751
551,381
551,331
552,988
552,258
553,581
554,87
555,522
555,706
557,505
557,375
559,503
559,126
560,365
560,25
560,169
560,743
561,819
562,623
563,859
563,798
563,390
564,684
564,231
564,299
564,646
565,488
566,380
566,184
567,448
568,926
568,447
569,196
569,319
569,908
570,743
570,870
571,641
573,549
573,380
574,261
576,715
578,388
579,244
579,329
580,240
580,483
581,966
582,173
582,351
583,175
584,575
586,737
589,652
590,349
591,913
591,108
591,753
592,618
592,8
593,605
593,155
593,895
593,522
597,683
598,162
598,759
598,992
599,106
600,853
601,779
602,885
602,967
603,803
604,833
604,267
604,1004
605,143
605,601
606,848
608,495
609,546
611,176
611,329
612,800
612,435
612,934
614,109
614,480
614,71
615,340
616,252
616,401
617,411
617,907
619,923
620,492
621,956
622,575
622,76
623,151
623,488
624,952
625,589
626,475
626,183
626,615
626,868
626,975
627,441
627,886
631,302
631,712
632,447
632,251
633,679
633,115
634,420
635,548
636,382
637,924
639,355
640,428
640,597
641,488
642,862
642,940
642,843
643,1006
644,662
646,985
646,281
647,859
649,648
649,652
650,469
651,422
652,521
654,736
655,711
655,49
656,323
657,703
657,1005
658,373
659,778
659,559
660,317
660,639
661,333
661,189
661,476
661,1002
661,671
662,883
663,648
664,786
664,959
668,268
668,832
670,338
671,308
672,165
672,116
673,398
673,273
673,305
674,328
674,156
675,15
676,640
677,405
678,98
678,956
679,299
679,119
679,495
680,816
681,642
681,834
682,268
683,566
684,16
685,791
686,754
686,239
686,594
687,924
688,733
688,604
689,811
689,644
690,34
693,790
693,747
695,303
696,267
697,90
698,565
698,965
698,208
698,236
699,1010
699,520
700,443
701,262
702,378
702,937
703,961
704,139
705,843
706,635
706,834
706,391
708,477
708,72
708,570
709,825
710,420
710,344
710,315
710,396
711,231
711,59
712,664
715,469
716,702
717,278
717,920
717,626
719,331
719,287
720,713
720,209
721,83
722,709
723,642
723,468
724,657
724,112
724,526
724,395
724,313
724,400
725,192
725,599
726,987
726,971
727,499
727,211
728,282
728,43
729,315
729,18
729,577
731,662
732,539
733,35
733,556
734,97
735,704
735,305
735,737
736,708
737,75
738,543
738,724
739,983
741,756
741,473
742,725
742,255
742,666
744,120
744,957
745,829
745,358
746,292
747,301
747,50
750,462
751,901
751,872
752,790
754,138
754,901
754,445
754,345
756,794
757,366
757,173
758,345
758,992
758,805
759,715
760,101
761,646
762,851
763,370
763,273
763,163
764,465
766,439
766,428
767,769
767,441
768,222
769,371
769,45
770,951
770,974
770,529
770,440
771,846
771,130
772,546
772,318
772,31
772,776
773,29
774,32
774,130
775,263
775,269
775,498
775,170
777,343
777,384
777,949
778,114
778,584
778,163
781,468
781,5
781,995
783,841
783,676
785,484
786,533
788,57
789,752
789,1019
790,320
790,8
790,287
791,865
792,387
792,786
794,186
794,116
796,159
797,986
798,510
798,859
799,451
800,997
800,1008
801,233
801,946
801,845
802,428
804,793
804,747
805,309
806,831
807,763
807,309
807,757
807,30
808,639
809,564
810,872
811,178
814,952
815,713
815,661
816,248
816,961
816,433
817,991
819,316
819,1023
819,799
821,375
823,718
823,950
824,91
826,71
827,71
827,1023
827,285
828,637
829,229
829,665
830,963
830,208
831,122
831,329
832,902
833,323
833,278
833,407
834,119
834,877
835,984
836,753
836,438
837,217
837,512
838,903
838,881
839,489
839,502
839,480
842,415
842,329
842,403
846,571
847,1017
847,985
847,510
848,103
848,28
848,941
849,133
849,607
851,238
853,886
854,538
857,668
858,267
858,477
858,200
858,795
858,976
858,816
859,179
859,308
859,880
859,646
859,390
860,510
860,144
860,279
860,364
861,273
863,994
864,816
865,694
866,842
866,155
866,217
867,151
868,636
868,955
869,1006
870,675
870,397
871,225
871,444
872,517
873,911
873,545
874,460
876,441
876,458
877,666
878,180
879,613
879,453
879,254
880,349
882,77
883,2
884,696
885,32
885,826
885,138
886,312
886,427
887,1017
888,218
889,947
889,512
890,951
890,662
891,701
891,825
892,973
894,720
894,827
896,615
896,160
896,563
898,541
899,535
899,611
900,1000
900,579
900,51
900,421
901,902
902,268
902,896
903,525
903,528
903,172
903,251
904,852
905,721
906,602
909,203
909,980
909,354
910,96
913,243
913,790
913,626
913,6
914,355
915,712
916,481
916,586
918,727
918,645
919,240
920,854
921,617
921,474
921,142
922,543
923,611
925,714
926,830
927,90
928,584
928,808
928,555
930,390
932,621
933,54
934,672
934,331
934,269
935,172
936,313
937,14
937,487
937,818
938,366
939,18
939,890
939,233
940,932
941,630
942,62
942,27
942,865
942,745
944,669
944,130
946,293
947,548
947,434
950,268
951,11
951,674
952,760
952,732
952,662
953,88
953,193
953,652
953,231
954,509
954,780
955,751
955,730
955,636
956,704
957,950
958,160
959,877
960,215
962,1003
963,551
964,906
964,655
965,867
966,802
966,95
968,435
968,871
969,253
969,113
970,473
971,529
972,376
972,41
973,84
974,176
975,542
975,450
975,3
975,577
977,918
978,830
978,429
979,769
980,400
981,244
981,336
981,423
982,142
983,465
983,812
983,645
985,608
985,922
985,721
987,593
988,644
988,314
988,645
989,846
991,374
993,6
994,199
994,1023
994,209
996,957
996,484
997,224
997,184
998,615
998,680
999,870
999,852
1000,977
1001,831
1002,943
1003,215
1003,559
1004,872
1004,555
1005,379
1007,727
1007,916
1008,844
1008,629
1009,412
1009,843
1011,499
1011,668
1011,510
1011,779
1012,654
1013,524
1013,402
1013,321
1014,973
1015,330
1016,700
1016,1011
1017,509
1020,1017
1020,1003
1020,823
1020,1018
1020,753
1021,283
1022,596
1023,531
1023,199
