0,0
1,1
2,2
3,3
4,4
5,5
6,6
7,7
8,8
9,9
10,10
11,11
12,12
13,13
14,14
15,15
16,16
17,17
18,18
19,19
20,20
21,21
22,22
23,23
24,24
25,25
26,26
27,27
28,28
29,29
30,30
31,31
32,32
33,33
34,34
35,35
36,36
37,37
38,38
39,39
40,40
41,41
42,42
43,43
44,44
45,45
46,46
47,47
48,48
49,49
50,50
51,51
52,52
53,53
54,54
55,55
56,56
57,57
58,58
59,59
60,60
61,61
62,62
63,63
64,64
65,65
66,66
67,67
68,68
69,69
70,70
71,71
72,72
73,73
74,74
75,75
76,76
77,77
78,78
79,79
80,80
81,81
82,82
83,83
84,84
85,85
86,86
87,87
88,88
89,89
90,90
91,91
92,92
93,93
94,94
95,95
96,96
97,97
98,98
99,99

0,80,[0.13685658]
0,23,[0.65919112]
0,74,[0.07520651]
0,91,[0.16543297]
0,22,[0.53667529]
0,42,[0.98022363]
1,34,[0.27783014]
1,6,[0.91171719]
1,28,[0.62463803]
1,69,[0.72585237]
1,74,[0.04094619]
2,57,[0.69852735]
3,93,[0.33930895]
4,85,[0.43934887]
4,10,[0.82247269]
4,60,[0.94975902]
5,26,[0.83829448]
5,49,[0.39827937]
5,46,[0.47646889]
5,20,[0.96820102]
6,21,[0.62278064]
6,18,[0.24663354]
6,72,[0.99400966]
7,75,[0.95394714]
7,19,[0.69789404]
7,2,[0.57110951]
8,19,[0.14134558]
9,32,[0.14935221]
9,28,[0.05706326]
9,66,[0.60777119]
9,58,[0.2037122]
10,6,[0.15443805]
10,19,[0.80166011]
10,42,[0.84677888]
10,16,[0.26191406]
11,91,[0.02160312]
11,95,[0.42294181]
11,57,[0.89639718]
12,97,[0.75047486]
12,25,[0.36563331]
12,81,[0.20795971]
12,86,[0.71539334]
12,63,[0.69899352]
13,57,[0.65767265]
13,21,[0.20494075]
13,15,[0.05849392]
14,82,[0.73382669]
14,37,[0.28977424]
15,60,[0.73930401]
15,56,[0.5143421]
15,67,[0.80233263]
15,64,[0.37678995]
15,35,[0.0488363]
15,69,[0.99243826]
15,73,[0.98362821]
16,74,[0.12139331]
16,44,[0.83816623]
16,48,[0.37262912]
16,94,[0.45080607]
16,29,[0.94617263]
17,77,[0.69487854]
17,55,[0.70986048]
18,2,[0.20918339]
18,37,[0.96447495]
18,30,[0.80920134]
19,68,[0.26193369]
19,73,[0.10971239]
19,8,[0.5704887]
19,85,[0.07278039]
19,47,[0.90141639]
19,10,[0.51024002]
20,68,[0.15761317]
20,57,[0.15744659]
21,13,[0.76479153]
21,57,[0.24563722]
21,27,[0.76403524]
22,71,[0.4860228]
22,15,[0.01287003]
23,57,[0.51636237]
24,21,[0.22921791]
24,83,[0.53192414]
25,68,[0.70621015]
25,22,[0.56509586]
25,61,[0.77669136]
25,23,[0.50933116]
26,67,[0.66596512]
26,4,[0.2354612]
27,14,[0.53316869]
27,53,[0.52591414]
27,6,[0.97451854]
27,98,[0.22265101]
27,18,[0.46422274]
28,80,[0.66439209]
28,17,[0.51808909]
29,51,[0.45133136]
29,22,[0.66614992]
29,85,[0.6919581]
29,90,[0.56636732]
30,16,[0.41223324]
30,0,[0.0859644]
30,77,[0.14995512]
30,58,[0.83872502]
30,48,[0.08581922]
31,55,[0.11861109]
31,73,[0.76800041]
31,98,[0.49290217]
31,65,[0.14929451]
32,67,[0.87978506]
33,29,[0.19013515]
33,76,[0.43267404]
33,9,[0.24757591]
33,73,[0.40538384]
34,45,[0.86264757]
34,8,[0.80769565]
35,15,[0.68777242]
35,85,[0.32910237]
35,32,[0.47372141]
35,27,[0.21966798]
36,86,[0.3858322]
36,68,[0.76141484]
37,91,[0.93983078]
37,59,[0.25318128]
37,27,[0.62897402]
38,74,[0.10069895]
39,55,[0.47045029]
39,83,[0.68550813]
39,53,[0.25240652]
40,43,[0.68969979]
40,22,[0.20061616]
41,50,[0.52506441]
41,22,[0.69271175]
42,75,[0.95479219]
42,12,[0.79886904]
42,20,[0.40904131]
42,61,[0.94621028]
42,49,[0.68714797]
42,2,[0.6301778]
42,78,[0.2828669]
42,51,[0.30566982]
43,66,[0.97661923]
43,90,[0.60216695]
43,4,[0.64585244]
43,35,[0.98714354]
43,36,[0.14092595]
43,88,[0.8772415]
43,85,[0.82283491]
43,10,[0.82307916]
45,76,[0.51325769]
45,23,[0.09121097]
45,67,[0.55328356]
45,53,[0.62298796]
46,2,[0.94466517]
46,0,[0.4197549]
46,61,[0.90303051]
46,99,[0.67083391]
47,79,[0.42452351]
48,84,[0.6438741]
49,59,[0.8303995]
49,55,[0.87151963]
49,35,[0.5360512]
49,18,[0.75014469]
49,87,[0.53548226]
50,73,[0.44379026]
50,11,[0.49319673]
50,47,[0.15486675]
52,58,[0.48447357]
52,26,[0.72171981]
52,86,[0.77566275]
54,23,[0.81282995]
54,66,[0.17285089]
54,92,[0.98424985]
54,27,[0.74583303]
54,29,[0.78358904]
55,70,[0.59387387]
55,98,[0.59354356]
55,96,[0.85315633]
56,13,[0.32425506]
56,76,[0.152541]
56,49,[0.43898918]
57,59,[0.20499682]
57,96,[0.44015564]
57,16,[0.9058234]
58,98,[0.98878882]
58,8,[0.80405122]
59,51,[0.84896131]
59,34,[0.47254427]
59,44,[0.19557772]
60,21,[0.63636718]
60,34,[0.97384616]
60,1,[0.67452939]
61,67,[0.79279854]
62,30,[0.6659306]
62,73,[0.37053287]
63,56,[0.97157332]
63,32,[0.1262247]
63,69,[0.83013826]
65,76,[0.47268221]
65,77,[0.34280498]
66,68,[0.72011487]
66,29,[0.82465184]
66,74,[0.16977982]
67,31,[0.37504716]
67,10,[0.96953612]
67,38,[0.89654584]
68,5,[0.19618804]
68,11,[0.08855858]
69,84,[0.78265247]
69,11,[0.68162081]
69,43,[0.65493076]
70,61,[0.38976862]
70,86,[0.77248756]
71,81,[0.92560161]
71,44,[0.96038873]
72,95,[0.01347748]
72,83,[0.75269576]
73,7,[0.70416462]
73,67,[0.16494302]
73,83,[0.74519488]
73,47,[0.28632392]
73,53,[0.49423779]
74,45,[0.56194698]
74,94,[0.91262366]
74,10,[0.71283573]
74,44,[0.76347652]
74,34,[0.22549732]
75,63,[0.31822165]
75,51,[0.56214259]
75,87,[0.74596667]
75,37,[0.58660336]
76,18,[0.11124625]
76,90,[0.7358591]
77,49,[0.32605383]
77,70,[0.39857958]
77,45,[0.29378404]
77,97,[0.6328827]
77,37,[0.81395231]
77,19,[0.76879823]
78,57,[0.06263105]
78,47,[0.91360964]
79,78,[0.37330433]
79,46,[0.74244315]
80,38,[0.04936797]
80,97,[0.45890553]
80,15,[0.97502487]
80,13,[0.14946793]
80,50,[0.69221839]
81,8,[0.66487627]
83,65,[0.44968085]
83,86,[0.20835416]
83,81,[0.91351694]
83,34,[0.39132464]
84,89,[0.14182144]
84,8,[0.54560076]
84,92,[0.39499424]
85,58,[0.32794369]
85,95,[0.14315358]
85,42,[0.01993785]
85,38,[0.13692409]
86,87,[0.40736504]
86,78,[0.94667448]
86,45,[0.16800121]
87,21,[0.23367067]
87,18,[0.44639218]
87,90,[0.99119201]
87,3,[0.45842957]
87,5,[0.02014588]
88,6,[0.18613598]
88,73,[0.6169579]
89,22,[0.75807072]
89,93,[0.26497297]
89,68,[0.86850929]
89,45,[0.10912083]
90,80,[0.93778735]
90,34,[0.80783611]
91,3,[0.66094475]
92,59,[0.55054144]
92,32,[0.72783508]
92,53,[0.64186054]
93,25,[0.26930098]
93,65,[0.75183166]
93,34,[0.96291642]
93,63,[0.96437272]
93,89,[0.63311149]
94,0,[0.55277559]
94,95,[0.44367744]
94,2,[0.98289029]
95,99,[0.71521785]
95,4,[0.32944921]
95,23,[0.04547559]
97,37,[0.58649394]
97,92,[0.34211654]
97,93,[0.1481843]
97,21,[0.04687108]
98,6,[0.64068798]
98,63,[0.84433358]
98,69,[0.82342844]
99,85,[0.50975177]
99,29,[0.7130235]
99,16,[0.53728742]
99,35,[0.78232968]
