0,0
1,1
2,2
3,3
4,4
5,5
6,6
7,7
8,8
9,9
10,10
11,11
12,12
13,13
14,14
15,15
16,16
17,17
18,18
19,19
20,20
21,21
22,22
23,23
24,24
25,25
26,26
27,27
28,28
29,29
30,30
31,31
32,32
33,33
34,34
35,35
36,36
37,37
38,38
39,39
40,40
41,41
42,42
43,43
44,44
45,45
46,46
47,47
48,48
49,49
50,50
51,51
52,52
53,53
54,54
55,55
56,56
57,57
58,58
59,59
60,60
61,61
62,62
63,63
64,64
65,65
66,66
67,67
68,68
69,69
70,70
71,71
72,72
73,73
74,74
75,75
76,76
77,77
78,78
79,79
80,80
81,81
82,82
83,83
84,84
85,85
86,86
87,87
88,88
89,89
90,90
91,91
92,92
93,93
94,94
95,95
96,96
97,97
98,98
99,99

36,0;67,0.9029916847504841;82,2.8271283135454928;26,1.2156649346087183;37,1.3408326883042552;10,2.257298916252149;84,1.3637232251558777;45,3.4097713632999014;5,5.124910656965288;76,7.257102615544204;63,6.903170372476778;9,7.488580496841176
45,0;5,2.832037428765494;76,3.7360206033680807;63,3.9834686306567324;9,4.302750462344581;14,5.35710894912222;2,6.5000800035497885;98,7.059662212584161;13,6.8277245391751284
25,0;3,3.383095533291187
90,0;87,0.25067019412123187;13,2.970375895503225;74,1.802518138962638;12,1.7663147232868255;46,0.9031590850934719;85,1.142525235613062;8,2.717732396220372;45,6.245475493791761;42,5.211806631005031;30,6.242749183949591;5,9.013573153591356;63,9.384199552455172
46,0;85,2.0986996124040616;8,0.04015381982957782;42,1.6325873969526845;30,5.614759909849976
70,0;3,2.0457151160580795
47,0;72,8.277298329573222;80,5.9110561248590585;4,6.209766979963973
90,0;87,9.420435775409866;13,0.33943959463116286;74,4.0829566386834095;12,0.04635039947551333;46,9.654755805350552
74,0;90,0.08343697402740985;45,2.320830557989984;87,0.9000108831990212;13,0.8640752684725554;12,2.133877153540901;46,0.9283611968303632;85,1.1167633088708342;8,2.9797031441560407;5,5.7185340068256565;42,4.231401611346399;30,4.349951976374658;76,8.129103281065198;63,5.992365145185105;9,8.37322865681744
70,0;3,2.6834169143754285
73,0;90,0.12561228893404944;87,1.3271014475369876;13,0.45511872720478974;74,0.3838288388821116;12,1.0319631424751392;45,5.185290644312355;46,1.5772206567601565;85,2.2437190070521633;8,1.7469844999536244;42,2.698012913644876;30,4.914680046848803;5,5.761704861247677;63,5.968426796166516
84,0;32,8.934937778201894
84,0;32,6.354000224848668
28,0;41,0.3383781310935649;11,0.20005533522785077;52,0.36960447349584785;32,0.4078342020570752;20,3.861435713180777;93,1.5272535461227708;48,2.0280049543515575;8,0.5301511334405834;42,4.893783056391794;61,2.1449795515019825;44,2.2322393892420425;14,3.5289518984933474;73,3.9228483960341993;2,4.665222911435997;98,3.648431583578428;87,4.929058457336859;90,6.108722699948077;13,5.041402390769312;30,6.984125883261315;46,5.952495103202061;85,7.965930123806701;12,9.674096411676219
40,0;83,2.6923750547376817
44,0;73,2.028916690905195;90,2.4710028451062254;13,4.382891196972043;74,6.782875139943944;12,3.7436659906521337;45,8.542514907062758;5,8.910859708469266;63,9.41767892078035
52,0;48,0.6347465836010793;8,4.7848974525180825;61,4.311409501510697;44,0.8958179748203734;73,1.7506644695587785;90,9.141966356469045;14,5.45615471646572;42,7.890962202491279;98,8.899643879861893;12,9.77507876868465
43,0;60,0.528107738197963;1,0.06356212174345247
80,0;4,0.48133509543742115
83,0;32,8.162415991523176
0,0;18,1.5218576904365209;94,1.7813944469351404;29,7.304781574911034;9,3.8306189197536025;14,6.355502837871256;2,7.94034702822588;8,8.939079325600634;98,6.588323320217361;96,7.5229837459302775;64,9.5782948772897;13,7.9515589821961905;42,9.054069800290682
61,0;14,1.6216118303748803;2,9.574160974028954;8,6.649708150637999;98,1.9454387484628246;42,7.211772072371448;30,7.951662747548178;13,9.652838196081936
73,0;90,1.1156861811698982;87,9.97214479219628;13,1.7343210849037534;74,8.008698126346673;12,1.1826260441012766
90,0;87,1.529692422323205;13,0.010872075072751688;74,0.5873151286277507;12,2.794899670615841;45,3.792368186118826;46,3.3851154354619193;85,4.337707109757621;8,3.872214852647945;5,3.9287239841762793;42,4.041474239168184;76,7.334628861270849;63,6.781995615605421;30,8.001798399515613;9,7.614823593177389;14,9.139027073180149
89,0;83,6.663527329021216;1,1.877370189971684
78,0;64,0.2329854479067728;72,2.8956440843051503;15,0.3475680467774269;29,3.7438668073664365;96,5.573417821847514
94,0;9,0.2249531350481043;14,0.4561901804945504;2,2.6770271099129292;8,4.145541801480961;98,2.346093452664314;13,3.508421184994738;42,5.349188787863059;30,6.5228686151444535
2,0;13,2.2520370705881
81,0;28,0.2622484101578614;41,1.9112190919542669;11,4.112637570012416;52,6.301440632640753;93,2.3758946049621454;32,4.628073900740249;20,7.218495420318495;48,6.57987012090578;8,7.143275582436154;44,6.647403297808023;73,7.354948597940054;42,7.8145616466742025;87,8.03071509932771;90,8.80813540248233;46,9.364064978990992;13,9.009215775435422;12,9.410819986341954
61,0;14,0.44334622371735316;2,0.5690579344655428;98,0.45468385000367145;13,1.4598997017598463
45,0;5,0.4932753992602322;76,0.9795464058685952;63,0.6081540004167523;9,1.0085381638500457;14,1.1341777400220372;2,1.813350026313095;8,8.050844071780151;98,2.776003796185691;13,3.639138634882836;42,9.567441792089898;30,9.81735798926683
2,0;13,0.014893088537542369
99,0;51,0.7982478808050786;25,0.891989802596392;3,1.8590450956154947
51,0;25,2.037488036808471;3,2.3340761064379696
42,0;30,7.57320347789677
74,0;90,0.7766276594282302;45,6.0853898370203865;87,1.4499181375179067;13,0.9037337301462945;12,0.9540165622050957;46,1.7896090832649867;85,1.943028965762966;8,2.4080472982633396;42,4.048491098868772;30,5.765620766727067;5,8.821425644131693;76,8.93002306467505;9,8.973425659435756;14,9.91826420925032
92,0;96,1.6618106304804345;26,9.579471287919255;84,9.801920008956879
82,0;45,0.08924287942066036;5,1.8109573832832724;76,5.215224754457772;63,1.822249709884352;9,7.798231093365404;14,8.426737004200653;2,9.56991235030883
99,0;51,0.3916056301373232;25,0.729566642931881;3,3.2792030717165845
8,0;42,0.8713364720355486;30,3.0547351874172595
25,0;3,0.9445937445506083
38,0;17,1.882551931682008;2,2.739369947097476;13,4.131115701035913
19,0;33,0.22671501531548136;43,0.3927095730434899;1,0.4109583803042728
70,0;3,2.25383308949118
24,0;23,1.6244041184514773;65,3.5291949221815133;98,4.9400133297319195;91,5.932203447190531
83,0;32,0.09361978606271197
8,0;42,2.029493541899384;30,6.6022500961072215
74,0;90,0.3676203873684745;45,1.1624152994655697;87,8.057725986302902;13,2.0277943932153555;12,0.505496365683211;5,5.921412890472344;76,6.724945068115218;63,9.426623633043619;9,7.885173891330989;46,8.380225586795078;85,8.691412349054191
67,0;82,0.7123545749274415;26,9.767780208409878;37,0.9588804996390143;45,4.352548639575232;5,2.229321119989428;76,5.5634516442885005;63,2.4760105601890308;9,6.5737895393804;14,7.0021583291374485;2,9.314682806113597;98,8.181144085847755;84,9.975128749334116
61,0;14,0.3067209117760251;2,1.448961076197616;8,1.273348583520235;98,1.3758955797090122;42,1.7937244946566624;13,1.7408842828331215;30,2.416481164572446
88,0;35,2.6438238438767128;50,3.5512225314240013;77,2.685012588435236;48,3.828776589950387;61,6.159739933306765;44,6.995906024093114;73,7.119261431490422;90,7.468426834853126;87,8.524448234986037;13,8.360333628386865;12,7.517577834003949;46,8.93279799538023;85,9.984602159080978
22,0;34,0.39716035108485426;24,1.9144461159292894;95,0.714708503642151;23,3.407451217148304;65,5.077008759963398;98,6.919805494891069;91,5.121847644336814
93,0;11,2.3592928939893114;32,3.299856688776154;20,3.340256896369679;87,4.216967748772877;46,5.221396740298956;85,9.012836344195877;8,6.544640375888398
93,0;11,2.082586194625259;32,5.365103806283754;20,3.0066153122198536;87,9.064381156602934
20,0;87,0.4938334067716431;46,1.494853278612832;85,3.9633124896424747;8,5.121493760652674;42,5.130339928013944;30,5.213807259381851
14,0;2,0.10670509629582259;8,6.841751895403332;98,1.0600479972287205;13,1.4362024112280642;42,7.377973464515809
90,0;87,1.4104150283523114;13,0.15941586973428104;74,0.6772969925906731;12,2.156861885867963;45,5.459085667640903;46,2.137528132061615;85,2.6671718071481134;8,4.606826933165459;5,7.162747531925881;63,8.403554169323083
48,0;61,0.8137091062007802;44,0.25577802415613876;73,1.4070302909967;14,2.7215466452873835;90,3.5180024005306763;2,4.627895823445991;8,6.445998410811284;98,6.958789611815542;87,5.376826471958655;13,3.600547634555199;74,4.370379423208683;12,4.655503400865696;45,5.651859876040744;46,7.302127366946042;5,5.87422747005496;76,5.924277485187946;63,9.370191881927253;9,8.406004828780798;42,8.72270298159082;30,9.6657318722088
80,0;4,5.941387450875638
5,0;76,3.704536858674344;63,0.7346635246182246;9,4.985913694178908;14,6.044832565024764;2,6.6897872011121535;13,8.095465905188547
82,0;45,3.5658277202231288;5,4.759532195625846;76,5.1618762342631666;63,5.611491044988367;9,6.13109291381512;14,7.133829070822977;2,9.68737199717423;8,7.308831879851359;98,7.774978005359663;42,7.3394476194973395;30,8.430481230666015
20,0;87,2.656217665098428;46,3.344601138996495;85,4.396740765821457;8,4.166202545625635;42,8.05803397346824;30,8.681893882554744
36,0;67,1.5522634237287007;82,3.457192841033902;26,5.351901860888142;37,1.7551004631649139;5,8.33986758649754;45,6.5355562286819975;10,6.3586279187552455;84,6.256188841483241;63,9.23484489579501
93,0;11,0.6791676722883936;32,1.1830206130162815;20,1.7835745334689554;87,4.674298913566303;46,5.0888858556580105;85,6.704410012510305;8,9.65590577866789;42,9.976388611254393
94,0;9,3.53052663618057;14,4.491946063750634;2,8.741740122984634;8,9.45760126231437;98,5.9662265344608345;13,9.595552270467024
78,0;72,1.288784312299255
0,0;18,0.4561852702456352;94,1.5878358602124039;29,0.9765747601184749;96,1.798622050542162;64,1.5675539754011454;15,4.520490656643441;9,7.124281869585268;14,7.7371790292305676;98,8.511257746177062
22,0;34,0.6532990739342325;24,1.9207000932215843;95,0.7457636889508311;23,2.83741777039233;65,2.860303671088153;98,3.1280524953861106;91,4.336482455800636
40,0;83,0.4464275102907806;32,0.7187476911899352
97,0;49,2.028807469512856;75,2.432542756322411;18,3.76719612079056;45,5.886689841682653;29,8.415285051198232;5,9.889805761037124;96,9.251297985084857;64,8.704440906002656
94,0;9,0.33146218924952753;14,0.877410269056332;2,1.997462961824629;8,4.0868457699369;98,2.1768359199435254;13,2.6194263239954814;42,4.19735544653253;30,7.146099978569149
78,0;64,0.41754274635654964;72,0.15114364639626968;29,5.525883434655039;15,2.9398328495070607;96,5.660679845206258
77,0;48,1.1621580341900668;61,1.485463281626307;44,4.532586990881249;14,4.679635889189462;73,4.5378710946781675;90,4.7789318650248;2,5.092963955862078;8,8.251639295518917;98,4.7922614798628524;13,5.187745319107555;74,7.749067207936214;12,7.054739534546147;45,8.710164101274373;42,9.041702436660275
18,0;29,0.6132910265116162;96,0.7220424643412897;64,2.7139793294896464;15,4.175226045920198
28,0;41,4.189651877031806;11,0.2772620995972495;52,1.4876506843267856;32,5.07307905263989;20,5.695777399197423;48,2.0189100155821693;8,6.265417951690145;44,3.076018491261557;73,3.646740491733706;90,4.285307536661441;93,4.942019244323012;13,8.079426342494203;12,5.529257453878537;87,5.762492095519869;46,6.6196484706514305;42,8.664432779343967;85,6.701736421406601
37,0;5,0.08913388443029199;76,6.95464536408211;63,1.0648798501445376;9,7.776279644323006;14,7.800211787079046;98,8.24737562371408
87,0;46,0.16697166085788204;85,2.1466786162841633;8,1.7928027443930847;42,2.4424867717412937;30,3.1841540263585757
93,0;11,3.533863084149804;32,4.176281073648389;20,5.9049436166430365;87,7.297014592030228;46,7.6430784983849405;85,9.355940697221552
23,0;65,3.4262926653108967;98,4.049898709475551;91,4.4145219489482965
51,0;25,0.06061058248180889;3,1.1769518071728278
17,0;26,0.24202634664705627;2,1.4915116665483688;84,2.483112121965669;13,2.442491300235837;32,8.604938875166233
75,0;45,1.1763721084179959;5,6.156101080769598;63,7.299467354567912
9,0;14,0.3165635794429044;2,2.46438227568823;8,6.545544778422499;98,1.1804241412673138;13,3.1951370726130954;42,8.184117153450744;30,9.60072791368485
35,0;50,0.37374822134916297;77,7.559820971349701;48,8.674957450676843;61,9.719036082980923
74,0;90,0.19567837700647864;45,0.5314264704142603;87,1.7076911126070895;13,0.7281383899466136;12,0.8838813235899814;5,1.3361394888805012;76,4.4514625949724795;63,1.3429340617547643;46,2.464749075596901;85,6.839657466479673;8,3.9842274632001646;42,8.424007276040648;9,4.50671472877284;14,4.8576498979377725;2,7.945556191702412;98,4.9753239798434326
75,0;45,2.9902573403851744;5,4.506675212206325;76,6.6019009550671965;63,6.382507970272772;9,6.652175753578908;14,6.7548450662470705;8,8.600923871078145
18,0;29,4.27044808623969;96,4.640472957962564;64,4.605709723720607;15,6.776131443431057
84,0;32,4.995996370937705
48,0;61,0.813302898337806;44,0.5508055886960286;73,1.7070305204448852;14,5.103169846375815;90,2.069733909283223;87,5.983010093369619;13,3.0574724375755125;74,3.66918488551633;12,3.259019357367974;45,7.610766317376951;2,8.469971365373109;98,5.50533343308453;46,7.307439262518841;85,8.680837627999916;8,7.984094525115221;5,8.71904377335903;42,9.569172582009847
11,0;32,2.3415754355948715;20,1.3028971250427355;87,1.6291767180120276;46,4.063371868533148;85,5.206800801716122;8,6.559798140072019;42,8.579265991955946
0,0;18,1.0120507718188179;94,1.1672443146899643;29,6.359264603315812;9,7.015836178470118;96,7.439436224941913;64,6.762753149470635;15,7.603678666244203;14,7.5242318198287865;98,7.723733364080344
29,0;96,2.2746248268238425;64,1.7925479876563861;15,3.0586630340247263
49,0;75,1.9869472523433378;18,0.7927831532874127;29,8.042614542419617;45,2.807818682831576;5,4.343632500322464;76,4.8146732858941625;63,4.451575527174187;9,4.92907111781126;96,8.582017700328992;64,8.129039813509175
24,0;23,0.38389533798801373;65,3.501063115912141;98,4.5422339856657095;91,4.562639157200891
29,0;96,0.8526042691969774;64,0.5343273056368696;15,2.889053444987894
29,0;96,0.7811712210372084;64,1.3449756878275985;15,4.044915031095642
25,0;3,0.6432471269092843
69,0;68,0.07848581610783661;78,5.506117370876755;50,0.9970479848830229;64,6.349910287615068;72,6.838126124969934
28,0;41,1.6097830598238627;11,0.6997608245197968;52,0.8015080352127506;32,3.671895446854923;20,2.997189968657737;48,2.0141368892929608;8,2.753194134044695;93,2.1170610025561034;61,3.433874143261474;44,2.125183544429317;73,8.071073519326514;42,4.11667408641698;87,3.3479354641835632;46,5.734924189415313;14,8.089058538987324;30,8.531939437540913;85,6.437283818220923;90,8.565112323773791;2,9.068890319702403;13,9.373132566141976;12,8.695931469947329
14,0;2,1.1947316197888556;8,6.217675385539278;98,0.8690448171281826;13,2.0804343411328112;42,6.984410625039098;30,7.234864559051921
92,0;96,0.4368233641593412;26,0.6816586366566054;10,6.177609951898076;84,1.897503868502627;32,2.9435696048930113;37,7.593086273331506
