0,0
1,1
2,2
3,3
4,4
5,5
6,6
7,7
8,8
9,9
10,10
11,11
12,12
13,13
14,14
15,15
16,16
17,17
18,18
19,19
20,20
21,21
22,22
23,23
24,24
25,25
26,26
27,27
28,28
29,29
30,30
31,31
32,32
33,33
34,34
35,35
36,36
37,37
38,38
39,39
40,40
41,41
42,42
43,43
44,44
45,45
46,46
47,47
48,48
49,49
50,50
51,51
52,52
53,53
54,54
55,55
56,56
57,57
58,58
59,59
60,60
61,61
62,62
63,63
64,64
65,65
66,66
67,67
68,68
69,69
70,70
71,71
72,72
73,73
74,74
75,75
76,76
77,77
78,78
79,79
80,80
81,81
82,82
83,83
84,84
85,85
86,86
87,87
88,88
89,89
90,90
91,91
92,92
93,93
94,94
95,95
96,96
97,97
98,98
99,99

0,18,[0.64989351]
0,94,[0.66308436]
2,13,[0.96752235]
5,76,[0.33942608]
5,63,[0.57609037]
8,42,[0.48164588]
9,14,[0.83343361]
10,37,[0.09470808]
11,32,[0.75345329]
11,20,[0.42999092]
14,2,[0.41423768]
14,8,[0.16077097]
14,98,[0.75803476]
17,26,[0.19292015]
17,2,[0.35048674]
18,29,[0.15972092]
19,33,[0.98531237]
19,43,[0.93490231]
20,87,[0.70893799]
22,34,[0.73276243]
22,24,[0.47009618]
22,95,[0.17224538]
23,65,[0.78064993]
24,23,[0.64018751]
25,3,[0.79113211]
26,10,[0.23770759]
26,84,[0.9707498]
28,41,[0.64003126]
28,11,[0.79596365]
28,52,[0.66590882]
29,96,[0.70152907]
29,64,[0.93444581]
35,50,[0.54143566]
35,77,[0.32141702]
36,67,[0.95940976]
37,5,[0.1714061]
38,17,[0.56254944]
40,72,[0.0868199]
40,83,[0.20333223]
41,93,[0.99927859]
42,30,[0.47338427]
43,60,[0.14987799]
43,1,[0.38426511]
44,73,[0.73026582]
45,5,[0.57801004]
46,85,[0.80814239]
46,8,[0.64315407]
47,72,[0.38801511]
47,80,[0.17289485]
48,61,[0.29650283]
48,44,[0.82037794]
49,75,[0.46822301]
49,18,[0.71014233]
51,25,[0.99138594]
52,48,[0.48474432]
52,8,[0.40313637]
55,81,[0.62178382]
58,60,[0.27305676]
58,9,[0.94053962]
61,14,[0.23851644]
62,47,[0.99493448]
62,27,[0.93698393]
64,15,[0.40230619]
65,98,[0.7962227]
65,91,[0.74815488]
67,82,[0.797708]
67,26,[0.36807986]
67,37,[0.95979003]
68,50,[0.69257321]
69,68,[0.99586831]
69,78,[0.22828968]
70,3,[0.12496377]
72,29,[0.38467252]
73,90,[0.95846665]
74,90,[0.87226921]
74,45,[0.490092]
75,45,[0.98724632]
76,9,[0.7967187]
77,48,[0.35857233]
78,64,[0.18487894]
78,72,[0.65850597]
80,4,[0.70296046]
81,28,[0.17320314]
82,45,[0.86746055]
83,32,[0.14468597]
84,32,[0.14484164]
87,46,[0.80706597]
88,35,[0.05799388]
89,83,[0.04609001]
89,1,[0.10763614]
90,87,[0.23484599]
90,13,[0.77915699]
90,74,[0.29600194]
90,12,[0.90891404]
92,96,[0.54212544]
92,26,[0.34040015]
93,11,[0.18849779]
94,9,[0.31428947]
97,49,[0.62194442]
99,51,[0.86996]
