0,0
1,1
2,2
3,3
4,4
5,5
6,6
7,7
8,8
9,9
10,10
11,11
12,12
13,13
14,14
15,15
16,16
17,17
18,18
19,19
20,20
21,21
22,22
23,23
24,24
25,25
26,26
27,27
28,28
29,29
30,30
31,31
32,32
33,33
34,34
35,35
36,36
37,37
38,38
39,39
40,40
41,41
42,42
43,43
44,44
45,45
46,46
47,47
48,48
49,49
50,50
51,51
52,52
53,53
54,54
55,55
56,56
57,57
58,58
59,59
60,60
61,61
62,62
63,63
64,64
65,65
66,66
67,67
68,68
69,69
70,70
71,71
72,72
73,73
74,74
75,75
76,76
77,77
78,78
79,79
80,80
81,81
82,82
83,83
84,84
85,85
86,86
87,87
88,88
89,89
90,90
91,91
92,92
93,93
94,94
95,95
96,96
97,97
98,98
99,99
100,100
101,101
102,102
103,103
104,104
105,105
106,106
107,107
108,108
109,109
110,110
111,111
112,112
113,113
114,114
115,115
116,116
117,117
118,118
119,119
120,120
121,121
122,122
123,123
124,124
125,125
126,126
127,127
128,128
129,129
130,130
131,131
132,132
133,133
134,134
135,135
136,136
137,137
138,138
139,139
140,140
141,141
142,142
143,143
144,144
145,145
146,146
147,147
148,148
149,149
150,150
151,151
152,152
153,153
154,154
155,155
156,156
157,157
158,158
159,159
160,160
161,161
162,162
163,163
164,164
165,165
166,166
167,167
168,168
169,169
170,170
171,171
172,172
173,173
174,174
175,175
176,176
177,177
178,178
179,179
180,180
181,181
182,182
183,183
184,184
185,185
186,186
187,187
188,188
189,189
190,190
191,191
192,192
193,193
194,194
195,195
196,196
197,197
198,198
199,199
200,200
201,201
202,202
203,203
204,204
205,205
206,206
207,207
208,208
209,209
210,210
211,211
212,212
213,213
214,214
215,215
216,216
217,217
218,218
219,219
220,220
221,221
222,222
223,223
224,224
225,225
226,226
227,227
228,228
229,229
230,230
231,231
232,232
233,233
234,234
235,235
236,236
237,237
238,238
239,239
240,240
241,241
242,242
243,243
244,244
245,245
246,246
247,247
248,248
249,249
250,250
251,251
252,252
253,253
254,254
255,255
256,256
257,257
258,258
259,259
260,260
261,261
262,262
263,263
264,264
265,265
266,266
267,267
268,268
269,269
270,270
271,271
272,272
273,273
274,274
275,275
276,276
277,277
278,278
279,279
280,280
281,281
282,282
283,283
284,284
285,285
286,286
287,287
288,288
289,289
290,290
291,291
292,292
293,293
294,294
295,295
296,296
297,297
298,298
299,299
300,300
301,301
302,302
303,303
304,304
305,305
306,306
307,307
308,308
309,309
310,310
311,311
312,312
313,313
314,314
315,315
316,316
317,317
318,318
319,319
320,320
321,321
322,322
323,323
324,324
325,325
326,326
327,327
328,328
329,329
330,330
331,331
332,332
333,333
334,334
335,335
336,336
337,337
338,338
339,339
340,340
341,341
342,342
343,343
344,344
345,345
346,346
347,347
348,348
349,349
350,350
351,351
352,352
353,353
354,354
355,355
356,356
357,357
358,358
359,359
360,360
361,361
362,362
363,363
364,364
365,365
366,366
367,367
368,368
369,369
370,370
371,371
372,372
373,373
374,374
375,375
376,376
377,377
378,378
379,379
380,380
381,381
382,382
383,383
384,384
385,385
386,386
387,387
388,388
389,389
390,390
391,391
392,392
393,393
394,394
395,395
396,396
397,397
398,398
399,399
400,400
401,401
402,402
403,403
404,404
405,405
406,406
407,407
408,408
409,409
410,410
411,411
412,412
413,413
414,414
415,415
416,416
417,417
418,418
419,419
420,420
421,421
422,422
423,423
424,424
425,425
426,426
427,427
428,428
429,429
430,430
431,431
432,432
433,433
434,434
435,435
436,436
437,437
438,438
439,439
440,440
441,441
442,442
443,443
444,444
445,445
446,446
447,447
448,448
449,449
450,450
451,451
452,452
453,453
454,454
455,455
456,456
457,457
458,458
459,459
460,460
461,461
462,462
463,463
464,464
465,465
466,466
467,467
468,468
469,469
470,470
471,471
472,472
473,473
474,474
475,475
476,476
477,477
478,478
479,479
480,480
481,481
482,482
483,483
484,484
485,485
486,486
487,487
488,488
489,489
490,490
491,491
492,492
493,493
494,494
495,495
496,496
497,497
498,498
499,499
500,500
501,501
502,502
503,503
504,504
505,505
506,506
507,507
508,508
509,509
510,510
511,511
512,512
513,513
514,514
515,515
516,516
517,517
518,518
519,519
520,520
521,521
522,522
523,523
524,524
525,525
526,526
527,527
528,528
529,529
530,530
531,531
532,532
533,533
534,534
535,535
536,536
537,537
538,538
539,539
540,540
541,541
542,542
543,543
544,544
545,545
546,546
547,547
548,548
549,549
550,550
551,551
552,552
553,553
554,554
555,555
556,556
557,557
558,558
559,559
560,560
561,561
562,562
563,563
564,564
565,565
566,566
567,567
568,568
569,569
570,570
571,571
572,572
573,573
574,574
575,575
576,576
577,577
578,578
579,579
580,580
581,581
582,582
583,583
584,584
585,585
586,586
587,587
588,588
589,589
590,590
591,591
592,592
593,593
594,594
595,595
596,596
597,597
598,598
599,599
600,600
601,601
602,602
603,603
604,604
605,605
606,606
607,607
608,608
609,609
610,610
611,611
612,612
613,613
614,614
615,615
616,616
617,617
618,618
619,619
620,620
621,621
622,622
623,623
624,624
625,625
626,626
627,627
628,628
629,629
630,630
631,631
632,632
633,633
634,634
635,635
636,636
637,637
638,638
639,639
640,640
641,641
642,642
643,643
644,644
645,645
646,646
647,647
648,648
649,649
650,650
651,651
652,652
653,653
654,654
655,655
656,656
657,657
658,658
659,659
660,660
661,661
662,662
663,663
664,664
665,665
666,666
667,667
668,668
669,669
670,670
671,671
672,672
673,673
674,674
675,675
676,676
677,677
678,678
679,679
680,680
681,681
682,682
683,683
684,684
685,685
686,686
687,687
688,688
689,689
690,690
691,691
692,692
693,693
694,694
695,695
696,696
697,697
698,698
699,699
700,700
701,701
702,702
703,703
704,704
705,705
706,706
707,707
708,708
709,709
710,710
711,711
712,712
713,713
714,714
715,715
716,716
717,717
718,718
719,719
720,720
721,721
722,722
723,723
724,724
725,725
726,726
727,727
728,728
729,729
730,730
731,731
732,732
733,733
734,734
735,735
736,736
737,737
738,738
739,739
740,740
741,741
742,742
743,743
744,744
745,745
746,746
747,747
748,748
749,749
750,750
751,751
752,752
753,753
754,754
755,755
756,756
757,757
758,758
759,759
760,760
761,761
762,762
763,763
764,764
765,765
766,766
767,767
768,768
769,769
770,770
771,771
772,772
773,773
774,774
775,775
776,776
777,777
778,778
779,779
780,780
781,781
782,782
783,783
784,784
785,785
786,786
787,787
788,788
789,789
790,790
791,791
792,792
793,793
794,794
795,795
796,796
797,797
798,798
799,799
800,800
801,801
802,802
803,803
804,804
805,805
806,806
807,807
808,808
809,809
810,810
811,811
812,812
813,813
814,814
815,815
816,816
817,817
818,818
819,819
820,820
821,821
822,822
823,823
824,824
825,825
826,826
827,827
828,828
829,829
830,830
831,831
832,832
833,833
834,834
835,835
836,836
837,837
838,838
839,839
840,840
841,841
842,842
843,843
844,844
845,845
846,846
847,847
848,848
849,849
850,850
851,851
852,852
853,853
854,854
855,855
856,856
857,857
858,858
859,859
860,860
861,861
862,862
863,863
864,864
865,865
866,866
867,867
868,868
869,869
870,870
871,871
872,872
873,873
874,874
875,875
876,876
877,877
878,878
879,879
880,880
881,881
882,882
883,883
884,884
885,885
886,886
887,887
888,888
889,889
890,890
891,891
892,892
893,893
894,894
895,895
896,896
897,897
898,898
899,899
900,900
901,901
902,902
903,903
904,904
905,905
906,906
907,907
908,908
909,909
910,910
911,911
912,912
913,913
914,914
915,915
916,916
917,917
918,918
919,919
920,920
921,921
922,922
923,923
924,924
925,925
926,926
927,927
928,928
929,929
930,930
931,931
932,932
933,933
934,934
935,935
936,936
937,937
938,938
939,939
940,940
941,941
942,942
943,943
944,944
945,945
946,946
947,947
948,948
949,949
950,950
951,951
952,952
953,953
954,954
955,955
956,956
957,957
958,958
959,959
960,960
961,961
962,962
963,963
964,964
965,965
966,966
967,967
968,968
969,969
970,970
971,971
972,972
973,973
974,974
975,975
976,976
977,977
978,978
979,979
980,980
981,981
982,982
983,983
984,984
985,985
986,986
987,987
988,988
989,989
990,990
991,991
992,992
993,993
994,994
995,995
996,996
997,997
998,998
999,999
1000,1000
1001,1001
1002,1002
1003,1003
1004,1004
1005,1005
1006,1006
1007,1007
1008,1008
1009,1009
1010,1010
1011,1011
1012,1012
1013,1013
1014,1014
1015,1015
1016,1016
1017,1017
1018,1018
1019,1019
1020,1020
1021,1021
1022,1022
1023,1023

0,783
3,591
4,378
5,398
6,207
6,295
6,553
7,647
9,145
9,229
10,956
11,216
11,518
11,652
12,123
13,41
14,681
14,27
15,954
15,242
15,91
15,431
16,51
16,406
16,239
16,99
17,973
17,700
18,770
18,157
18,905
18,400
19,1000
21,841
21,565
22,721
22,407
24,804
25,523
27,779
27,858
28,243
29,642
29,267
30,174
31,911
31,626
32,465
34,640
34,351
35,375
35,983
35,604
36,214
36,688
37,606
38,1019
39,504
39,486
40,828
40,466
41,52
41,775
42,687
42,937
42,327
45,969
45,803
46,206
48,509
48,466
48,831
49,460
50,640
51,934
51,1017
52,935
53,932
55,927
57,865
59,217
59,315
59,71
60,939
61,927
62,901
64,487
64,113
65,270
66,556
66,948
66,47
67,725
67,248
68,891
69,914
69,434
69,205
70,154
72,913
73,131
73,548
74,270
75,348
75,743
75,698
75,523
76,28
77,266
77,23
77,472
78,304
78,84
78,373
78,589
79,328
79,999
80,353
80,338
80,14
81,116
81,818
81,210
82,275
83,147
83,4
84,6
85,606
85,917
86,630
86,321
86,436
93,516
94,409
94,964
95,309
95,217
95,315
97,889
97,406
97,649
98,738
98,908
98,966
100,864
101,717
101,396
101,174
101,837
104,795
104,435
106,695
106,745
107,498
108,445
108,497
109,206
109,925
109,270
110,137
111,603
111,874
113,822
114,832
115,444
115,416
116,131
116,808
119,175
119,401
119,733
120,442
120,266
120,423
121,538
122,245
122,848
122,793
122,291
123,314
123,468
123,234
124,905
124,335
126,965
127,557
128,973
128,809
129,410
129,459
129,657
131,331
132,133
133,564
134,787
134,251
134,728
134,297
134,801
135,414
135,129
136,159
137,946
137,514
137,446
138,9
138,164
138,789
138,215
139,899
139,667
140,956
141,228
144,193
145,935
145,58
146,989
146,43
146,946
147,995
147,197
150,326
153,637
154,489
154,389
155,245
156,573
156,14
157,322
157,937
157,211
157,406
157,392
157,624
158,540
158,280
159,974
159,251
159,192
161,580
163,97
163,37
165,1005
165,555
165,123
166,174
166,866
167,645
169,894
169,618
169,610
169,266
170,745
170,951
171,588
172,921
172,89
172,529
173,791
174,374
175,894
178,246
180,700
182,891
182,716
182,618
182,950
184,726
185,587
186,759
186,386
187,545
187,949
188,168
189,596
189,900
190,405
190,175
192,991
193,892
196,65
196,938
197,675
197,66
198,358
199,552
200,714
201,758
201,12
202,998
202,403
203,190
203,53
203,685
203,604
203,139
204,371
204,189
205,978
206,748
206,577
206,867
208,554
208,202
208,739
208,438
209,119
209,670
209,783
211,487
211,2
212,690
212,933
212,446
215,453
216,70
216,282
216,945
217,968
217,940
217,550
218,647
218,406
219,163
220,261
220,896
220,800
220,156
221,948
222,861
222,482
223,862
223,635
224,395
225,295
225,606
225,493
226,281
226,270
226,717
228,1005
228,633
228,761
230,287
231,866
231,0
231,788
231,268
234,97
234,556
236,525
237,907
238,292
239,921
239,33
240,887
241,715
241,1000
241,434
242,835
242,893
242,417
243,447
244,362
244,489
245,884
246,606
246,478
247,30
247,171
248,449
248,984
248,516
248,489
249,623
249,553
249,772
250,701
250,547
251,458
252,842
252,370
256,231
260,131
260,249
261,668
261,423
262,227
263,848
264,1017
265,331
265,879
265,611
265,204
266,412
266,390
266,919
267,217
268,597
269,54
270,304
270,677
270,801
272,607
272,925
273,511
273,458
274,771
274,43
274,497
274,890
276,607
277,248
277,609
278,812
278,214
279,668
279,867
280,166
281,361
281,551
282,797
284,182
287,878
287,669
288,362
289,212
289,55
289,785
290,143
291,395
291,808
291,382
291,780
292,126
293,320
294,744
294,957
296,517
297,44
298,416
299,675
299,969
300,716
300,261
300,431
301,979
301,194
302,986
302,1016
304,573
304,868
305,552
305,399
305,876
306,726
306,232
306,628
306,729
308,17
308,237
309,269
310,536
310,6
311,932
313,201
313,498
316,212
318,229
319,119
319,617
320,953
321,639
322,473
323,580
323,454
326,151
326,490
326,415
326,635
327,369
327,381
327,796
328,157
328,985
329,843
329,964
330,305
330,252
331,773
331,214
331,79
331,894
332,5
332,204
333,728
334,179
334,864
336,638
337,81
338,811
340,927
342,678
342,76
345,196
347,414
347,287
347,95
349,584
349,918
351,281
351,1019
353,694
354,976
354,935
354,960
354,623
355,764
355,829
355,301
356,675
357,980
359,695
361,504
363,197
363,691
364,658
364,821
364,725
364,141
365,112
365,914
365,450
365,748
367,73
368,363
369,1003
369,191
369,295
370,630
370,854
371,453
372,776
372,864
373,970
373,435
373,762
374,810
375,787
375,215
376,239
376,619
376,446
378,599
378,562
380,304
381,617
381,395
384,716
385,68
385,135
386,311
388,427
388,108
388,260
388,170
389,337
391,855
392,653
392,505
393,364
397,281
398,11
399,286
399,739
400,706
400,577
400,179
400,274
401,167
401,53
401,170
402,190
403,887
403,177
403,637
403,694
404,392
405,808
408,474
409,396
409,460
409,296
411,991
412,641
413,243
413,5
413,256
414,717
415,668
416,849
417,447
417,725
418,398
419,710
419,172
420,521
424,765
424,729
424,266
425,707
425,62
426,869
426,754
427,486
427,50
427,283
428,227
429,268
429,323
429,489
429,217
432,431
433,934
434,18
434,748
435,217
435,708
438,792
441,401
441,52
442,343
442,42
443,698
443,209
444,728
445,332
446,32
447,771
447,151
449,992
450,490
451,20
451,1009
452,478
452,37
452,357
453,920
453,659
454,765
454,918
455,374
456,23
457,401
457,879
458,309
459,939
460,98
461,554
461,196
461,599
461,77
465,1021
466,737
467,953
467,784
467,473
467,281
468,536
468,717
469,886
471,313
471,166
472,128
473,547
473,20
473,93
474,1
474,889
474,336
474,503
474,728
476,202
477,864
477,1000
478,395
479,821
480,121
481,739
482,575
482,312
482,470
484,628
485,592
485,547
485,712
485,973
486,110
487,516
488,165
488,984
488,201
489,886
490,674
490,56
491,1016
493,665
493,250
494,721
495,578
495,646
496,692
496,222
496,333
497,654
498,138
498,849
499,934
503,914
503,769
503,98
506,384
506,938
507,852
508,294
509,46
510,819
511,101
511,942
512,1017
513,945
514,316
514,418
515,16
517,304
517,62
517,698
517,284
517,423
518,966
518,995
518,307
519,147
519,961
520,351
520,462
520,895
521,531
521,921
521,599
522,188
523,658
523,791
523,689
524,4
527,167
528,972
529,523
530,60
532,57
532,25
532,879
532,990
533,478
533,777
533,107
534,205
534,314
535,324
536,242
536,119
537,842
537,691
539,563
540,505
541,355
543,591
543,771
543,608
545,0
545,500
546,616
547,192
547,284
547,100
548,829
548,704
548,745
550,543
553,765
554,550
554,511
556,138
556,375
557,161
558,516
559,449
559,407
560,544
561,35
561,3
561,278
561,565
562,902
563,247
563,414
565,59
565,813
566,547
567,325
568,255
569,554
569,19
569,602
570,117
570,379
571,259
572,385
572,457
572,881
572,322
575,931
576,834
577,570
578,842
579,178
579,871
580,979
580,900
582,442
582,928
582,913
585,551
586,574
586,329
586,40
586,36
587,456
588,545
588,870
589,939
590,659
591,699
591,802
591,660
593,559
594,587
594,322
598,628
598,992
599,610
601,130
601,712
602,836
602,236
602,66
602,108
602,90
604,420
604,491
604,887
604,957
605,983
605,992
606,453
606,196
607,764
607,576
608,388
610,694
610,765
610,444
610,5
611,384
611,617
611,334
611,889
612,706
613,77
613,326
615,846
615,983
615,669
615,126
616,739
616,718
616,777
617,1007
617,330
618,403
618,646
619,182
620,0
621,1013
621,1
621,50
623,407
624,264
624,987
624,706
626,972
626,659
626,124
626,67
627,264
627,271
629,992
630,446
630,1015
630,299
631,467
631,75
632,957
633,394
633,699
633,966
635,763
636,226
637,34
637,557
637,98
638,238
639,377
639,111
641,898
645,684
645,79
645,618
646,252
646,500
646,153
647,20
647,44
650,605
650,325
651,539
652,636
653,988
654,719
654,462
655,545
655,948
658,715
659,666
660,678
660,521
660,10
661,351
663,598
663,432
663,40
664,539
666,358
666,368
667,719
668,400
668,564
670,278
671,442
671,349
672,254
672,315
673,657
674,1000
675,475
675,924
676,432
677,22
679,568
681,291
681,157
682,296
682,906
683,910
683,363
685,880
686,422
686,322
687,928
687,452
688,300
688,665
689,375
689,948
689,110
690,680
690,656
692,162
696,990
698,774
699,77
700,574
701,828
702,89
705,183
706,1011
706,279
707,690
707,234
708,240
709,256
709,318
709,972
711,226
712,808
717,14
718,609
718,711
719,283
720,95
721,764
721,654
722,400
723,873
723,138
723,431
724,671
725,842
726,712
726,205
728,160
728,617
728,259
729,330
730,245
730,365
730,14
731,282
731,992
731,209
732,1009
732,145
732,307
732,184
734,47
734,379
734,884
735,340
735,228
739,711
739,510
739,578
741,838
743,431
743,452
744,569
745,391
745,802
745,882
747,97
747,931
747,270
748,611
748,704
749,243
750,671
750,884
751,355
751,484
751,81
751,3
752,987
754,573
754,763
755,703
756,360
757,512
759,74
759,404
759,821
759,68
762,614
762,866
762,469
763,976
763,246
763,325
764,777
764,410
765,507
766,302
767,643
768,829
768,76
768,621
769,709
771,262
772,353
772,168
772,111
772,72
772,582
773,78
774,37
774,403
775,99
776,1004
776,791
776,582
778,19
778,59
779,112
779,393
779,840
781,34
781,817
781,831
782,565
783,701
784,387
786,567
786,310
786,524
786,419
786,57
787,118
788,614
788,760
789,110
790,247
790,924
790,118
791,118
791,1023
792,275
794,941
794,872
794,764
795,66
795,182
797,15
799,247
800,1
801,349
802,218
802,570
802,813
803,295
803,832
803,497
803,479
803,407
803,369
804,979
804,927
804,548
805,326
806,349
806,467
808,578
809,646
809,637
809,116
811,649
812,570
814,210
815,608
816,366
816,47
816,58
816,12
817,699
817,382
818,907
818,304
818,398
819,523
821,963
822,33
822,428
823,728
823,422
823,723
823,308
824,331
824,326
824,825
825,150
825,658
825,637
825,488
826,588
829,409
829,716
831,207
832,416
833,559
834,214
834,723
834,323
835,314
835,113
835,267
835,630
835,841
836,154
836,775
836,1012
837,1007
837,142
838,450
838,99
838,950
839,250
840,317
840,864
841,183
842,36
843,441
845,462
845,537
846,379
848,845
849,204
849,154
853,516
853,666
853,521
853,441
854,766
856,299
856,27
858,827
858,454
859,270
859,384
860,288
861,989
861,77
862,793
862,934
862,209
862,849
863,690
864,872
864,397
865,665
866,739
866,538
867,990
868,449
868,717
871,241
872,215
872,475
873,291
874,249
874,330
874,230
875,262
876,937
876,97
876,653
878,700
878,691
878,850
879,69
881,738
881,948
881,619
884,407
884,303
885,131
886,930
889,12
891,856
891,449
891,299
891,814
892,234
893,333
894,936
894,658
895,327
896,681
896,503
896,953
897,1005
898,77
900,747
900,467
900,515
900,662
901,418
902,229
903,536
903,983
903,713
903,696
904,59
905,73
908,498
908,945
908,143
911,410
911,227
912,44
912,133
912,400
914,640
915,149
916,62
916,822
917,583
917,183
918,757
918,130
919,275
920,970
923,545
923,685
923,163
924,538
925,205
927,424
928,245
928,629
928,519
929,875
931,648
933,188
933,917
934,277
937,138
938,1017
940,647
940,554
940,852
941,256
944,988
945,131
945,372
946,656
946,159
946,181
947,955
948,651
950,984
952,654
952,2
954,665
956,192
958,286
960,220
960,404
961,146
962,686
962,422
963,598
963,409
964,297
965,18
965,30
965,100
965,822
966,535
968,985
968,575
969,794
969,991
969,702
969,824
969,804
970,907
971,943
971,725
972,787
973,319
973,169
974,642
975,557
975,131
976,633
976,93
976,975
978,1010
978,807
978,192
979,984
981,886
982,586
982,613
982,847
983,860
984,551
985,634
985,870
986,27
987,367
988,17
988,660
989,504
989,473
989,507
989,793
990,586
991,12
992,751
992,831
992,289
993,285
993,165
996,100
996,559
997,977
997,540
999,247
999,184
1000,434
1000,583
1000,608
1001,94
1001,320
1001,431
1002,820
1002,18
1002,50
1003,316
1003,26
1005,159
1005,223
1005,493
1006,527
1006,876
1007,255
1007,456
1008,519
1008,1017
1008,46
1010,143
1011,833
1011,305
1013,895
1013,442
1014,773
1015,812
1016,34
1017,867
1018,250
1020,832
1020,647
1021,730
1021,190
1022,9
1023,857
1023,787
