0,0
1,1
2,2
3,3
4,4
5,5
6,6
7,7
8,8
9,9
10,10
11,11
12,12
13,13
14,14
15,15
16,16
17,17
18,18
19,19
20,20
21,21
22,22
23,23
24,24
25,25
26,26
27,27
28,28
29,29
30,30
31,31
32,32
33,33
34,34
35,35
36,36
37,37
38,38
39,39
40,40
41,41
42,42
43,43
44,44
45,45
46,46
47,47
48,48
49,49
50,50
51,51
52,52
53,53
54,54
55,55
56,56
57,57
58,58
59,59
60,60
61,61
62,62
63,63
64,64
65,65
66,66
67,67
68,68
69,69
70,70
71,71
72,72
73,73
74,74
75,75
76,76
77,77
78,78
79,79
80,80
81,81
82,82
83,83
84,84
85,85
86,86
87,87
88,88
89,89
90,90
91,91
92,92
93,93
94,94
95,95
96,96
97,97
98,98
99,99

0,9,[0.21547932]
0,7,[0.12677343]
1,66,[0.47639081]
1,9,[0.64640298]
1,3,[0.54478634]
2,31,[0.01649772]
2,8,[0.40294883]
3,6,[0.61719801]
3,2,[0.95503353]
3,0,[0.65675978]
3,1,[0.71850163]
4,65,[0.4285897]
4,9,[0.9203007]
4,2,[0.1908273]
5,9,[0.6461826]
5,4,[0.08095494]
5,2,[0.57121016]
5,0,[0.48781502]
6,7,[0.77007439]
6,8,[0.84982108]
6,9,[0.12888705]
6,97,[0.51579064]
7,3,[0.71281548]
7,8,[0.95279366]
7,1,[0.79783626]
7,76,[0.60230203]
7,25,[0.82017155]
8,2,[0.26905727]
8,7,[0.64758698]
8,9,[0.22493757]
8,5,[0.71088475]
8,3,[0.47698895]
8,30,[0.44381179]
10,12,[0.09738995]
10,31,[0.35841163]
10,13,[0.2400863]
10,15,[0.70995435]
11,15,[0.31953474]
11,17,[0.30669773]
11,43,[0.33891526]
11,32,[0.18943548]
11,13,[0.85870925]
11,19,[0.89060874]
11,54,[0.99099909]
12,13,[0.18761813]
12,11,[0.78109529]
12,10,[0.50370362]
12,55,[0.53754855]
12,67,[0.63641489]
13,16,[0.56745522]
13,12,[0.27852862]
14,17,[0.2668674]
14,51,[0.31248551]
14,10,[0.85798057]
15,12,[0.70645944]
15,14,[0.54487673]
15,18,[0.12608999]
15,21,[0.89581198]
15,11,[0.4804547]
16,12,[0.29003813]
17,14,[0.85686422]
17,11,[0.89331706]
18,19,[0.48916374]
18,15,[0.96784025]
19,15,[0.95164032]
19,94,[0.06649974]
19,20,[0.80504059]
19,18,[0.16786808]
19,12,[0.1343701]
19,11,[0.9030938]
19,56,[0.0176067]
20,21,[0.60288767]
20,36,[0.33518739]
20,24,[0.74294864]
20,29,[0.92421148]
20,25,[0.90407653]
21,20,[0.14850409]
22,34,[0.46782017]
22,28,[0.08941638]
22,39,[0.41507546]
22,1,[0.22054537]
22,48,[0.59319171]
22,74,[0.26615845]
22,23,[0.41623085]
23,61,[0.54399414]
23,25,[0.0455796]
23,28,[0.12547081]
23,26,[0.11842146]
25,92,[0.85876056]
25,24,[0.81342668]
25,36,[0.62980836]
26,24,[0.82665801]
26,25,[0.16789582]
26,28,[0.86668397]
27,37,[0.67070637]
27,22,[0.36919533]
27,26,[0.19236915]
28,26,[0.56597404]
28,22,[0.71820573]
29,35,[0.60642642]
29,78,[0.45121054]
29,25,[0.57118616]
29,22,[0.30735933]
30,38,[0.78192243]
31,36,[0.46569481]
31,34,[0.65142948]
32,37,[0.40600191]
32,36,[0.36494987]
33,36,[0.09850921]
33,67,[0.58941196]
33,30,[0.94532618]
34,39,[0.98322427]
34,37,[0.38899146]
34,33,[0.45130065]
34,30,[0.34183546]
34,35,[0.67103601]
35,98,[0.43781304]
35,32,[0.50387417]
35,77,[0.29200082]
36,30,[0.26899375]
37,32,[0.96018456]
37,38,[0.26330894]
38,39,[0.07201758]
38,52,[0.19208107]
39,77,[0.59569075]
40,92,[0.39210968]
41,40,[0.98567731]
41,42,[0.69073146]
42,49,[0.17486833]
42,40,[0.6656965]
42,92,[0.65387051]
42,12,[0.89564228]
43,44,[0.24548316]
43,7,[0.20206538]
43,49,[0.31678568]
44,30,[0.29707066]
44,45,[0.60302202]
45,43,[0.63750631]
45,42,[0.77502008]
46,5,[0.9961075]
47,46,[0.97881464]
47,42,[0.85348311]
47,10,[0.23676608]
48,65,[0.56850714]
48,26,[0.45543422]
48,27,[0.19231524]
48,53,[0.39616506]
49,42,[0.78850833]
49,48,[0.68873763]
49,38,[0.13151051]
50,42,[0.36659195]
50,51,[0.7281113]
50,8,[0.0837983]
51,44,[0.44138079]
51,52,[0.25235559]
52,57,[0.15280095]
52,63,[0.82990132]
52,54,[0.96821387]
53,54,[0.55192775]
53,56,[0.95722756]
53,52,[0.13763519]
54,50,[0.35250903]
54,21,[0.47005059]
55,14,[0.57445067]
55,58,[0.23328354]
55,50,[0.25099993]
55,18,[0.27327686]
55,57,[0.24630755]
56,53,[0.46882198]
56,47,[0.75137388]
56,54,[0.40992185]
56,52,[0.18036237]
56,57,[0.87788512]
56,69,[0.52702757]
57,52,[0.12887644]
57,53,[0.16858536]
57,60,[0.58102175]
57,51,[0.8955698]
58,55,[0.97627467]
58,83,[0.80593515]
59,54,[0.56380361]
59,51,[0.49330079]
60,69,[0.90103862]
60,8,[0.3573376]
61,67,[0.14641998]
61,89,[0.8080853]
61,73,[0.04145109]
61,64,[0.12451176]
61,13,[0.23661369]
62,29,[0.68974666]
62,71,[0.18094725]
63,65,[0.44064218]
63,64,[0.42703796]
63,34,[0.67128019]
64,68,[0.06715397]
65,67,[0.10567453]
66,61,[0.21867742]
66,64,[0.01800609]
66,68,[0.77733845]
66,62,[0.07636015]
66,67,[0.91022396]
67,68,[0.33345028]
67,65,[0.90666389]
68,66,[0.08183644]
68,62,[0.93233113]
69,59,[0.47553666]
69,68,[0.13161755]
69,67,[0.17945376]
69,66,[0.51927106]
70,74,[0.44767927]
70,71,[0.02211094]
70,87,[0.56391571]
71,25,[0.47126392]
71,74,[0.19506597]
72,52,[0.67941779]
72,79,[0.33853005]
72,74,[0.41238155]
72,76,[0.51788982]
73,77,[0.7675449]
73,74,[0.52945771]
73,76,[0.96731234]
73,26,[0.69359929]
73,79,[0.34434126]
73,75,[0.73951953]
73,88,[0.46388308]
74,30,[0.24211625]
74,4,[0.28227009]
74,15,[0.03971576]
74,8,[0.60870204]
75,57,[0.99854262]
75,77,[0.89417626]
75,69,[0.09582986]
75,11,[0.12830781]
75,72,[0.97363032]
75,58,[0.78719308]
75,80,[0.94571699]
76,70,[0.6745135]
77,74,[0.17781869]
78,77,[0.07473128]
78,36,[0.37633936]
78,72,[0.40537398]
78,28,[0.71957945]
79,78,[0.52153645]
79,75,[0.74761132]
79,31,[0.23411092]
79,70,[0.02179803]
80,84,[0.82747482]
80,89,[0.06850118]
81,98,[0.79315769]
83,89,[0.4023391]
83,84,[0.63780724]
83,97,[0.98752258]
84,88,[0.86576403]
84,85,[0.2141732]
84,95,[0.92546979]
84,86,[0.85441971]
85,19,[0.23734709]
85,83,[0.530168]
85,87,[0.38983532]
86,88,[0.64292312]
86,85,[0.78047762]
86,87,[0.10813726]
86,84,[0.37727176]
87,20,[0.97533825]
87,81,[0.85823967]
87,89,[0.90852184]
87,83,[0.03927219]
88,81,[0.99868733]
89,83,[0.23176775]
89,84,[0.71256528]
89,92,[0.82545715]
90,95,[0.92143063]
90,99,[0.1057301]
90,92,[0.24338888]
91,87,[0.58112025]
91,99,[0.21755583]
91,92,[0.49035021]
91,33,[0.11017877]
92,97,[0.41868734]
92,94,[0.47638905]
92,98,[0.50684707]
93,98,[0.2177835]
93,94,[0.20174891]
93,99,[0.23137017]
93,28,[0.43668007]
94,93,[0.10114075]
95,96,[0.29296684]
95,85,[0.12069233]
96,90,[0.60843443]
96,92,[0.57378481]
96,94,[0.7377387]
97,93,[0.95510751]
97,98,[0.59724001]
97,90,[0.30325828]
98,12,[0.99119255]
98,94,[0.12736299]
99,94,[0.56615858]
99,63,[0.25076556]
99,91,[0.11215799]
99,96,[0.75655658]
