0,0
1,1
2,2
3,3
4,4
5,5
6,6
7,7
8,8
9,9
10,10
11,11
12,12
13,13
14,14
15,15
16,16
17,17
18,18
19,19
20,20
21,21
22,22
23,23
24,24
25,25
26,26
27,27
28,28
29,29
30,30
31,31
32,32
33,33
34,34
35,35
36,36
37,37
38,38
39,39
40,40
41,41
42,42
43,43
44,44
45,45
46,46
47,47
48,48
49,49
50,50
51,51
52,52
53,53
54,54
55,55
56,56
57,57
58,58
59,59
60,60
61,61
62,62
63,63
64,64
65,65
66,66
67,67
68,68
69,69
70,70
71,71
72,72
73,73
74,74
75,75
76,76
77,77
78,78
79,79
80,80
81,81
82,82
83,83
84,84
85,85
86,86
87,87
88,88
89,89
90,90
91,91
92,92
93,93
94,94
95,95
96,96
97,97
98,98
99,99
100,100
101,101
102,102
103,103
104,104
105,105
106,106
107,107
108,108
109,109
110,110
111,111
112,112
113,113
114,114
115,115
116,116
117,117
118,118
119,119
120,120
121,121
122,122
123,123
124,124
125,125
126,126
127,127
128,128
129,129
130,130
131,131
132,132
133,133
134,134
135,135
136,136
137,137
138,138
139,139
140,140
141,141
142,142
143,143
144,144
145,145
146,146
147,147
148,148
149,149
150,150
151,151
152,152
153,153
154,154
155,155
156,156
157,157
158,158
159,159
160,160
161,161
162,162
163,163
164,164
165,165
166,166
167,167
168,168
169,169
170,170
171,171
172,172
173,173
174,174
175,175
176,176
177,177
178,178
179,179
180,180
181,181
182,182
183,183
184,184
185,185
186,186
187,187
188,188
189,189
190,190
191,191
192,192
193,193
194,194
195,195
196,196
197,197
198,198
199,199
200,200
201,201
202,202
203,203
204,204
205,205
206,206
207,207
208,208
209,209
210,210
211,211
212,212
213,213
214,214
215,215
216,216
217,217
218,218
219,219
220,220
221,221
222,222
223,223
224,224
225,225
226,226
227,227
228,228
229,229
230,230
231,231
232,232
233,233
234,234
235,235
236,236
237,237
238,238
239,239
240,240
241,241
242,242
243,243
244,244
245,245
246,246
247,247
248,248
249,249
250,250
251,251
252,252
253,253
254,254
255,255
256,256
257,257
258,258
259,259
260,260
261,261
262,262
263,263
264,264
265,265
266,266
267,267
268,268
269,269
270,270
271,271
272,272
273,273
274,274
275,275
276,276
277,277
278,278
279,279
280,280
281,281
282,282
283,283
284,284
285,285
286,286
287,287
288,288
289,289
290,290
291,291
292,292
293,293
294,294
295,295
296,296
297,297
298,298
299,299
300,300
301,301
302,302
303,303
304,304
305,305
306,306
307,307
308,308
309,309
310,310
311,311
312,312
313,313
314,314
315,315
316,316
317,317
318,318
319,319
320,320
321,321
322,322
323,323
324,324
325,325
326,326
327,327
328,328
329,329
330,330
331,331
332,332
333,333
334,334
335,335
336,336
337,337
338,338
339,339
340,340
341,341
342,342
343,343
344,344
345,345
346,346
347,347
348,348
349,349
350,350
351,351
352,352
353,353
354,354
355,355
356,356
357,357
358,358
359,359
360,360
361,361
362,362
363,363
364,364
365,365
366,366
367,367
368,368
369,369
370,370
371,371
372,372
373,373
374,374
375,375
376,376
377,377
378,378
379,379
380,380
381,381
382,382
383,383
384,384
385,385
386,386
387,387
388,388
389,389
390,390
391,391
392,392
393,393
394,394
395,395
396,396
397,397
398,398
399,399
400,400
401,401
402,402
403,403
404,404
405,405
406,406
407,407
408,408
409,409
410,410
411,411
412,412
413,413
414,414
415,415
416,416
417,417
418,418
419,419
420,420
421,421
422,422
423,423
424,424
425,425
426,426
427,427
428,428
429,429
430,430
431,431
432,432
433,433
434,434
435,435
436,436
437,437
438,438
439,439
440,440
441,441
442,442
443,443
444,444
445,445
446,446
447,447
448,448
449,449
450,450
451,451
452,452
453,453
454,454
455,455
456,456
457,457
458,458
459,459
460,460
461,461
462,462
463,463
464,464
465,465
466,466
467,467
468,468
469,469
470,470
471,471
472,472
473,473
474,474
475,475
476,476
477,477
478,478
479,479
480,480
481,481
482,482
483,483
484,484
485,485
486,486
487,487
488,488
489,489
490,490
491,491
492,492
493,493
494,494
495,495
496,496
497,497
498,498
499,499
500,500
501,501
502,502
503,503
504,504
505,505
506,506
507,507
508,508
509,509
510,510
511,511
512,512
513,513
514,514
515,515
516,516
517,517
518,518
519,519
520,520
521,521
522,522
523,523
524,524
525,525
526,526
527,527
528,528
529,529
530,530
531,531
532,532
533,533
534,534
535,535
536,536
537,537
538,538
539,539
540,540
541,541
542,542
543,543
544,544
545,545
546,546
547,547
548,548
549,549
550,550
551,551
552,552
553,553
554,554
555,555
556,556
557,557
558,558
559,559
560,560
561,561
562,562
563,563
564,564
565,565
566,566
567,567
568,568
569,569
570,570
571,571
572,572
573,573
574,574
575,575
576,576
577,577
578,578
579,579
580,580
581,581
582,582
583,583
584,584
585,585
586,586
587,587
588,588
589,589
590,590
591,591
592,592
593,593
594,594
595,595
596,596
597,597
598,598
599,599
600,600
601,601
602,602
603,603
604,604
605,605
606,606
607,607
608,608
609,609
610,610
611,611
612,612
613,613
614,614
615,615
616,616
617,617
618,618
619,619
620,620
621,621
622,622
623,623
624,624
625,625
626,626
627,627
628,628
629,629
630,630
631,631
632,632
633,633
634,634
635,635
636,636
637,637
638,638
639,639
640,640
641,641
642,642
643,643
644,644
645,645
646,646
647,647
648,648
649,649
650,650
651,651
652,652
653,653
654,654
655,655
656,656
657,657
658,658
659,659
660,660
661,661
662,662
663,663
664,664
665,665
666,666
667,667
668,668
669,669
670,670
671,671
672,672
673,673
674,674
675,675
676,676
677,677
678,678
679,679
680,680
681,681
682,682
683,683
684,684
685,685
686,686
687,687
688,688
689,689
690,690
691,691
692,692
693,693
694,694
695,695
696,696
697,697
698,698
699,699
700,700
701,701
702,702
703,703
704,704
705,705
706,706
707,707
708,708
709,709
710,710
711,711
712,712
713,713
714,714
715,715
716,716
717,717
718,718
719,719
720,720
721,721
722,722
723,723
724,724
725,725
726,726
727,727
728,728
729,729
730,730
731,731
732,732
733,733
734,734
735,735
736,736
737,737
738,738
739,739
740,740
741,741
742,742
743,743
744,744
745,745
746,746
747,747
748,748
749,749
750,750
751,751
752,752
753,753
754,754
755,755
756,756
757,757
758,758
759,759
760,760
761,761
762,762
763,763
764,764
765,765
766,766
767,767
768,768
769,769
770,770
771,771
772,772
773,773
774,774
775,775
776,776
777,777
778,778
779,779
780,780
781,781
782,782
783,783
784,784
785,785
786,786
787,787
788,788
789,789
790,790
791,791
792,792
793,793
794,794
795,795
796,796
797,797
798,798
799,799
800,800
801,801
802,802
803,803
804,804
805,805
806,806
807,807
808,808
809,809
810,810
811,811
812,812
813,813
814,814
815,815
816,816
817,817
818,818
819,819
820,820
821,821
822,822
823,823
824,824
825,825
826,826
827,827
828,828
829,829
830,830
831,831
832,832
833,833
834,834
835,835
836,836
837,837
838,838
839,839
840,840
841,841
842,842
843,843
844,844
845,845
846,846
847,847
848,848
849,849
850,850
851,851
852,852
853,853
854,854
855,855
856,856
857,857
858,858
859,859
860,860
861,861
862,862
863,863
864,864
865,865
866,866
867,867
868,868
869,869
870,870
871,871
872,872
873,873
874,874
875,875
876,876
877,877
878,878
879,879
880,880
881,881
882,882
883,883
884,884
885,885
886,886
887,887
888,888
889,889
890,890
891,891
892,892
893,893
894,894
895,895
896,896
897,897
898,898
899,899
900,900
901,901
902,902
903,903
904,904
905,905
906,906
907,907
908,908
909,909
910,910
911,911
912,912
913,913
914,914
915,915
916,916
917,917
918,918
919,919
920,920
921,921
922,922
923,923
924,924
925,925
926,926
927,927
928,928
929,929
930,930
931,931
932,932
933,933
934,934
935,935
936,936
937,937
938,938
939,939
940,940
941,941
942,942
943,943
944,944
945,945
946,946
947,947
948,948
949,949
950,950
951,951
952,952
953,953
954,954
955,955
956,956
957,957
958,958
959,959
960,960
961,961
962,962
963,963
964,964
965,965
966,966
967,967
968,968
969,969
970,970
971,971
972,972
973,973
974,974
975,975
976,976
977,977
978,978
979,979
980,980
981,981
982,982
983,983
984,984
985,985
986,986
987,987
988,988
989,989
990,990
991,991
992,992
993,993
994,994
995,995
996,996
997,997
998,998
999,999

0,714,0.12912891600087137
1,745,0.054319373571819166
1,949,0.05927499058021175
2,167,0.06325911124884698
2,918,0.07653966480860724
2,932,0.07372153333334773
4,342,0.06632750321393976
4,463,0.07080655732549408
5,119,0.07626526853466517
5,538,0.09279585160166542
6,568,0.06523036811661856
6,614,0.051356457633822857
6,661,0.14664428928587994
7,455,0.06632285040345129
8,190,0.0561507097347231
9,140,0.06330251275850296
9,153,0.05323985700317946
9,524,0.052906171231739664
9,751,0.22620688612266956
9,873,0.07002154591877285
10,83,0.11684424830729596
10,465,0.20027972295235028
10,502,0.051709432759136684
11,556,0.05979201808350805
12,663,0.15832458716746914
14,338,0.1773840217468196
14,351,0.1283132925097233
14,388,0.12158782225983995
14,574,0.15636876022895005
14,988,0.17141255496409438
15,415,0.135422318954882
15,438,0.13207210602662264
15,616,0.14015747666271
15,790,0.11102064531185706
16,182,0.05722741446798937
16,824,0.07391915058515561
16,907,0.11367165350921063
17,118,0.06521266518976385
17,655,0.07391412861910127
17,990,0.06053048689208433
19,177,0.23554940409231256
19,527,0.3307357078372286
19,994,0.11882642656689005
20,177,0.08043070743491072
20,668,0.07689538810923362
20,969,0.23678194037191924
21,553,0.05503066642175751
21,939,0.20817906323485028
22,96,0.056663828862125946
22,563,0.06585226474408509
22,787,0.10992955402590446
23,169,0.15272922089260219
23,666,0.16136779157547823
24,401,0.06725380704005307
24,841,0.06030297370087302
25,166,0.05625695863557951
25,178,0.07735753352398647
25,277,0.14408537543134606
25,514,0.12286812203011052
25,558,0.15265993922748367
26,541,0.1361414886428155
26,834,0.11842017077928255
27,750,0.0795461407552638
28,691,0.10995533177611469
28,834,0.10991878181679797
28,957,0.12380587148671329
29,203,0.16161090295177127
29,572,0.13253717665541734
30,258,0.06011533870010118
30,261,0.09285813873727207
30,935,0.11862441986732944
31,886,0.09708198383956612
33,40,0.18345287876013536
33,55,0.13324198492499334
33,145,0.13070678214311224
33,363,0.0631354143071921
33,522,0.05905434413537071
34,15,0.05610505671695901
34,296,0.06669691812331421
34,796,0.054037221933294285
35,406,0.09543256175268387
35,910,0.233813341897408
36,268,0.12294859175849612
36,524,0.05779584158355017
39,148,0.05664532667185649
40,118,0.0576757915715581
40,272,0.20360394821468483
40,391,0.10910660349072487
40,593,0.1894519961511819
40,643,0.10968086201008073
41,185,0.06722074293559038
41,197,0.13389628012665727
41,581,0.15290102166795494
41,990,0.20867843054583005
42,89,0.06071873842904645
42,368,0.11951437657596439
42,552,0.05045975984385651
44,149,0.05468344369114825
44,597,0.05699369428032596
45,452,0.0709336107708557
45,505,0.08370613416154063
45,547,0.06313772318167458
45,608,0.11762098415599952
46,378,0.057968499284610314
48,269,0.11013035045227
49,188,0.06785299412712559
49,273,0.06912281137684483
49,349,0.07059811633331921
49,872,0.06050458072322081
50,174,0.3011967085018411
50,252,0.08497977063772055
50,383,0.1847724545725935
50,981,0.08073452689871612
51,329,0.05971815085627673
52,351,0.05231333076804188
52,390,0.19694608376900782
52,797,0.20792109304230758
52,809,0.10099388131702335
53,564,0.06158808040260303
54,429,0.13438617024827712
54,768,0.11879268010374766
55,66,0.2849901712981967
55,526,0.07478935241751236
58,452,0.06828845049839033
59,553,0.09360202248092106
59,803,0.19781751034546116
60,877,0.19602402796163723
61,223,0.0664511362750982
63,497,0.09426287285245233
63,802,0.05105810284308694
63,922,0.05206744197226835
64,65,0.06233182276928344
64,349,0.08751405608803069
65,32,0.0778260185765773
65,315,0.09050276203195176
65,349,0.05709227653277465
65,553,0.06169699369466859
66,266,0.15369593933457054
66,351,0.06851696804772084
66,473,0.2097659839651703
66,526,0.29619164245435653
68,52,0.05453860534871747
68,326,0.052411450234478296
68,331,0.10765549332582809
68,347,0.06619018293861202
68,420,0.12333535926840618
68,467,0.05514452979070066
68,523,0.17455782439288045
69,301,0.07250461973340643
69,960,0.06728590969617877
70,370,0.09679927932162855
70,634,0.10722259955563528
71,237,0.21090291995496127
71,627,0.21304971538175554
75,319,0.060401652572212056
75,467,0.054702427422351985
75,842,0.07160532430235918
77,505,0.4947093696439757
78,317,0.07090940424928235
79,30,0.1275081673994253
79,526,0.06611590137224867
79,935,0.0570643381778102
80,112,0.14165664915349865
80,547,0.11934220221920273
82,293,0.0810887311926096
82,950,0.05465461805370151
83,84,0.08254610305523996
83,218,0.05276038395799559
83,494,0.0855963130722943
83,967,0.23790527016431473
84,120,0.19436102054278737
84,328,0.05068244346552782
84,764,0.12270411598287008
84,938,0.22602801768494407
84,967,0.0741045701199753
85,909,0.05905979905369987
86,71,0.14772195113014172
86,285,0.07556475060040298
86,601,0.08294982627127478
86,798,0.2020779047482401
87,60,0.07478672944406838
87,879,0.0680881679432552
88,399,0.2109970583945799
88,498,0.07714033885542981
89,40,0.1848040954383238
89,680,0.10950022188745011
89,847,0.05818716261390174
91,182,0.1418726999266596
91,867,0.07708828021005258
92,191,0.11174632870343956
92,931,0.11505712906409014
93,315,0.08899464264083846
93,461,0.054329420904289334
93,605,0.12036580451712248
93,794,0.10901466412635291
94,503,0.09732678490202727
94,613,0.06774687512571252
95,361,0.2750045248338925
95,567,0.25850047049572344
98,375,0.1959528655725925
98,820,0.10832658077093386
98,885,0.21481679066035722
98,968,0.05892261738279856
99,95,0.07855073543413633
99,242,0.23510330493797754
99,756,0.07817640166240797
99,771,0.10631406869867713
100,136,0.07323954580744324
100,200,0.05680369555697262
100,821,0.05076386523641515
101,210,0.15190349060270605
101,422,0.20819834028418172
102,681,0.06832083192412423
102,782,0.08469699211894499
103,520,0.1376244840574345
104,68,0.07085982684873068
105,806,0.10265986898779239
106,125,0.07424215439711582
106,338,0.059887319595197636
106,491,0.07392251576682046
107,509,0.05957199583521702
107,856,0.0548455015850255
108,340,0.1769344807492871
109,586,0.2067779323469149
109,911,0.07968226955233615
110,362,0.050653231795259296
111,143,0.0873366740311216
112,315,0.08043722411377077
112,390,0.06813754927407421
112,424,0.1711289223999886
113,214,0.25581722996942335
113,909,0.156786409282383
114,156,0.06790784774424272
114,203,0.19032812235939017
114,758,0.08422888423670993
115,98,0.07622593709872913
115,205,0.07678313331578009
117,82,0.09725360330890832
117,155,0.15790290355284808
117,579,0.06481211148830855
118,588,0.21962290289091654
118,599,0.1719222531423062
120,704,0.13084815530180927
120,920,0.15796078994422816
120,938,0.05118075951785865
120,951,0.05087322910082661
121,80,0.13980726150226797
121,258,0.1384997778019692
121,529,0.05255170943603509
121,618,0.11877556238911971
122,330,0.13789355865474268
122,402,0.05645243733716279
122,651,0.05202247803470115
123,97,0.058064418652572815
124,100,0.9995916288307357
124,136,0.058108631587486456
124,821,0.06664463472649947
125,45,0.196739446935864
125,352,0.12022402583160738
125,547,0.17562022854118783
126,162,0.05112402965959439
126,630,0.17183001232880715
126,712,0.1145732993056426
126,807,0.06362202247913727
127,31,0.07986959519259737
127,118,0.12369021417520855
127,626,0.17305358095432966
127,989,0.19743911786506518
128,251,0.07140847873142983
131,125,0.1868425836999149
131,781,0.06359928726462538
131,980,0.11055469490991726
131,993,0.0978243113988713
132,165,0.1092160064053408
133,22,0.057354853777857595
133,300,0.08013234362668165
134,232,0.1680533700348433
134,791,0.13643167414684138
137,711,1.0005340161748149
137,981,0.467779879447916
138,550,0.210099886943434
138,588,0.1939125505940645
138,851,0.05581892838733626
139,207,0.05213128624705924
139,851,0.0729681032710453
139,913,0.11597937903181997
140,150,0.22056225843802907
140,539,0.055422138036733994
140,699,0.23911347700580504
141,956,0.11421216010053306
142,178,0.057059096951413014
142,191,0.051049797746100016
142,477,0.1462636449485629
143,521,0.1651835697456956
146,476,0.07435485170922623
147,402,0.05806650995998334
148,93,0.11204231988991886
148,315,0.10606307470579684
148,376,0.10743523110444277
148,794,0.052991227911056676
148,995,0.06724713110298709
149,844,0.0940972221710795
150,157,0.08189087187482509
150,190,0.05213330658156966
150,371,0.2047801736826792
150,539,0.26647196125276906
151,194,0.0583309223494323
152,134,0.1511904880560876
152,575,0.14356155057266026
152,583,0.1423458868042297
153,463,0.05675274319620197
154,474,0.08790760386644023
156,294,0.2511517572838434
156,461,0.05810629058989171
156,511,0.14430364392639458
157,621,0.1357311525486368
157,878,0.16792021526945813
157,980,0.05279496779667376
160,538,0.05473465581234144
162,806,0.19154264613860672
163,426,0.05659015561937948
163,819,0.06273073995772689
164,60,0.06070118816083174
164,111,0.08308180575059781
164,292,0.17556232570380112
164,485,0.19345949518104935
164,826,0.2339671938132071
165,255,0.2748274240853997
165,388,0.07354439547600841
165,460,0.0759697841917322
165,569,0.08982082653402736
165,926,0.0733420567380029
165,947,0.27388565685659816
166,344,0.12418005077073681
166,606,0.13292357053242104
167,121,0.11040746078412474
167,683,0.10783954891344434
167,724,0.07664533144438203
168,456,0.11251709598515079
168,490,0.1281940132742993
169,80,0.12729354610979104
170,420,0.07147078237082878
170,746,0.08148790426952618
171,415,0.17282346618017264
171,689,0.1391885681402375
172,512,0.07267878970281204
173,335,0.08368995219057933
173,768,0.07749744022797576
173,975,0.0688237324271537
174,47,0.07399204763620336
174,410,0.07709801550990186
175,763,0.09865497532394653
175,863,0.07689900212974994
176,916,0.05971647498791189
177,220,0.052129994840562764
177,335,0.14038204072447574
177,994,0.09655934940490542
178,239,0.23044669185701377
180,858,0.058219441150376125
181,208,0.09968761468829047
181,664,0.1656479705869532
182,126,0.24637301617737123
182,162,0.13333931214556435
182,630,0.06432076898396519
182,807,0.19426992531107984
183,393,0.12365583514125207
183,453,0.052635346187332996
183,761,0.4926091244158707
184,369,0.13592835252852717
184,901,0.054979048196263376
185,159,0.10914348731479812
185,168,0.09244927825484604
185,329,0.05009033328062693
186,168,0.2173795938629693
186,952,0.09993281256211499
187,88,0.12680979002509868
187,164,0.06368311849828265
187,399,0.05681434263609596
187,791,0.05870994807784172
188,293,0.12662029293203111
190,266,0.07141507467798283
190,576,0.1230261507565539
190,616,0.19897054906456077
191,272,0.0801769242704083
191,578,0.14813248311846872
192,155,0.1315183069330487
192,258,0.0802898370276861
192,452,0.14526400481211327
193,21,0.14412516464363448
193,512,0.20851492423029536
193,833,0.05867625612764612
194,625,0.11002428461339886
195,92,0.21719278932140734
195,158,0.10976005934672839
195,191,0.06812280808735248
195,783,0.05798874805174868
195,820,0.13481037956131606
195,914,0.061989304667795064
196,275,0.059881093797434434
196,743,0.05059018693528516
196,770,0.05461147096695515
198,439,0.06922065111997518
198,818,0.16001241522682771
198,859,0.11714672478427751
202,20,0.059083580837229456
202,132,0.1979176310249706
202,183,0.07494001326053586
202,287,0.059975589129640544
202,435,0.06105366523099626
205,47,0.06799220068841631
205,103,0.06833164143523
205,378,0.07766985046384277
205,680,0.07181315782761082
206,34,0.19955478068827737
206,293,0.06549653094889395
206,302,0.06586883603076056
206,838,0.05257398927394956
207,657,0.1194526879895868
207,723,0.11418289405862
208,97,0.2224635691826549
208,582,0.15243641172544123
210,9,0.25236558585001123
210,438,0.1909710152559519
210,751,0.08675482523886803
210,873,0.05478021680307776
212,642,0.06064576689202281
212,721,0.17897502241397242
212,898,0.11134668374445035
213,49,0.05873580574766298
214,195,0.1870787027568881
214,602,0.18307163638024604
214,820,0.05289327008810923
215,473,0.06693048299005545
215,502,0.05021781097532507
216,288,0.10878195009762213
216,777,0.09476303283639048
218,4,0.08487222555969559
218,353,0.07768950078877755
218,452,0.05739249857506507
219,320,0.08420631183668228
219,550,0.0993035995974872
219,777,0.130804423908249
219,971,0.1065278235729811
220,29,0.09239534342222
220,855,0.06880103334977335
220,994,0.1008681683690779
221,14,0.08501185135102653
221,94,0.07467522512595125
221,125,0.07722061445136134
221,560,0.11317778803158841
221,642,0.10310520157115863
222,138,0.17452785383138072
222,502,0.168725950408205
222,952,0.1806500521737279
223,370,0.05512774151166702
223,673,0.11612268610259537
224,214,0.17173715889608826
224,278,0.10755290943688192
224,602,0.20622187704605066
224,678,0.1622876534170336
224,936,0.05377069232272863
225,939,0.13666321499387596
228,344,0.12389689252784705
228,834,0.07711872095365487
229,743,0.47603342831430695
229,935,0.4153194458985796
230,110,0.10703408293627795
230,440,0.35050923682015717
230,567,0.12661959061505138
230,957,0.06554902656535588
231,47,0.05686636509451285
231,141,0.05515813994456812
231,640,0.050874790462749724
231,719,0.12134415960787782
232,253,0.11623550128631073
232,309,0.0643739672451266
232,369,0.05006932938508339
232,373,0.054244199107414
232,709,0.07438817729218994
232,942,0.15529969773206878
233,59,0.2552992143989364
233,505,0.13401368076774103
233,553,0.05088025593023172
233,803,0.06717554502969286
233,847,0.05680104940200357
233,893,0.053626953105315504
234,279,0.1268354545059721
234,329,0.1557045706128719
234,488,0.14984824888561227
235,894,0.08001381656204024
237,390,0.0710197257376535
237,464,0.11948854059206938
237,627,0.05353976351155947
237,899,0.14872393688698105
239,314,0.23565599470399437
239,391,0.22606336725105564
240,326,0.11528694971003543
240,445,0.12602444180867436
240,543,0.06850207804702334
240,593,0.14045838914920625
240,709,0.05567697256398507
241,580,0.05541090473836188
242,95,0.12424168869140569
242,411,0.08544592302445142
242,665,0.14970931727848305
242,756,0.18753769475703364
242,838,0.07331980531918394
243,16,0.23425560048175842
243,182,0.18332275549265356
243,824,0.20886631572443337
243,907,0.0593841716236623
244,569,0.07766512967195087
244,574,0.06787854796483263
245,406,0.06295159916590437
245,562,0.28188407111680197
246,416,0.06588244198430636
247,31,0.05379253018389149
247,760,0.14137517961893292
247,898,0.09817110925106531
247,973,0.1978578684788214
248,170,0.06374775510070536
248,295,0.0516515069489853
248,754,0.06795409528211599
249,929,0.05980093175149
251,178,0.0734065099140238
251,390,0.07717497374453999
251,941,0.2299927889754265
251,963,0.08497102878564798
252,614,0.26664591922640896
253,162,0.08579543267905645
253,369,0.09814171786272173
254,549,0.059998997647599514
254,718,0.057448157773031375
255,88,0.0850046676558681
255,460,0.2105383598211037
255,553,0.07461228311427258
255,569,0.05753493214557276
255,926,0.15135885972620908
255,947,0.08455296827981064
256,201,0.1791558915389692
257,504,0.05872211254157583
258,468,0.1443190042909714
258,529,0.1719658209472924
258,574,0.06490553432673711
259,176,0.057477504586613576
260,319,0.07535214415392383
260,724,0.12822612375344203
261,247,0.19426441997871755
261,425,0.1582580393908874
261,570,0.14506374166064218
261,926,0.15977892090532966
261,973,0.07588951873846085
262,444,0.2566744033307392
262,492,0.2580356321389106
262,696,0.053334879417864536
262,894,0.27717531853479155
263,192,0.10926597984842827
263,229,0.1127195008738744
264,111,0.05031078822225449
264,115,0.07668409361589168
264,876,0.06547774323881825
265,214,0.08745280418724166
267,128,0.16232293103531023
267,273,0.05371821197096994
269,108,0.08969271748739369
270,569,0.078310049269311
270,632,0.20404591356488685
270,958,0.1266398249803027
271,386,0.05840408375511952
272,84,0.17449072677938973
272,118,0.22789851383443108
272,233,0.14624304226174156
272,588,0.0653407817488405
272,599,0.05119818673918878
274,820,0.11335591275724624
274,834,0.15769418905509786
275,470,0.11559718133075647
275,620,0.06448236107491749
275,793,0.09913063697246202
275,839,0.07773599753855956
276,257,0.07504749258708032
276,294,0.06763066807089889
276,800,0.05038405693604202
277,558,0.05177412339865442
278,690,0.1273247939018326
279,252,0.23351212774985194
279,307,0.053235563872440515
279,364,0.056810265935978765
279,614,0.06436214494638494
279,630,0.20664169624253834
279,738,0.23875319986217233
280,178,0.06292799398748619
280,251,0.21818299205203057
280,296,0.2351443490808191
280,481,0.16651753828475652
280,662,0.2743116737615997
280,794,0.2264895827368109
280,992,0.0920571264678865
280,993,0.059779251684414954
281,512,0.05687141665199435
281,631,0.059804353442068345
282,75,0.12205512445371203
282,252,0.09372494725492563
282,329,0.05303972099424379
282,481,0.05070557015409569
282,682,0.10795237631331756
282,734,0.05757950764323472
283,308,0.1241933372089293
284,327,0.29188312134483774
285,109,0.09649549875335323
286,176,0.08774536654434625
286,467,0.0656197210970658
286,643,0.06993619440426987
286,698,0.05144533575038088
286,713,0.07188648408427789
286,916,0.06292958817805885
287,90,0.07310398692433723
287,105,0.16352633190398239
287,109,0.052178111533565295
287,289,0.2362821145619172
287,570,0.07830856569134213
287,609,0.06379998419825811
287,658,0.07890933604660248
287,725,0.22107895348682924
288,384,0.14216599963595608
288,531,0.146466233951977
288,632,0.14242558802214655
289,90,0.17369035301123303
289,105,0.05775105815996389
289,567,0.05220090056855137
289,658,0.1614906792925154
289,725,0.08048872825252637
292,826,0.06418712916031445
293,62,0.21743532922832487
293,360,0.08454953202117936
294,165,0.1505575107440165
294,461,0.20642648702212163
295,80,0.06280342832112532
295,310,0.07731429583424318
296,251,0.0706960174083942
296,385,0.1744957099769747
296,481,0.06227732309195509
296,599,0.06324559474634993
296,658,0.13857896365179234
296,662,0.06952607109188984
296,794,0.05755952379208735
298,146,0.08571814708084716
298,280,0.1437600361712243
298,553,0.13776704811804566
298,809,0.19729061283577998
299,150,0.13769922915077135
299,319,0.07326127763012533
299,493,0.2017073570985779
299,539,0.05336268053972725
299,659,0.07700026898802138
301,943,0.16667743761496975
302,34,0.1842500316245445
302,708,0.12412818888095772
303,227,0.0924718795146897
303,406,0.0701420245006152
305,429,0.0980201754782397
306,50,0.08971083310560926
306,174,0.3169627566553344
306,252,0.052084511952931366
306,383,0.19394036058362446
307,144,0.14032714088072057
307,208,0.07420995018698567
307,483,0.09994854288309026
307,608,0.18384755525462376
307,698,0.05505961617905978
307,849,0.13655781718607643
307,906,0.11154513680926975
307,913,0.19291396931247848
308,328,0.19563081553153247
308,973,0.05903880358492992
309,602,0.1453274271792348
309,607,0.07081883083449869
311,41,0.09634182872572103
311,489,0.20511692859719535
311,822,0.1259586840026341
311,830,0.06655050975993053
312,672,0.08025634952510305
313,384,0.14116838633571288
313,716,0.18464317458770058
314,395,0.2677881490270055
316,796,0.09660360365001412
317,79,0.2178105818098478
317,526,0.11284904864583398
318,235,0.06603958552757735
318,701,0.06548468938395836
319,565,0.05030585269079739
319,878,0.15034659315528467
319,893,0.16275442714973481
320,89,0.14723846486690012
320,301,0.16586961470097195
320,518,0.052574210517685
321,29,0.05847010676969302
321,521,0.18969813599791793
321,753,0.17866530610639642
322,70,0.05172945970259115
324,447,0.18307632590237868
324,628,0.17665244807037536
324,807,0.19195769297068113
326,280,0.15459142740195725
326,700,0.17140222269488017
326,811,0.15424586346787242
327,940,0.1800007669044785
328,31,0.05002607455141154
328,973,0.17089315722676712
330,72,0.06365806655569849
330,402,0.09296457345542919
331,467,0.15729304213038772
331,904,0.08957417187629421
331,956,0.0997626950155206
333,395,0.05989108785719273
335,29,0.06329756575314326
335,220,0.1590147347275884
335,288,0.0854081926918421
335,855,0.10796029020934997
335,994,0.09527244670586542
336,34,0.1595045267807504
336,494,0.1673214182735924
336,515,0.06863394061379983
336,743,0.08845449699402853
337,457,0.06798682168268605
337,691,0.05074719339062333
337,696,1.0003798890246787
338,106,0.09424319985253014
338,141,0.055980643292838535
338,167,0.11821107529593862
338,988,0.05498001039037998
339,91,0.10161229781897467
339,951,0.09739755221387884
340,111,0.05176248337846931
340,194,0.06105863075249309
340,446,0.19535177997529246
340,566,0.24405448176045194
340,652,0.18893640027682912
341,673,0.06811956385870993
341,833,0.07683866553135837
342,315,0.06927258730482891
342,624,0.07667371154680763
342,782,0.05858477674636631
343,621,0.053052941318864295
343,953,0.059054169627651566
344,70,0.1490164820440183
344,922,0.08451514147615224
345,128,0.0598678059493812
345,251,0.05555301168042046
347,103,0.15773989738334682
348,269,0.05884859102329148
350,422,0.10351051307464727
350,916,0.10722335654202211
351,452,0.17133342642961294
351,760,0.2718429218094629
353,4,0.050021861617830475
353,624,0.051453437949975644
354,147,0.0636308899261524
354,216,0.15870239998869667
354,462,0.05829585846256902
354,777,0.056308921443686065
354,853,0.07517490823812613
354,926,0.11071044266785637
356,202,0.9866822866063856
357,368,0.052061801597100006
357,797,0.05799697183663945
359,55,0.07777718610841168
360,154,0.17874186612256499
360,245,0.1140136515105476
360,474,0.05993957847171306
362,86,0.11378647587578715
362,158,0.09176866389366996
362,675,0.07415550007902064
363,98,0.20911185944936253
363,750,0.21828013343376707
363,968,0.21875958252023495
365,97,0.051727316173643165
365,208,0.05001795693282465
367,286,0.06295685013572806
368,620,0.0770080548809992
369,311,0.12328841108600004
369,481,0.06314193899868956
369,901,0.16377539670597305
370,433,0.13727265695005725
370,496,0.20883865896947737
370,673,0.07747069617820267
370,844,0.09723482257803424
371,313,0.14463027129864975
371,315,0.09834593692989711
371,399,0.06798692927296252
371,554,0.05808832992760771
371,562,0.06941874032214686
371,616,0.08465151084425597
371,767,0.23873982680826805
371,933,0.24965160222139407
373,138,0.06612023062702271
373,152,0.09394097065745584
373,689,0.08611231996189624
375,146,0.12865993003404627
375,225,0.18759115921971578
375,885,0.05409134150638421
375,939,0.07532597461955932
376,262,0.05486276774420186
376,697,0.06202671814987722
377,222,0.07998176117374106
377,812,0.10334602793574603
378,445,0.11822361461234343
378,557,0.1141271148916435
378,996,0.14401657765120968
379,108,0.06647509454817185
381,652,0.05990590690080194
381,752,0.057260681053200174
382,209,0.06288421534985078
383,387,0.07997142860030265
383,457,0.0665577180811631
383,541,0.05283443409366485
383,693,0.0694685824407824
384,90,0.05941615279433725
384,314,0.14087318917611572
384,395,0.30162869616305577
384,662,0.1216400353240758
385,132,0.47435494124979477
387,310,0.15688071812484022
388,311,0.13603484127331372
390,101,0.22578534877086512
390,351,0.23508844491168268
390,760,0.05652106400317595
391,78,0.2674228481838445
391,317,0.20663651206680952
393,453,0.08649759381484722
393,761,0.4944643415497053
396,256,0.06615544658270392
396,501,0.051759718729397164
396,837,0.07162071835815975
397,299,0.07299008909338962
397,432,0.2279715172515652
397,605,0.16423922138234795
397,751,0.179520754399694
398,580,0.05451964068003862
400,711,0.06582368777900531
400,937,0.05694478416570824
401,36,0.6279866658494299
401,268,0.06066119036977555
401,303,0.1486388214196688
402,182,0.1160754668082
402,992,0.14706946508163177
404,630,0.10818912106016706
405,236,0.07260660345271466
406,222,0.1916639028211008
406,377,0.296990807829261
406,590,0.0838272733667888
406,812,0.20354841708664892
406,910,0.10890042407050401
407,486,0.06927116046047564
407,502,0.0808197387347972
408,55,0.11919844449616152
408,103,0.1238019435958702
408,347,0.05804320518115375
408,698,0.05550390448615224
409,232,0.0915569052946211
409,636,0.12761215108984336
409,858,0.08001212713499209
410,633,0.1004374533659906
412,5,0.11923549925663848
412,22,0.08924590386092476
412,133,0.9383063737790477
413,146,0.2041807966732176
413,298,0.08174972548359999
414,339,0.05185674431570941
415,459,0.254684454257022
416,597,0.07031040706460107
417,135,0.1373427572534829
417,324,0.05187276984793354
419,55,0.06152804053638263
419,139,0.07672867615264059
419,497,0.15375196470102598
420,2,0.06676061794861145
420,629,0.07126303993985338
420,739,0.0773405692901717
420,784,0.18651205448282598
421,55,0.06643942577032273
421,56,0.13298271404862985
421,745,0.16577940287215076
421,861,0.14217686667500834
421,868,0.11643473534530263
421,952,0.05268653526389777
423,528,0.14627189595837614
423,577,0.16963613762116422
423,674,0.06794205728834368
423,959,0.08923434377256013
423,980,0.10609683336657875
424,390,0.11583206684060263
425,60,0.1356266198825239
426,178,0.06756772828270498
428,151,0.10283039770298681
428,194,0.1398224910354711
432,513,0.12625405597466666
432,605,0.05940420828274367
433,267,0.14418501448287988
434,294,0.06750813622665407
434,663,0.06284698130605647
435,20,0.07175615455184364
435,68,0.2018666897668385
435,202,0.06727141861474824
435,287,0.06305850144268262
435,523,0.09262001046516467
436,638,0.056863964072880656
437,406,0.06314225187786397
437,448,0.05663970165754324
437,580,0.07707910130706398
437,982,0.055762630186492274
438,873,0.13170661742809622
440,110,0.15178911014448454
441,275,0.06891643401121648
441,359,0.9934083278306135
442,326,0.05777426915171495
442,555,0.13896414688405745
442,585,0.05986446257665559
442,988,0.19245094153908657
443,120,0.05588596749138746
443,549,0.05875919015739548
444,492,0.07235125228539148
444,534,0.06258601704511063
444,696,0.058768380270425025
444,719,0.0641992098621294
444,894,0.08644415129983844
445,575,0.1362148200838897
447,279,0.1337640947987727
447,332,0.10971914162674758
448,776,0.08707708178819847
452,423,0.315770054487474
452,577,0.05936545205377494
452,674,0.13278841031213884
452,959,0.24209009692394168
453,137,0.1008903735202096
453,375,0.06379297699256581
453,793,0.07896056935167776
454,165,0.08487605551688931
456,28,0.07927228868528398
456,412,0.08812144647876338
458,10,0.06622904124536053
458,413,0.08625677010834835
458,689,0.052287304460628264
460,88,0.15874166831052536
460,553,0.10568466004632704
460,926,0.06103129994439366
461,793,0.1483972655113194
462,531,0.07399487344934186
464,131,0.09776723556197953
465,83,0.1689658991130468
465,475,0.051978050825220216
465,502,0.09119597898435748
465,519,0.06042740852568493
466,323,0.05357585719964231
466,951,0.06539492866005385
467,60,0.09273370203068673
467,579,0.051651992993119754
467,904,0.19183614805695356
468,801,0.056537069642105316
469,710,0.05083239300860419
470,488,0.0739800155915719
470,649,0.278673444517077
471,264,0.06732138805155943
472,143,0.07784894283800517
472,373,0.05131423466810594
472,805,0.07919738790625638
473,191,0.19402670084423868
473,528,0.11460097309216187
473,916,0.24711049405339416
474,105,0.210504642924471
474,114,0.06438161282664397
474,483,0.22368126643753294
475,83,0.23055079959001537
476,152,0.08899959310469963
476,369,0.09032211096624233
477,178,0.1183143571585862
477,186,0.16795247104590386
477,191,0.16058156204161597
477,656,0.11353598694383436
478,117,0.088026251437049
478,240,0.08074334482170441
478,543,0.08832627070521953
478,679,0.09850907316214663
478,836,0.15020573771311133
479,26,0.17625695945649472
479,293,0.1254410531386478
479,834,0.0920897262844913
480,15,0.16976497993130268
480,52,0.1570426772466878
480,287,0.17436271214418822
480,309,0.09963873584365
480,530,0.17833382259942962
481,474,0.24590287554724477
483,114,0.26296784189510725
483,156,0.16740589431132422
483,203,0.07097159056332382
483,284,0.059974394971920655
483,758,0.21699430019524318
485,55,0.16415785505727412
485,60,0.20027790630881592
485,284,0.23527523985704984
485,327,0.05364385777310428
485,419,0.18614729758947635
486,33,0.22370677425780225
486,40,0.06464153943117198
486,150,0.12920299421123924
486,363,0.16212643823085862
486,407,0.07127034045546428
486,522,0.21890003446765846
486,983,0.23591154304277992
487,544,0.05715432095183602
487,596,0.1896059162981352
487,695,0.053986622125971585
488,113,0.13842433595726236
488,171,0.2618918745930465
489,830,0.1510213786802105
490,66,0.11975493709007462
490,774,0.055631748900659965
490,794,0.15264715903337148
492,219,0.09922473897310134
492,955,0.17843214835172688
493,150,0.051271326815279024
493,319,0.12650974475798857
493,659,0.11720987635405467
494,515,0.21076860750489426
494,572,0.05964112686391159
494,610,0.0815927363193045
494,967,0.14846383340470926
494,972,0.0949813311211329
496,433,0.07543930833183607
496,673,0.09786471150089904
496,844,0.054291590168939544
497,430,0.1114018957094284
498,926,0.07274413885551015
499,285,0.062941063955612
500,119,0.10510347092737685
500,576,0.06127357419050807
500,679,0.08374091017003142
502,602,0.19041100845646794
502,820,0.16157376334679854
502,827,0.12472814371480002
502,907,0.12180562727039322
503,389,0.057403496713484305
503,463,0.08884080718068092
503,506,0.08236285855606196
503,533,0.09873878356950581
504,142,0.16028131679707672
504,671,0.06181644669763211
505,181,0.05189999395691597
505,622,0.2157406022358683
505,884,0.13348346825361795
505,935,0.08298791280943389
505,994,0.19156645937722128
506,275,0.08435174378190836
507,463,0.16113832387783605
508,893,0.05936545363379788
509,739,0.16915844398806532
510,60,0.10234932589270884
510,985,0.183786185509635
511,426,0.1997866332377308
513,110,0.06406987910546137
513,288,0.10312951123900244
514,395,0.1945485145969634
514,910,0.05630849556074222
515,610,0.1351890965415109
515,743,0.05483668345377169
515,967,0.16866890484397953
515,972,0.056137725247511525
517,33,0.05496537345989146
517,597,0.05437221090992528
518,110,0.11664130416466197
518,513,0.14481052582570972
518,642,0.06880805300654216
518,730,0.10875002926226869
518,778,0.063901130698218
519,83,0.2440870489782571
521,88,0.058802159466710406
521,164,0.17971565642932363
521,187,0.2191194128361945
521,791,0.2344971988764001
523,52,0.15559256345667624
523,326,0.1831534048190146
523,347,0.19429213782738985
523,442,0.17005949076638915
523,917,0.17032414826746906
524,173,0.06313554875537203
524,283,0.16153744768070372
524,590,0.11130209460487697
524,908,0.07044545879519142
525,208,0.05874538146436044
525,267,0.060918560257235015
525,612,0.06504398271015363
526,351,0.22048324342138403
527,177,0.23449862396327328
527,315,0.06324293606000139
527,674,0.06703412689624537
527,835,0.06394668290992421
527,994,0.12267458513699052
528,425,0.05879804015371148
528,638,0.21807727260854104
528,759,0.05643475366201856
528,777,0.18536386749753456
528,918,0.05763512768084344
528,999,0.23271406806230488
529,468,0.062453868717606
530,401,0.30832037305573173
531,181,0.11006845831418259
531,532,0.18081933985611634
531,627,0.13044353787981025
531,811,0.07049013520866937
532,181,0.05571797836528062
532,811,0.1212803572765723
533,15,0.06629354749063264
533,599,0.0755099434392002
533,760,0.09750616534986917
533,953,0.0855370905397347
534,223,0.17012107029489842
534,370,0.19596003816914284
534,673,0.12561998832476146
534,696,0.06797948204415027
534,959,0.05326963367206951
535,245,0.05384345882182106
535,324,0.47883622357278594
535,737,0.0738991286603355
536,731,0.07464569928637413
536,844,0.15609626810446875
537,528,0.057480832989722605
538,234,0.07254287757590924
539,190,0.2045671565756572
539,371,0.054139825485728765
539,616,0.07044671369539411
540,181,0.059364501346389154
541,63,0.15308428537237145
541,481,0.06031369093028183
541,497,0.07262783175867753
541,802,0.05046425348277204
541,922,0.13643132619281725
543,240,0.056902368151393504
543,487,0.16694983286722648
543,500,0.06699586112371052
543,550,0.13412719688919736
543,576,0.06219316380796574
543,596,0.054171416713636296
543,709,0.14876437919692947
544,147,0.18331724930638368
544,216,0.05072070782182268
544,354,0.20996581102426676
544,462,0.0511180363389147
544,853,0.19120817667895618
545,852,0.15967247396069115
546,349,0.07601628032385352
546,603,0.4995344285974834
546,855,0.9947601302123408
548,437,0.06521691703341066
548,681,0.06691532763606024
549,755,0.10796403726393625
550,604,0.14295065861451467
550,730,0.05941863793643179
550,851,0.17265925460582646
550,998,0.05979707491802473
551,150,0.05928072517860715
552,89,0.09269684028212659
553,886,0.1091032070914635
554,763,0.1689645342297515
554,799,0.053793780286794914
557,576,0.08853830670741836
558,134,0.11242952781726896
558,299,0.11305093967074496
558,509,0.08570402246318454
558,549,0.18596965562564854
559,99,0.22640944498427767
559,242,0.09869821048161179
559,364,0.09831781398808448
559,397,0.14982782218477508
559,979,0.12652910523546906
561,623,0.0965702468029338
561,738,0.056114614483265345
562,406,0.240985448835005
563,132,0.49282299126636697
563,385,0.05988318085752332
563,972,0.07893454612377793
564,234,0.06313406623135213
565,507,0.08469860225654552
565,657,0.12962968455994517
566,194,0.1325958127755117
566,446,0.09616740726780021
566,652,0.06864297484060211
567,470,0.29746201024501057
567,488,0.2918087880111411
568,261,0.08607304087817796
568,478,0.0740746705271936
569,56,0.06817872147099302
569,599,0.05380148985711618
569,667,0.21111583240807016
569,888,0.3396109386535476
570,849,0.191690450421085
571,732,0.06489288213925389
572,536,0.22688991184958424
572,844,0.07008756042108606
573,668,0.06044601150123641
575,56,0.05946233696297153
575,421,0.22382909816963462
575,745,0.06445205558816614
575,861,0.05401186285757453
575,871,0.10805828438603735
575,952,0.18383602102051272
577,404,0.06473144368410007
578,523,0.05285347258893689
579,409,0.0906800004167265
580,207,0.103410966281775
580,406,0.11477684146135159
580,982,0.12724745896802228
581,33,0.051257484513624336
581,407,0.2724516199774044
581,486,0.23875748133017302
582,97,0.056386154288039295
582,615,0.06968918191795687
582,734,0.17609549175751496
582,791,0.15533355239207375
583,99,0.07377985442783869
583,369,0.06984515820482468
583,404,0.11500832296778818
584,772,0.05562872091006349
584,888,0.058261894407066014
586,911,0.1494468418753927
587,991,0.06605021310024076
588,363,0.1994028626842368
589,860,0.05944306031146
591,384,0.06551166654243103
591,395,0.3324847771087533
592,247,0.1623816815855386
592,514,0.0638173009014142
592,631,0.0545024365522727
592,964,0.0597563377107644
593,858,0.18611062189719485
594,349,0.09799021483611194
594,407,0.06580748736410448
594,581,0.08658356006452679
594,823,0.06324487693789022
594,858,0.08917450153412582
594,953,0.19545087983701845
595,517,0.06364965389163667
595,628,0.07284325439258799
596,293,0.1141476756141697
596,544,0.16882564809730533
596,695,0.16218541641449732
597,54,0.1652842810950666
597,108,0.11433169646864151
597,210,0.14042135870845543
597,429,0.074269157462241
597,483,0.13749586240994272
597,768,0.06346159999112062
598,88,0.9333141450109229
598,492,0.05099290670900139
598,831,0.07613261143010662
599,31,0.2839822901862902
599,553,0.2787138634377632
599,886,0.12553295855291802
600,699,0.10875459772131055
601,320,0.20071937781055196
602,262,0.24410044575557466
602,560,0.05334743009469817
602,687,0.24864751044299996
603,336,0.07952701678956753
603,907,0.10557814963896424
604,790,0.20439250692371308
605,62,0.11918122468548811
605,128,0.06603642247956046
605,247,0.054183206068708294
605,461,0.13537645884076777
606,480,0.20432515374646038
606,884,0.09436691590059314
607,159,0.0785497497768935
607,729,0.11961465082424097
607,844,0.06335439487432629
608,55,0.07634654002036247
608,103,0.06027292130981205
608,347,0.11090121776969449
608,408,0.17234009940465828
608,698,0.18976694141084108
609,109,0.07866983179990919
609,222,0.05523356015329493
609,586,0.06286330093096645
610,35,0.0590617169972024
610,910,0.13650938264304804
611,32,0.15274911422073065
611,389,0.13083837408198715
611,545,0.1425037986866182
612,72,0.17275409154562424
612,554,0.05926571967869535
613,27,0.1542521617743859
613,750,0.05903864349328174
614,624,0.15135175899281655
615,186,0.13774734045230438
615,481,0.05540155653780083
615,547,0.06293690721339902
615,712,0.14957440759669985
615,958,0.05377568788359675
616,60,0.1097564287757369
617,604,0.059071432853549856
619,316,0.13392252613705527
620,203,0.08213645462593198
620,398,0.13105850806849434
620,580,0.13022543544048779
620,903,0.15585853164943012
621,152,0.14088570663540542
621,821,0.17777174288422945
621,829,0.15095087426216228
621,864,0.14896806936590257
622,121,0.0739643406970755
622,181,0.13435091683496914
622,935,0.17417245539292867
623,211,0.05334326833867889
624,54,0.05079873853863974
624,210,0.05821443046473314
624,416,0.22356765249651467
624,483,0.08110096528528148
624,597,0.2014769871495543
625,494,0.10210170720049257
625,651,0.17049443615471993
625,822,0.05826969629815108
626,234,0.13936197566073494
627,23,0.12426825915794604
627,149,0.05466271963939683
627,998,0.17177306828047006
628,64,0.16554369180793252
628,65,0.17390163001705897
628,308,0.11381340445950859
628,315,0.05591432746955996
628,349,0.05687504692757181
628,873,0.09452986127889802
629,778,0.11460763519607556
629,926,0.10499284526183639
630,679,0.13748897247237438
631,108,0.16837022615652633
631,512,0.15807062759556906
632,768,0.17609723140920136
633,244,0.10327218394674259
633,924,0.13964382247547502
634,149,0.05713839761633889
634,507,0.08922783248834747
634,565,0.16809178440183828
634,647,0.121420075819405
634,976,0.15752374672417757
636,212,0.06346895991687762
636,624,0.06516512849010034
636,731,0.07757156406110673
636,732,0.054590057632492944
638,425,0.1673982431851551
638,777,0.05924584748362175
638,999,0.07178610502286169
639,532,0.06158783075543986
639,994,0.06673008321484976
640,336,0.12458197208432763
640,507,0.17673906504128062
640,743,0.08089023326703108
640,943,0.0723855588046715
641,94,0.05649159205010895
642,677,0.10384190962337084
642,746,0.2523381764333824
643,201,0.11568053628409208
643,410,0.10479159888175854
643,951,0.12920791994349942
644,6,0.06725464421344994
644,888,0.05434620543237179
646,485,0.06188294039894723
646,529,0.08262526523446595
646,935,0.0711389640250417
647,71,0.07935635158239489
647,148,0.11220743336381554
647,363,0.07597849821396127
647,431,0.104295998594663
648,9,0.08683581552639281
648,153,0.1570925072909966
648,775,0.20921038975156514
648,850,0.15832297890499772
649,161,0.11082251703914646
649,270,0.1667363583803597
650,157,0.10266412216223555
650,374,0.11261022931686451
650,820,0.0668120841428152
651,245,0.10441008703224114
651,260,0.16614001075815593
651,371,0.053148513364843206
651,822,0.20422223360381592
652,111,0.24026872524972656
653,673,0.1037936050544563
653,817,0.14386578307534328
654,139,0.10103428231740715
654,317,0.06032830621202891
654,921,0.05042747422818673
655,165,0.13558375368548417
655,340,0.05351317402452181
655,497,0.14571843963833014
656,210,0.11394359625203082
656,763,0.071010699077332
657,221,0.091229006369963
657,854,0.19228964288981423
657,984,0.05499249761027481
658,477,0.10982840526795613
658,567,0.15980470155366897
659,127,0.1729873822742464
659,228,0.11363511451976815
660,19,0.06394746221381638
660,177,0.23278014972294175
660,527,0.3279664534678578
660,750,0.06905569429663845
660,994,0.11605717219751922
661,568,0.08746459749020984
661,614,0.08365821839588879
662,119,0.14287564025946306
662,178,0.17062024326141287
662,388,0.08759043493493754
662,754,0.17397623809751403
662,833,0.11880644332025986
663,275,0.10874206517976004
663,501,0.06868815020756797
663,748,0.10267245518769795
664,122,0.199236592682136
664,651,0.17036256941116443
665,26,0.11686978708492823
665,445,0.12468046273280135
666,510,0.18818576889021296
666,985,0.05096391688283996
667,56,0.05873387174159469
667,149,0.12161527966722861
667,747,0.20890291862669583
667,888,0.1333200564508858
668,21,0.07164190433846084
668,940,0.07389146306903346
669,334,0.05232114302716309
669,554,0.059746938627718335
670,867,0.08687040080541071
671,66,0.05201023405221757
671,135,0.06374541753544491
671,504,0.05455884802519249
671,690,0.11874841311135784
671,796,0.05791096287538333
671,839,0.17854042359433836
672,312,0.06507784320472008
673,851,0.16174731751667354
674,184,0.051796599550487855
674,806,0.10699206843508881
675,165,0.11182666018793906
676,575,0.07197747111541127
676,722,0.08881267723855756
676,770,0.11083769223176734
677,6,0.1080388112967859
677,117,0.15441958826104957
677,611,0.13768779501174241
677,670,0.059732668679820855
677,932,0.19465952026887692
678,214,0.17799916749949002
678,363,0.054532416547432544
678,602,0.20927434062464287
678,936,0.091617801930607
680,153,0.11273944194299922
680,657,0.11120280991994483
681,44,0.0609873343044793
682,110,0.07707400364975378
683,363,0.11235853558112349
684,16,0.05517021116847852
684,390,0.05997893403826782
684,631,0.05733867939763714
685,857,0.06639991127367131
686,995,0.057260393379263745
687,262,0.07987955127385149
687,479,0.1334789371503479
687,492,0.06657010598222186
687,544,0.1644508888400315
687,560,0.21473852509953312
687,894,0.0574577627193342
689,193,0.2504696626005727
689,504,0.06939317119571567
689,512,0.059598905098903185
689,691,0.27234323735047206
690,782,0.13770460794714023
691,193,0.07483587128266221
691,504,0.22063916379058512
691,671,0.19173849821898492
691,922,0.11605325162624194
692,50,0.059869343367911255
692,445,0.0507525315755335
694,37,0.10335897065930946
694,329,0.07227185387906881
694,710,0.061599907069238374
694,917,0.07127087674304129
695,558,0.15168541664358
696,534,0.06969531848629616
696,953,0.08295037385659738
696,959,0.06944797017075034
698,103,0.10233748650973312
698,212,0.059603415119290605
698,700,0.05193852230907511
698,766,0.15255832120302798
701,887,0.05007246387648927
703,428,0.0586044516302812
704,158,0.08281653500950263
704,378,0.15342980661269776
704,445,0.05166654597007082
705,421,0.06680778576251521
707,283,0.05912604432673661
708,34,0.19192043288431673
709,119,0.053166279360622244
709,500,0.1806453316294673
709,576,0.16677011491905527
709,679,0.06960397669187066
710,37,0.06391920258008171
710,633,0.11240456667520113
710,809,0.08605688324096424
710,924,0.06186541014170883
711,676,0.14442040139248424
711,726,0.1332665336469861
711,770,0.0536552125805028
711,981,0.4003235106643429
712,240,0.15451102124025698
712,442,0.11706712578204069
712,487,0.06495397034533663
712,543,0.18171664783634642
712,709,0.13532701546534026
713,916,0.07686289977792711
713,992,0.07420962343186144
714,32,0.08292734672628442
714,498,0.10500930678349096
714,626,0.09921626014308432
714,924,0.08829798777261615
716,347,0.35911763845226086
717,162,0.10415088742808881
717,783,0.10225047838223238
719,139,0.09804083225231053
719,485,0.0763527252996131
719,718,0.11567019219286297
719,782,0.09750403183437707
719,925,0.20912616447024385
720,132,0.059744559441047264
721,14,0.05408864438396353
721,642,0.10354201391922342
721,898,0.0516067689215982
722,97,0.08882149085090506
722,369,0.08497484953824982
724,815,0.1495810869191172
724,888,0.15498875360638711
725,109,0.15733141680366416
725,222,0.1229791757384057
725,609,0.20380910256339477
726,320,0.11284526797201581
727,778,0.11766165662006313
727,873,0.1302594914173721
727,926,0.050956493978455676
728,574,0.15590833305609705
728,877,0.14292405676604564
728,965,0.13738210351948485
729,440,0.07834427587817935
730,110,0.14640466956999398
730,362,0.10522599739363941
730,682,0.12736449798205354
731,349,0.056598217830292695
731,627,0.0817049446408024
731,977,0.15570440612105385
732,56,0.07596354400520777
732,339,0.09927095085874375
732,546,0.07336881924643097
733,584,0.0711267019242483
734,41,0.08451464848524054
734,186,0.08461234410762168
734,411,0.08505535375354574
734,481,0.06729481344723247
734,547,0.12553858906100296
734,615,0.21034297387758547
734,712,0.09086433114114388
735,247,0.16614262388368412
735,467,0.05201894573610495
735,514,0.0596395355846296
735,592,0.0800382344619081
735,631,0.05235737390692391
735,800,0.06451007337600567
735,964,0.05311534983528488
736,656,0.059231356838836374
737,245,0.17801399231553128
737,535,0.11377629531530854
738,364,0.2040534181817217
738,630,0.05453084621097577
738,724,0.15467560152986826
738,914,0.07520165279822347
738,930,0.09922696493688392
739,984,0.12700046752685312
740,862,0.06786378117027113
741,875,0.05763599503713913
742,706,0.0587598448936179
743,143,0.14010327789236252
743,201,0.06673592376530936
743,256,0.1846144818050032
744,647,0.05998143387798381
745,157,0.06467389243569155
745,266,0.1326022812787624
745,315,0.09488633449912534
745,374,0.05185172760134885
745,650,0.13862701785997864
746,677,0.19931280291652026
746,689,0.08293726585015672
746,932,0.05548448777770337
747,491,0.15593314980489142
747,510,0.13535105123161206
747,621,0.15384257793180506
748,57,0.07279612212637354
748,161,0.05179198309373505
749,112,0.0794041085568952
749,148,0.07793961562180927
749,199,0.06363658399877158
749,315,0.11956722934750369
749,813,0.06246685394766952
750,177,0.16497520723662143
750,527,0.23165406703314637
750,994,0.05262089148663553
751,140,0.224874543803547
751,150,0.07029037988534168
751,402,0.12520049526478352
751,507,0.05246190220009987
751,927,0.19183569085761418
753,42,0.11050308589126911
753,47,0.1791237054810194
753,231,0.16785755667321248
753,727,0.1256167303747687
753,926,0.13162098841867304
754,372,0.16977281919831175
754,717,0.08129623801843996
754,833,0.27981522547152116
756,88,0.07548919235404215
756,665,0.07565278557045434
757,260,0.1121858657748229
758,156,0.06055070074058091
758,203,0.05489127434129486
758,284,0.14755973393079214
759,193,0.10207815957868703
759,214,0.08949916926715909
759,523,0.1567302001856937
759,618,0.12186214695648173
761,561,0.06675565870190962
761,979,0.06527148302202625
762,185,0.06427601725473912
762,536,0.05673232416539235
762,633,0.061003384426651985
762,869,0.06729535262089884
763,799,0.14476224730958223
764,164,0.05336972102001995
764,620,0.6045443565506118
764,634,0.12441157359224843
764,711,0.152494565986548
765,117,0.0668635985346663
766,212,0.12847298457276407
766,700,0.12659897619511856
766,721,0.050633088509200674
766,782,0.06644702830480967
766,801,0.11198280752939975
767,313,0.05500323545789268
767,562,0.1423137180710933
767,616,0.14501421854445845
767,933,0.0753717916815164
768,247,0.051891231395117275
768,261,0.17743656867413882
769,573,0.13876823295320923
769,668,0.08429752236170579
769,971,0.08822137958992549
771,165,0.0545315824091626
771,340,0.18463795348072365
771,497,0.06486371821216914
771,655,0.23399840928002352
771,971,0.17526026394854438
773,104,0.05930007059984843
773,593,0.05612372809167006
774,361,0.06350453807447216
775,9,0.10902694877491761
775,153,0.18838788463954
775,850,0.08571540792421806
777,13,0.16313875814464723
777,113,0.18615548292802778
777,214,0.050382594424421626
778,570,0.9080812190534342
779,163,0.06737625858948543
780,99,0.18520513499099764
780,159,0.06773960137158054
780,397,0.0511063020270721
780,559,0.24388656075057905
781,131,0.05882174560282801
782,13,0.09083344920529074
782,349,0.1839677341739299
782,407,0.050730450042782836
782,486,0.056450161272948815
782,581,0.2456083213320915
782,594,0.2957896500542778
782,858,0.17542698592030512
782,953,0.09905345821851731
783,245,0.15591088025649227
783,284,0.05210339447985874
783,492,0.16001784241639716
783,598,0.20006621241416736
783,831,0.2155414569419191
784,629,0.143271736176863
784,739,0.13990879241826387
784,984,0.054323894358176875
785,897,0.06784251197900198
787,357,0.05579704776262705
787,731,0.05716783262846739
790,840,0.24342881643535608
791,568,0.05864624089433958
791,951,0.10945671837969442
792,178,0.06563115783447583
792,557,0.06774503274381402
793,151,0.21347933118525217
793,194,0.06780141437801401
793,428,0.22588546557556682
793,714,0.10040102054400372
794,312,0.05891062058466973
794,672,0.05074750850503545
794,993,0.2604152202856834
796,522,0.10759753097228386
797,809,0.19424120627125502
797,844,0.05872188013473493
798,71,0.060189104491854016
798,285,0.09550570840206682
798,499,0.655714294756238
799,743,0.9687642236031951
799,760,0.08782978691549644
800,59,0.06936922474232973
800,257,0.07393318203958248
800,305,0.07919962329926955
802,497,0.057084857346498534
802,610,0.2822913257672753
802,910,0.1536781544834321
803,307,0.05130483039361967
803,553,0.07374148565226138
804,208,0.05126447061741643
804,525,0.08659623139211443
804,612,0.05405945845903975
805,294,0.06602268614881039
805,581,0.05993521093800135
806,178,0.21326951049216508
807,778,0.11653673432002748
808,166,0.08115503239191267
809,146,0.07880838815857201
811,10,0.1426120020288492
811,109,0.05844865132146116
812,222,0.06503994017527746
812,321,0.11499619805407683
812,377,0.061773556046907006
812,672,0.09369842416254584
815,487,0.14317281968418394
815,596,0.06141134353457804
816,48,0.10127879042320646
816,188,0.12678417892096183
816,545,0.0552468128773913
817,673,0.07562869317876646
819,115,0.08254976432837198
819,132,0.05815707545913554
819,142,0.07078391242044792
819,523,0.0910890440394059
820,530,0.11130973933965987
820,780,0.2108795093975267
820,866,0.16660629550026818
821,139,0.05304398052176162
821,606,0.13136807450037946
821,654,0.17828368775394812
822,371,0.14631998125479384
822,652,0.162371524211712
822,859,0.14232531024579603
823,101,0.13394816769330425
823,305,0.14836897854926018
823,439,0.13964688200226258
824,156,0.12611753646468962
824,648,0.14296165975170505
826,111,0.16052025111506266
826,485,0.05253541708627422
826,677,0.06964456309982693
829,821,0.05098557825923888
830,689,0.0657438246135339
831,224,0.07835599851956732
831,598,0.05423838628036279
833,372,0.30841789167220174
834,230,0.9006169243780302
834,307,0.09498794371432084
834,440,0.22089708405127345
835,341,0.09539436446280411
835,606,0.07134300517477986
836,14,0.07163805755749
836,379,0.05010085000849545
837,138,0.11854687451055425
837,930,0.0925949544700766
838,34,0.17379740870740815
838,307,0.10772522481577243
838,336,0.1234255310311971
839,66,0.14225522437449986
839,135,0.19318553370549268
839,796,0.18530904125550987
840,411,0.13681005802856921
841,174,0.051789725540849124
841,977,0.07105001581133535
841,992,0.05717894174786158
842,690,0.10109423775066362
842,908,0.07985418161311965
843,139,0.05246738392398033
843,737,0.05978634161353783
844,262,0.17796810276647604
845,339,0.05400402936795692
845,386,0.05736572103200636
845,732,0.06454163263792895
845,831,0.06705447688669429
846,432,0.06693831564180543
847,212,0.09703855004004198
848,169,0.09847659078355296
849,600,0.20412535997860584
849,689,0.09944713508317184
850,153,0.19933854816662805
850,775,0.05321875309230352
851,20,0.23454088574231385
851,68,0.06282438041871803
851,202,0.22300675444822315
851,287,0.15031666298298638
851,435,0.2362001429239741
851,969,0.06385685281263943
852,469,0.13791621924364403
852,710,0.05516579167433217
853,147,0.06618618598203421
853,462,0.1690274642532053
853,531,0.1266210371522038
854,848,0.12522899629952508
854,880,0.11772322868047107
854,984,0.12664881011504003
855,158,0.18547619393489806
855,603,0.2738463650273978
855,869,0.20827579704600316
857,287,0.06620213226748652
857,461,0.07669567543484111
858,71,0.07833085078451041
858,140,0.08717287894370465
858,601,0.19522706528654768
858,900,0.2461804273193089
858,972,0.05451779754908299
859,485,0.18708989796406406
860,866,0.06629314541997008
861,745,0.05136977271653179
863,763,0.09873275183716232
864,990,0.08959705810818958
866,397,0.10468274880338119
866,727,0.18143652319998924
866,728,0.1304635034380021
867,399,0.08659403180775337
868,309,0.13457797755473186
868,954,0.10857251063301311
869,283,0.14672517490898557
869,573,0.05275330591611492
869,769,0.15660850882795402
870,340,0.059744784003945554
870,961,0.052984671987626554
871,570,0.09822079899534
871,603,0.07162454898255201
873,25,0.21288791951290323
873,166,0.17727769162618406
873,245,0.06897428333905342
873,492,0.054448195418341894
873,558,0.06398687970303266
873,598,0.05133933958839382
873,783,0.20336611776563057
873,831,0.07208426955485643
874,299,0.06715899580447425
877,84,0.13725085729907713
877,149,0.25233999186655526
877,659,0.28028991497757444
878,20,0.14598842452699962
878,194,0.12960259774895866
878,980,0.1840571782675675
879,72,0.051273619819504575
880,308,0.11430722402826753
880,656,0.059319932740004536
880,956,0.12779675613676536
881,439,0.05877165856965582
882,886,0.06149295486901696
882,894,0.06787391895678678
885,375,0.05834502406844564
885,933,0.05834580791371149
886,75,0.062388679283994705
886,252,0.05636821416537388
886,282,0.1875475217308915
886,329,0.05235739544074219
886,615,0.07087560946553265
886,648,0.2508209437579982
886,734,0.20979933315928131
888,31,0.05002387306188499
888,56,0.2585396472888645
888,553,0.07508593812768954
888,599,0.23334901653106682
890,240,0.06054636890884335
890,971,0.05810539857340167
891,939,0.06076255117988172
892,188,0.07108879315342825
892,224,0.08102605697760647
893,192,0.19622671406121858
893,452,0.06625057593022571
893,855,0.17713735561516064
894,444,0.06691131648653632
894,492,0.07115826503531746
894,534,0.2346578882038853
894,696,0.24216512924319322
894,959,0.17016419717558248
895,172,0.05996365530694268
895,515,0.05241032752025965
897,463,0.06185485079638974
898,99,0.0625143239777528
898,457,0.20368865191395494
898,559,0.18384283198765983
899,10,0.07234529767296657
899,464,0.056578555353852714
900,601,0.057974781878887154
900,972,0.21721930432509062
901,481,0.09557009036112751
902,247,0.1356918577921634
902,436,0.09954559526355229
902,447,0.08429661288345944
902,605,0.07037012367779945
902,735,0.05649466357080052
903,398,0.055901024512657924
903,580,0.05057855546497859
904,579,0.10412823761467604
906,234,0.1388099785245886
906,279,0.052856026286661965
906,859,0.10059530083158859
907,572,0.2179282718797375
907,631,0.2183517062450969
908,131,0.09310549592186615
908,555,0.0950928774428793
909,550,0.06869076074119586
909,577,0.13601317533841362
909,866,0.15507474012175002
910,89,0.12989297846241513
910,622,0.07939666970206426
911,302,0.113742510868198
911,454,0.1639642927920192
911,776,0.11996942724822869
912,15,0.05952211373598681
912,962,0.05217526801234171
913,97,0.07043407851145488
913,208,0.19319426496856335
913,365,0.16531990286727885
914,265,0.10310795932527952
914,490,0.17046326810279477
918,339,0.14130192067618944
918,414,0.14320661728588696
918,568,0.10210663857770129
918,759,0.05690093053099812
918,962,0.10419216883846799
919,158,0.0650221885402663
919,817,0.07914721293914573
920,136,0.14906918241782902
920,855,0.11614317775853336
920,951,0.11302704016076462
921,33,0.08318180582478749
921,624,0.9951585379980314
921,738,0.07075127358336808
921,967,0.07079124115974965
922,247,0.16200510697139534
922,273,0.07099145186681823
922,481,0.18352630038638262
922,655,0.05572030773306882
922,771,0.18752643132054883
922,802,0.22101597761460315
923,473,0.059979156245900424
925,139,0.12170020489935839
925,485,0.11112771232795256
925,782,0.07233362143467507
926,245,0.06924652979903016
926,535,0.25574765483019035
926,737,0.35015677863294165
927,140,0.07504261923380262
927,402,0.05623910007653903
927,619,0.1657469000720991
927,642,0.15773166018663104
930,450,0.10020876553343241
930,486,0.1496216382040904
930,581,0.05360417790191827
932,670,0.1638303781195843
933,41,0.1599846295562938
933,198,0.15181787869873217
933,767,0.05460632844189855
934,829,0.05990909955610577
935,743,0.4201910779338298
936,914,0.07843614576613746
937,141,0.05128374949708293
938,120,0.06298934206039573
938,190,0.12439330347265436
938,328,0.16948210642618317
939,553,0.08037567731607267
941,178,0.09542670839027152
941,390,0.1404998393749337
941,824,0.06992266000359991
941,929,0.1481552728948552
941,963,0.18583492519020797
941,978,0.12082869399020661
942,309,0.10235585717260293
942,373,0.11787733746689621
942,512,0.06539483536036624
943,310,0.060820920127672214
943,387,0.15458595360948635
944,14,0.05711545802257858
944,80,0.07293979339192151
946,310,0.059729835148528254
947,86,0.159241668503789
947,255,0.08637817016109092
947,460,0.05316372253388848
947,569,0.16414098056713478
947,674,0.06656757944550494
948,433,0.05100617271693446
948,774,0.05975580191965779
949,475,0.06419313588401278
949,493,0.05468197786538403
949,796,0.0669182071208334
950,77,0.9922661052521219
950,505,0.48676946963952544
950,977,0.9852408094891231
951,95,0.21380198897290034
951,298,0.12722327944351514
952,201,0.2464162022259838
952,569,0.203662557381997
953,823,0.22811818624138797
954,286,0.9814599889534649
954,916,0.05474327385828699
954,967,0.08357828685817521
955,243,0.18138139760018734
956,673,0.1865415233536674
957,151,0.056859212955496244
958,396,0.19380850512137415
958,501,0.07322161316422314
958,837,0.16290789955272172
959,95,0.18372396584248143
960,114,0.06192132139457775
960,424,0.05964540783882004
960,473,0.05902640735728215
960,560,0.055486366686256644
962,263,0.13053286998276425
962,274,0.1274773682083007
962,834,0.0520713809509354
963,569,0.06847215755789361
963,648,0.2358801537354559
963,824,0.12551902594408965
963,886,0.0502624272350084
963,929,0.06756860356371222
963,978,0.056220154019665
966,353,0.06334638403534497
967,209,0.0987170424970538
967,382,0.12546100131255322
968,98,0.05243138995884472
968,321,0.1967174524495354
968,324,0.20036182936052346
968,417,0.15658520132811216
968,521,0.05129547557251231
968,782,0.08459057940044938
968,807,0.06004862647329455
969,668,0.18341903511409474
970,674,0.05993033531775322
970,713,0.05743594230850512
971,911,0.05375654194506206
972,280,0.18512169134573359
973,31,0.2280121479567754
973,604,0.28551882059260214
973,612,0.05318420145458839
974,890,0.06557092583901063
976,149,0.09182095322318112
976,186,0.0853112421024861
976,336,0.06137389640537567
976,507,0.13190300665699123
976,640,0.07946524437593767
977,349,0.14103376140920804
978,23,0.16665345003057963
978,279,0.10966595870065315
978,426,0.060514020160834486
978,511,0.14228443182055428
978,545,0.12332891208909041
978,816,0.15063775010367053
979,57,0.14703059503035387
980,125,0.05214472641370175
980,131,0.22060139354992933
980,781,0.17880722643448266
981,174,0.3052098266175094
981,383,0.17986373700910513
981,782,0.08542070692964296
983,33,0.0932192989428817
983,40,0.07150743409529851
983,150,0.07619858421011956
983,363,0.06415081667412699
983,522,0.08282892092367723
984,16,0.06911741875844035
984,182,0.05395485023428662
984,243,0.18020035824752262
984,613,0.05114810710009064
984,824,0.06926529849487442
985,491,0.07896168618859103
987,626,0.06973582372767981
987,941,0.0726008768100336
988,585,0.20187000572284805
988,827,0.05766606751138057
989,626,0.057552894033690176
989,629,0.09846273685970508
990,59,0.0601312375793646
990,233,0.19709502389469322
990,599,0.12993944578850372
992,91,0.2359456015605874
992,182,0.05814786280058378
992,262,0.054548234353402746
992,602,0.18773254913028792
992,606,0.22439292102425015
993,312,0.2687166153785988
993,672,0.24583337261378801
994,622,0.06635187451007189
995,12,0.11266120732210994
995,315,0.09471498723341046
995,956,0.12501098526120252
996,445,0.06017746128600247
996,557,0.05875326743698938
997,735,0.07429881140824834
999,193,0.051351077041516716
999,214,0.05218643712556484
999,339,0.05567940522476147
999,414,0.05934152505444936
999,523,0.09602734002886927
999,618,0.06447134353654464
999,638,0.06101103191043121
999,759,0.15954660761678047
999,777,0.057087181704818996
999,918,0.15935557675937825
