0,0
1,1
2,2
3,3
4,4
5,5
6,6
7,7
8,8
9,9
10,10
11,11
12,12
13,13
14,14
15,15
16,16
17,17
18,18
19,19
20,20
21,21
22,22
23,23
24,24
25,25
26,26
27,27
28,28
29,29
30,30
31,31
32,32
33,33
34,34
35,35
36,36
37,37
38,38
39,39
40,40
41,41
42,42
43,43
44,44
45,45
46,46
47,47
48,48
49,49
50,50
51,51
52,52
53,53
54,54
55,55
56,56
57,57
58,58
59,59
60,60
61,61
62,62
63,63
64,64
65,65
66,66
67,67
68,68
69,69
70,70
71,71
72,72
73,73
74,74
75,75
76,76
77,77
78,78
79,79
80,80
81,81
82,82
83,83
84,84
85,85
86,86
87,87
88,88
89,89
90,90
91,91
92,92
93,93
94,94
95,95
96,96
97,97
98,98
99,99
100,100
101,101
102,102
103,103
104,104
105,105
106,106
107,107
108,108
109,109
110,110
111,111
112,112
113,113
114,114
115,115
116,116
117,117
118,118
119,119
120,120
121,121
122,122
123,123
124,124
125,125
126,126
127,127
128,128
129,129
130,130
131,131
132,132
133,133
134,134
135,135
136,136
137,137
138,138
139,139
140,140
141,141
142,142
143,143
144,144
145,145
146,146
147,147
148,148
149,149
150,150
151,151
152,152
153,153
154,154
155,155
156,156
157,157
158,158
159,159
160,160
161,161
162,162
163,163
164,164
165,165
166,166
167,167
168,168
169,169
170,170
171,171
172,172
173,173
174,174
175,175
176,176
177,177
178,178
179,179
180,180
181,181
182,182
183,183
184,184
185,185
186,186
187,187
188,188
189,189
190,190
191,191
192,192
193,193
194,194
195,195
196,196
197,197
198,198
199,199
200,200
201,201
202,202
203,203
204,204
205,205
206,206
207,207
208,208
209,209
210,210
211,211
212,212
213,213
214,214
215,215
216,216
217,217
218,218
219,219
220,220
221,221
222,222
223,223
224,224
225,225
226,226
227,227
228,228
229,229
230,230
231,231
232,232
233,233
234,234
235,235
236,236
237,237
238,238
239,239
240,240
241,241
242,242
243,243
244,244
245,245
246,246
247,247
248,248
249,249
250,250
251,251
252,252
253,253
254,254
255,255
256,256
257,257
258,258
259,259
260,260
261,261
262,262
263,263
264,264
265,265
266,266
267,267
268,268
269,269
270,270
271,271
272,272
273,273
274,274
275,275
276,276
277,277
278,278
279,279
280,280
281,281
282,282
283,283
284,284
285,285
286,286
287,287
288,288
289,289
290,290
291,291
292,292
293,293
294,294
295,295
296,296
297,297
298,298
299,299
300,300
301,301
302,302
303,303
304,304
305,305
306,306
307,307
308,308
309,309
310,310
311,311
312,312
313,313
314,314
315,315
316,316
317,317
318,318
319,319
320,320
321,321
322,322
323,323
324,324
325,325
326,326
327,327
328,328
329,329
330,330
331,331
332,332
333,333
334,334
335,335
336,336
337,337
338,338
339,339
340,340
341,341
342,342
343,343
344,344
345,345
346,346
347,347
348,348
349,349
350,350
351,351
352,352
353,353
354,354
355,355
356,356
357,357
358,358
359,359
360,360
361,361
362,362
363,363
364,364
365,365
366,366
367,367
368,368
369,369
370,370
371,371
372,372
373,373
374,374
375,375
376,376
377,377
378,378
379,379
380,380
381,381
382,382
383,383
384,384
385,385
386,386
387,387
388,388
389,389
390,390
391,391
392,392
393,393
394,394
395,395
396,396
397,397
398,398
399,399
400,400
401,401
402,402
403,403
404,404
405,405
406,406
407,407
408,408
409,409
410,410
411,411
412,412
413,413
414,414
415,415
416,416
417,417
418,418
419,419
420,420
421,421
422,422
423,423
424,424
425,425
426,426
427,427
428,428
429,429
430,430
431,431
432,432
433,433
434,434
435,435
436,436
437,437
438,438
439,439
440,440
441,441
442,442
443,443
444,444
445,445
446,446
447,447
448,448
449,449
450,450
451,451
452,452
453,453
454,454
455,455
456,456
457,457
458,458
459,459
460,460
461,461
462,462
463,463
464,464
465,465
466,466
467,467
468,468
469,469
470,470
471,471
472,472
473,473
474,474
475,475
476,476
477,477
478,478
479,479
480,480
481,481
482,482
483,483
484,484
485,485
486,486
487,487
488,488
489,489
490,490
491,491
492,492
493,493
494,494
495,495
496,496
497,497
498,498
499,499
500,500
501,501
502,502
503,503
504,504
505,505
506,506
507,507
508,508
509,509
510,510
511,511
512,512
513,513
514,514
515,515
516,516
517,517
518,518
519,519
520,520
521,521
522,522
523,523
524,524
525,525
526,526
527,527
528,528
529,529
530,530
531,531
532,532
533,533
534,534
535,535
536,536
537,537
538,538
539,539
540,540
541,541
542,542
543,543
544,544
545,545
546,546
547,547
548,548
549,549
550,550
551,551
552,552
553,553
554,554
555,555
556,556
557,557
558,558
559,559
560,560
561,561
562,562
563,563
564,564
565,565
566,566
567,567
568,568
569,569
570,570
571,571
572,572
573,573
574,574
575,575
576,576
577,577
578,578
579,579
580,580
581,581
582,582
583,583
584,584
585,585
586,586
587,587
588,588
589,589
590,590
591,591
592,592
593,593
594,594
595,595
596,596
597,597
598,598
599,599
600,600
601,601
602,602
603,603
604,604
605,605
606,606
607,607
608,608
609,609
610,610
611,611
612,612
613,613
614,614
615,615
616,616
617,617
618,618
619,619
620,620
621,621
622,622
623,623
624,624
625,625
626,626
627,627
628,628
629,629
630,630
631,631
632,632
633,633
634,634
635,635
636,636
637,637
638,638
639,639
640,640
641,641
642,642
643,643
644,644
645,645
646,646
647,647
648,648
649,649
650,650
651,651
652,652
653,653
654,654
655,655
656,656
657,657
658,658
659,659
660,660
661,661
662,662
663,663
664,664
665,665
666,666
667,667
668,668
669,669
670,670
671,671
672,672
673,673
674,674
675,675
676,676
677,677
678,678
679,679
680,680
681,681
682,682
683,683
684,684
685,685
686,686
687,687
688,688
689,689
690,690
691,691
692,692
693,693
694,694
695,695
696,696
697,697
698,698
699,699
700,700
701,701
702,702
703,703
704,704
705,705
706,706
707,707
708,708
709,709
710,710
711,711
712,712
713,713
714,714
715,715
716,716
717,717
718,718
719,719
720,720
721,721
722,722
723,723
724,724
725,725
726,726
727,727
728,728
729,729
730,730
731,731
732,732
733,733
734,734
735,735
736,736
737,737
738,738
739,739
740,740
741,741
742,742
743,743
744,744
745,745
746,746
747,747
748,748
749,749
750,750
751,751
752,752
753,753
754,754
755,755
756,756
757,757
758,758
759,759
760,760
761,761
762,762
763,763
764,764
765,765
766,766
767,767
768,768
769,769
770,770
771,771
772,772
773,773
774,774
775,775
776,776
777,777
778,778
779,779
780,780
781,781
782,782
783,783
784,784
785,785
786,786
787,787
788,788
789,789
790,790
791,791
792,792
793,793
794,794
795,795
796,796
797,797
798,798
799,799
800,800
801,801
802,802
803,803
804,804
805,805
806,806
807,807
808,808
809,809
810,810
811,811
812,812
813,813
814,814
815,815
816,816
817,817
818,818
819,819
820,820
821,821
822,822
823,823
824,824
825,825
826,826
827,827
828,828
829,829
830,830
831,831
832,832
833,833
834,834
835,835
836,836
837,837
838,838
839,839
840,840
841,841
842,842
843,843
844,844
845,845
846,846
847,847
848,848
849,849
850,850
851,851
852,852
853,853
854,854
855,855
856,856
857,857
858,858
859,859
860,860
861,861
862,862
863,863
864,864
865,865
866,866
867,867
868,868
869,869
870,870
871,871
872,872
873,873
874,874
875,875
876,876
877,877
878,878
879,879
880,880
881,881
882,882
883,883
884,884
885,885
886,886
887,887
888,888
889,889
890,890
891,891
892,892
893,893
894,894
895,895
896,896
897,897
898,898
899,899
900,900
901,901
902,902
903,903
904,904
905,905
906,906
907,907
908,908
909,909
910,910
911,911
912,912
913,913
914,914
915,915
916,916
917,917
918,918
919,919
920,920
921,921
922,922
923,923
924,924
925,925
926,926
927,927
928,928
929,929
930,930
931,931
932,932
933,933
934,934
935,935
936,936
937,937
938,938
939,939
940,940
941,941
942,942
943,943
944,944
945,945
946,946
947,947
948,948
949,949
950,950
951,951
952,952
953,953
954,954
955,955
956,956
957,957
958,958
959,959
960,960
961,961
962,962
963,963
964,964
965,965
966,966
967,967
968,968
969,969
970,970
971,971
972,972
973,973
974,974
975,975
976,976
977,977
978,978
979,979
980,980
981,981
982,982
983,983
984,984
985,985
986,986
987,987
988,988
989,989
990,990
991,991
992,992
993,993
994,994
995,995
996,996
997,997
998,998
999,999
1000,1000
1001,1001
1002,1002
1003,1003
1004,1004
1005,1005
1006,1006
1007,1007
1008,1008
1009,1009
1010,1010
1011,1011
1012,1012
1013,1013
1014,1014
1015,1015
1016,1016
1017,1017
1018,1018
1019,1019
1020,1020
1021,1021
1022,1022
1023,1023

0,397
1,1009
2,881
2,181
3,670
3,175
3,252
3,247
3,566
4,540
4,543
6,98
6,583
6,186
6,287
6,178
7,933
7,867
7,446
7,6
8,371
10,394
10,282
10,535
11,123
11,226
11,818
11,513
12,900
13,985
14,606
14,75
15,401
16,14
17,182
17,644
18,48
18,619
19,257
20,207
21,917
23,260
23,511
23,855
23,662
24,490
24,223
25,343
25,1
26,643
26,528
26,750
27,284
28,684
29,564
31,414
32,547
32,767
33,870
33,487
35,90
35,898
36,673
36,901
37,243
39,49
40,555
41,545
42,977
44,627
44,395
44,281
48,499
48,746
49,404
50,438
51,145
51,326
52,858
53,573
54,558
54,240
56,462
57,531
57,297
58,541
59,32
62,330
63,612
63,3
65,135
67,602
67,125
68,368
70,695
70,943
71,814
71,985
72,489
72,759
72,468
73,946
74,500
75,676
75,837
75,282
76,572
79,144
80,776
81,45
81,217
81,82
82,295
84,154
84,335
85,489
86,332
86,833
86,639
87,237
87,602
88,551
88,340
88,83
89,668
93,668
96,261
96,984
96,921
98,280
98,834
99,109
101,992
101,466
101,19
104,869
104,358
104,856
105,980
105,429
106,184
106,383
107,748
107,834
107,138
108,701
109,446
110,62
110,500
111,341
112,56
112,821
113,11
113,584
114,430
114,95
114,1015
115,610
115,688
117,441
118,366
118,402
119,301
121,427
121,88
124,680
125,776
127,45
127,960
127,493
128,559
130,784
130,430
130,472
131,583
131,1003
132,431
132,509
133,1005
135,359
135,176
135,739
136,790
137,208
137,632
137,957
137,781
139,750
139,90
140,501
141,542
141,1
143,761
143,264
144,213
145,1023
145,832
146,587
146,200
147,209
148,909
148,978
148,351
149,197
150,811
150,509
151,514
151,65
152,92
152,882
152,888
153,366
153,892
153,525
155,157
155,927
155,397
155,585
155,818
156,1009
156,1018
157,886
158,212
159,429
159,259
160,665
161,764
161,216
161,353
162,170
162,73
163,474
163,31
163,10
164,212
164,687
164,36
164,403
164,119
165,39
165,140
166,605
166,847
166,893
167,641
167,73
168,437
168,1014
168,308
169,407
169,13
169,989
170,130
170,948
172,873
173,55
174,916
174,876
175,797
175,237
178,512
178,234
179,715
182,143
183,479
184,171
184,778
185,376
186,84
187,388
188,1006
189,674
190,277
190,385
190,175
191,787
192,158
194,857
196,982
196,144
197,951
199,14
199,785
200,829
200,952
201,446
201,781
201,576
202,626
202,214
202,949
203,975
204,868
204,230
208,795
208,892
208,1013
208,776
210,17
210,769
211,295
211,973
213,878
215,886
215,941
215,153
216,42
216,552
216,331
218,37
218,958
219,508
219,631
220,112
220,725
221,477
221,763
222,1007
222,890
223,977
224,347
226,611
226,436
226,554
226,729
227,832
227,811
227,293
228,939
228,652
228,178
228,789
228,858
229,488
230,568
230,778
230,338
231,810
231,297
231,538
232,605
234,578
238,943
238,769
239,704
240,242
240,298
241,796
243,539
243,374
243,180
244,656
245,828
245,77
245,342
246,431
248,643
248,1018
248,547
249,379
250,728
250,822
250,360
252,174
252,240
252,892
252,698
252,280
253,300
256,828
256,317
258,848
259,381
259,436
260,289
261,982
263,63
263,920
264,835
265,480
265,932
267,456
267,1023
270,175
270,594
270,576
271,810
271,682
271,24
272,140
273,718
273,16
273,555
274,458
274,400
274,129
275,971
276,361
277,564
277,626
277,567
278,95
278,570
278,524
278,388
279,762
282,628
282,781
283,221
283,910
283,686
284,190
284,846
285,900
285,157
285,846
285,832
286,443
286,658
287,970
288,332
288,306
289,44
289,1021
289,272
289,39
290,610
291,607
292,310
292,773
292,937
293,704
293,515
293,334
294,723
294,455
294,701
295,47
295,790
296,391
299,620
299,843
299,476
299,22
300,879
300,418
301,499
301,625
303,407
305,629
306,813
306,540
307,50
307,480
308,611
312,252
312,518
313,998
314,967
314,953
315,65
317,773
317,661
318,500
319,983
320,164
322,990
322,253
323,906
323,699
323,363
324,90
326,738
326,305
327,170
328,139
328,690
329,989
331,549
331,284
332,260
332,948
332,847
333,710
333,692
333,677
334,232
334,921
335,472
335,704
335,21
335,300
337,356
337,133
337,452
338,727
339,286
340,12
340,778
343,936
343,637
344,442
344,481
344,993
345,351
346,756
349,102
349,948
349,645
350,847
350,648
351,892
351,756
354,566
355,487
355,832
358,982
358,939
358,371
358,101
358,969
358,805
359,720
361,443
362,250
364,727
364,749
364,950
366,407
366,128
367,624
369,372
369,758
370,552
370,130
370,1001
371,389
371,505
373,744
373,709
373,387
373,88
374,170
374,442
374,409
375,733
375,744
375,335
376,585
376,147
376,805
377,871
377,924
377,1003
377,452
378,227
378,1001
380,512
380,897
381,802
382,323
382,240
383,728
383,166
385,324
386,612
386,424
386,137
386,250
387,230
387,3
387,815
387,740
387,431
387,957
388,781
388,191
388,510
389,9
390,81
390,732
390,169
392,218
393,197
393,992
394,779
394,932
394,169
394,958
395,664
397,244
398,508
398,555
399,340
400,554
401,735
401,37
401,84
402,510
403,653
403,419
404,906
407,610
408,956
409,864
410,149
410,324
414,437
416,612
416,660
417,123
419,171
420,965
421,803
421,895
423,865
423,359
423,811
424,984
424,785
426,326
426,791
426,189
427,1010
427,743
428,468
428,929
428,233
429,466
429,889
430,596
430,925
432,111
432,266
432,618
433,226
434,773
435,342
437,900
438,435
439,894
439,173
439,730
439,190
441,241
442,610
445,432
445,589
446,698
446,444
447,813
447,311
447,685
447,8
447,824
447,397
447,1022
449,366
449,602
450,779
450,359
450,280
451,696
451,739
451,365
452,790
452,525
452,561
453,914
453,16
454,590
454,367
455,7
455,555
456,197
457,705
458,417
458,755
459,234
460,629
461,372
461,333
462,3
462,207
462,879
463,546
464,95
466,782
466,504
466,765
466,186
468,717
469,922
470,721
471,854
471,12
472,38
472,380
472,579
473,464
474,73
475,975
476,582
476,215
476,473
476,196
477,1022
477,550
478,528
478,971
480,196
481,980
481,939
483,754
485,298
485,387
485,459
486,727
487,552
488,386
490,788
491,76
492,153
492,860
493,668
494,889
494,170
494,830
496,52
496,410
496,255
497,722
497,382
498,531
499,780
499,495
500,242
501,576
502,977
502,339
502,4
502,942
503,288
504,948
505,732
506,395
506,615
507,520
507,311
507,950
508,567
508,592
509,476
510,713
511,528
511,282
512,984
513,918
513,470
513,668
513,29
513,72
513,534
514,532
515,649
516,222
519,903
520,359
521,481
522,24
523,1023
525,807
526,326
527,541
527,71
528,568
529,528
529,624
529,985
530,964
531,938
531,268
531,157
531,1009
532,673
532,808
532,239
533,887
533,649
533,630
535,20
537,26
537,878
537,493
539,883
540,1010
540,797
541,974
542,312
544,234
544,747
545,190
545,564
545,942
546,165
546,408
546,867
546,284
547,668
547,818
547,391
548,106
548,869
549,573
549,129
550,143
551,243
553,926
553,495
553,911
556,223
557,799
560,260
560,35
561,744
561,189
562,658
563,140
564,603
565,974
565,993
568,205
568,89
568,909
569,526
569,11
570,910
570,407
571,328
573,1008
574,341
574,141
575,863
576,449
576,920
578,932
578,165
581,510
581,553
581,901
582,746
582,791
583,450
583,63
583,838
584,518
584,166
585,730
585,885
586,407
586,433
587,553
588,969
588,833
591,790
592,58
592,220
593,729
594,426
594,215
597,1017
597,960
598,291
599,20
601,897
602,985
602,951
603,290
603,781
604,998
604,317
604,607
604,407
604,995
604,542
606,853
607,703
607,4
607,384
609,939
609,946
610,569
611,243
611,517
611,192
612,484
612,56
612,469
614,443
614,830
615,521
615,109
615,354
615,845
617,107
618,227
619,773
620,592
620,631
622,842
623,1019
623,18
623,89
624,654
624,547
627,561
627,656
627,836
629,12
630,239
631,979
632,976
635,850
635,671
637,515
637,990
637,718
638,464
639,228
641,290
642,56
642,533
642,193
644,633
644,776
645,329
647,479
647,232
648,310
650,461
651,557
652,199
653,460
654,575
654,695
654,69
656,822
657,684
658,342
658,174
658,864
659,917
659,921
659,603
660,721
660,636
662,499
662,54
663,513
663,863
663,310
663,23
664,493
664,302
664,963
664,694
665,9
666,898
666,234
667,450
667,785
668,628
668,829
669,716
670,268
670,827
670,1005
670,731
670,375
671,338
672,781
675,306
675,638
676,236
678,410
679,693
679,417
679,280
679,29
681,322
681,102
682,510
683,854
685,811
685,965
686,933
687,699
687,473
688,767
690,525
691,135
692,28
693,643
693,315
693,981
694,214
695,140
696,509
698,776
698,563
699,575
700,598
701,322
702,907
704,779
705,853
705,178
708,856
708,942
709,864
709,981
709,8
710,44
711,934
711,788
713,154
713,460
715,431
715,373
716,191
716,484
717,413
718,146
719,467
721,552
721,269
721,711
722,686
722,263
723,350
724,12
725,522
726,709
727,942
728,671
729,615
729,385
730,445
731,762
732,275
735,227
735,741
736,90
736,463
738,401
739,579
739,372
739,132
739,559
740,833
741,912
741,32
742,157
744,836
745,1007
745,1012
746,637
746,590
746,88
746,119
747,415
747,885
747,699
747,870
748,746
749,398
749,105
749,56
751,99
751,732
752,71
753,899
753,19
754,487
755,946
758,773
759,852
759,409
759,503
761,33
761,209
761,71
762,207
762,374
763,904
763,546
763,293
763,433
764,729
764,692
764,58
764,856
766,423
766,102
766,44
768,699
768,646
769,99
769,58
770,750
770,208
770,608
771,893
772,455
772,3
773,489
773,184
774,77
774,207
774,1001
775,826
776,777
778,222
779,392
781,99
781,534
782,289
782,926
783,341
783,242
784,645
784,350
785,812
785,791
786,747
786,680
787,486
787,286
787,276
788,714
790,632
791,282
791,497
792,650
792,282
792,373
792,948
793,429
794,168
794,736
794,67
795,469
795,119
796,44
796,700
797,50
797,902
798,296
799,838
799,501
802,878
806,837
806,115
807,741
807,323
809,959
809,454
810,632
811,53
811,218
811,984
812,922
812,666
813,535
813,68
816,51
817,228
818,218
819,405
820,348
820,157
822,322
824,156
824,519
825,88
825,717
826,415
828,185
828,887
829,10
830,483
832,974
832,62
832,822
833,501
834,182
834,653
835,241
836,27
836,296
836,23
836,596
838,302
839,638
845,227
845,31
846,231
850,585
850,35
852,483
853,740
853,108
853,237
854,457
855,473
856,989
857,542
857,382
858,435
860,7
861,1007
861,410
861,525
862,215
863,543
864,598
864,724
865,4
867,848
867,91
867,518
868,186
870,651
871,1011
872,374
873,526
873,857
875,695
875,16
876,534
876,470
877,908
878,399
878,886
878,876
879,13
879,16
879,398
879,728
879,584
880,1014
880,611
880,362
881,107
883,278
883,625
883,587
884,568
885,576
886,629
886,60
886,871
887,472
887,531
888,540
888,725
889,474
889,843
890,218
891,91
892,301
893,509
896,6
896,411
897,402
898,463
900,417
901,623
901,90
901,228
901,549
901,449
902,948
903,555
903,614
904,209
905,167
905,115
906,748
907,997
907,528
908,81
908,688
909,635
911,464
911,569
912,523
912,489
913,673
914,831
914,353
915,879
915,510
916,316
916,270
916,143
917,916
918,523
918,260
921,892
921,787
921,897
921,267
922,450
923,68
923,577
923,534
925,577
925,370
926,271
926,187
927,89
928,382
928,696
929,63
930,924
930,578
930,893
930,786
930,599
931,81
931,290
933,152
933,829
934,788
934,432
935,879
937,1000
938,1022
938,750
938,700
939,682
941,893
942,610
943,976
943,693
944,328
944,532
944,763
945,797
945,369
946,15
946,874
947,440
947,101
949,387
949,531
950,357
951,294
953,73
953,433
954,861
954,967
954,698
954,47
954,295
954,184
955,20
959,426
961,258
962,948
963,920
964,996
965,995
966,4
969,259
970,669
971,761
971,915
972,165
972,749
974,1008
974,785
975,166
976,969
979,15
983,470
983,350
984,759
985,471
985,105
986,545
987,844
987,48
990,126
990,989
991,60
991,57
992,808
993,810
993,458
993,168
994,277
994,733
995,151
996,757
997,641
997,563
998,921
998,414
998,695
999,776
999,506
1000,24
1001,727
1001,635
1001,856
1002,634
1002,793
1003,269
1003,43
1004,790
1004,591
1004,731
1006,814
1006,946
1008,284
1008,232
1009,78
1009,26
1009,631
1009,673
1010,999
1010,249
1011,711
1011,35
1012,295
1013,770
1015,258
1016,413
1016,434
1017,551
1019,36
1019,334
1020,84
1023,639
