0,0
1,1
2,2
3,3
4,4
5,5
6,6
7,7
8,8
9,9
10,10
11,11
12,12
13,13
14,14
15,15
16,16
17,17
18,18
19,19
20,20
21,21
22,22
23,23
24,24
25,25
26,26
27,27
28,28
29,29
30,30
31,31
32,32
33,33
34,34
35,35
36,36
37,37
38,38
39,39
40,40
41,41
42,42
43,43
44,44
45,45
46,46
47,47
48,48
49,49
50,50
51,51
52,52
53,53
54,54
55,55
56,56
57,57
58,58
59,59
60,60
61,61
62,62
63,63
64,64
65,65
66,66
67,67
68,68
69,69
70,70
71,71
72,72
73,73
74,74
75,75
76,76
77,77
78,78
79,79
80,80
81,81
82,82
83,83
84,84
85,85
86,86
87,87
88,88
89,89
90,90
91,91
92,92
93,93
94,94
95,95
96,96
97,97
98,98
99,99
100,100
101,101
102,102
103,103
104,104
105,105
106,106
107,107
108,108
109,109
110,110
111,111
112,112
113,113
114,114
115,115
116,116
117,117
118,118
119,119
120,120
121,121
122,122
123,123
124,124
125,125
126,126
127,127
128,128
129,129
130,130
131,131
132,132
133,133
134,134
135,135
136,136
137,137
138,138
139,139
140,140
141,141
142,142
143,143
144,144
145,145
146,146
147,147
148,148
149,149
150,150
151,151
152,152
153,153
154,154
155,155
156,156
157,157
158,158
159,159
160,160
161,161
162,162
163,163
164,164
165,165
166,166
167,167
168,168
169,169
170,170
171,171
172,172
173,173
174,174
175,175
176,176
177,177
178,178
179,179
180,180
181,181
182,182
183,183
184,184
185,185
186,186
187,187
188,188
189,189
190,190
191,191
192,192
193,193
194,194
195,195
196,196
197,197
198,198
199,199
200,200
201,201
202,202
203,203
204,204
205,205
206,206
207,207
208,208
209,209
210,210
211,211
212,212
213,213
214,214
215,215
216,216
217,217
218,218
219,219
220,220
221,221
222,222
223,223
224,224
225,225
226,226
227,227
228,228
229,229
230,230
231,231
232,232
233,233
234,234
235,235
236,236
237,237
238,238
239,239
240,240
241,241
242,242
243,243
244,244
245,245
246,246
247,247
248,248
249,249
250,250
251,251
252,252
253,253
254,254
255,255
256,256
257,257
258,258
259,259
260,260
261,261
262,262
263,263
264,264
265,265
266,266
267,267
268,268
269,269
270,270
271,271
272,272
273,273
274,274
275,275
276,276
277,277
278,278
279,279
280,280
281,281
282,282
283,283
284,284
285,285
286,286
287,287
288,288
289,289
290,290
291,291
292,292
293,293
294,294
295,295
296,296
297,297
298,298
299,299
300,300
301,301
302,302
303,303
304,304
305,305
306,306
307,307
308,308
309,309
310,310
311,311
312,312
313,313
314,314
315,315
316,316
317,317
318,318
319,319
320,320
321,321
322,322
323,323
324,324
325,325
326,326
327,327
328,328
329,329
330,330
331,331
332,332
333,333
334,334
335,335
336,336
337,337
338,338
339,339
340,340
341,341
342,342
343,343
344,344
345,345
346,346
347,347
348,348
349,349
350,350
351,351
352,352
353,353
354,354
355,355
356,356
357,357
358,358
359,359
360,360
361,361
362,362
363,363
364,364
365,365
366,366
367,367
368,368
369,369
370,370
371,371
372,372
373,373
374,374
375,375
376,376
377,377
378,378
379,379
380,380
381,381
382,382
383,383
384,384
385,385
386,386
387,387
388,388
389,389
390,390
391,391
392,392
393,393
394,394
395,395
396,396
397,397
398,398
399,399
400,400
401,401
402,402
403,403
404,404
405,405
406,406
407,407
408,408
409,409
410,410
411,411
412,412
413,413
414,414
415,415
416,416
417,417
418,418
419,419
420,420
421,421
422,422
423,423
424,424
425,425
426,426
427,427
428,428
429,429
430,430
431,431
432,432
433,433
434,434
435,435
436,436
437,437
438,438
439,439
440,440
441,441
442,442
443,443
444,444
445,445
446,446
447,447
448,448
449,449
450,450
451,451
452,452
453,453
454,454
455,455
456,456
457,457
458,458
459,459
460,460
461,461
462,462
463,463
464,464
465,465
466,466
467,467
468,468
469,469
470,470
471,471
472,472
473,473
474,474
475,475
476,476
477,477
478,478
479,479
480,480
481,481
482,482
483,483
484,484
485,485
486,486
487,487
488,488
489,489
490,490
491,491
492,492
493,493
494,494
495,495
496,496
497,497
498,498
499,499
500,500
501,501
502,502
503,503
504,504
505,505
506,506
507,507
508,508
509,509
510,510
511,511
512,512
513,513
514,514
515,515
516,516
517,517
518,518
519,519
520,520
521,521
522,522
523,523
524,524
525,525
526,526
527,527
528,528
529,529
530,530
531,531
532,532
533,533
534,534
535,535
536,536
537,537
538,538
539,539
540,540
541,541
542,542
543,543
544,544
545,545
546,546
547,547
548,548
549,549
550,550
551,551
552,552
553,553
554,554
555,555
556,556
557,557
558,558
559,559
560,560
561,561
562,562
563,563
564,564
565,565
566,566
567,567
568,568
569,569
570,570
571,571
572,572
573,573
574,574
575,575
576,576
577,577
578,578
579,579
580,580
581,581
582,582
583,583
584,584
585,585
586,586
587,587
588,588
589,589
590,590
591,591
592,592
593,593
594,594
595,595
596,596
597,597
598,598
599,599
600,600
601,601
602,602
603,603
604,604
605,605
606,606
607,607
608,608
609,609
610,610
611,611
612,612
613,613
614,614
615,615
616,616
617,617
618,618
619,619
620,620
621,621
622,622
623,623
624,624
625,625
626,626
627,627
628,628
629,629
630,630
631,631
632,632
633,633
634,634
635,635
636,636
637,637
638,638
639,639
640,640
641,641
642,642
643,643
644,644
645,645
646,646
647,647
648,648
649,649
650,650
651,651
652,652
653,653
654,654
655,655
656,656
657,657
658,658
659,659
660,660
661,661
662,662
663,663
664,664
665,665
666,666
667,667
668,668
669,669
670,670
671,671
672,672
673,673
674,674
675,675
676,676
677,677
678,678
679,679
680,680
681,681
682,682
683,683
684,684
685,685
686,686
687,687
688,688
689,689
690,690
691,691
692,692
693,693
694,694
695,695
696,696
697,697
698,698
699,699
700,700
701,701
702,702
703,703
704,704
705,705
706,706
707,707
708,708
709,709
710,710
711,711
712,712
713,713
714,714
715,715
716,716
717,717
718,718
719,719
720,720
721,721
722,722
723,723
724,724
725,725
726,726
727,727
728,728
729,729
730,730
731,731
732,732
733,733
734,734
735,735
736,736
737,737
738,738
739,739
740,740
741,741
742,742
743,743
744,744
745,745
746,746
747,747
748,748
749,749
750,750
751,751
752,752
753,753
754,754
755,755
756,756
757,757
758,758
759,759
760,760
761,761
762,762
763,763
764,764
765,765
766,766
767,767
768,768
769,769
770,770
771,771
772,772
773,773
774,774
775,775
776,776
777,777
778,778
779,779
780,780
781,781
782,782
783,783
784,784
785,785
786,786
787,787
788,788
789,789
790,790
791,791
792,792
793,793
794,794
795,795
796,796
797,797
798,798
799,799
800,800
801,801
802,802
803,803
804,804
805,805
806,806
807,807
808,808
809,809
810,810
811,811
812,812
813,813
814,814
815,815
816,816
817,817
818,818
819,819
820,820
821,821
822,822
823,823
824,824
825,825
826,826
827,827
828,828
829,829
830,830
831,831
832,832
833,833
834,834
835,835
836,836
837,837
838,838
839,839
840,840
841,841
842,842
843,843
844,844
845,845
846,846
847,847
848,848
849,849
850,850
851,851
852,852
853,853
854,854
855,855
856,856
857,857
858,858
859,859
860,860
861,861
862,862
863,863
864,864
865,865
866,866
867,867
868,868
869,869
870,870
871,871
872,872
873,873
874,874
875,875
876,876
877,877
878,878
879,879
880,880
881,881
882,882
883,883
884,884
885,885
886,886
887,887
888,888
889,889
890,890
891,891
892,892
893,893
894,894
895,895
896,896
897,897
898,898
899,899
900,900
901,901
902,902
903,903
904,904
905,905
906,906
907,907
908,908
909,909
910,910
911,911
912,912
913,913
914,914
915,915
916,916
917,917
918,918
919,919
920,920
921,921
922,922
923,923
924,924
925,925
926,926
927,927
928,928
929,929
930,930
931,931
932,932
933,933
934,934
935,935
936,936
937,937
938,938
939,939
940,940
941,941
942,942
943,943
944,944
945,945
946,946
947,947
948,948
949,949
950,950
951,951
952,952
953,953
954,954
955,955
956,956
957,957
958,958
959,959
960,960
961,961
962,962
963,963
964,964
965,965
966,966
967,967
968,968
969,969
970,970
971,971
972,972
973,973
974,974
975,975
976,976
977,977
978,978
979,979
980,980
981,981
982,982
983,983
984,984
985,985
986,986
987,987
988,988
989,989
990,990
991,991
992,992
993,993
994,994
995,995
996,996
997,997
998,998
999,999
1000,1000
1001,1001
1002,1002
1003,1003
1004,1004
1005,1005
1006,1006
1007,1007
1008,1008
1009,1009
1010,1010
1011,1011
1012,1012
1013,1013
1014,1014
1015,1015
1016,1016
1017,1017
1018,1018
1019,1019
1020,1020
1021,1021
1022,1022
1023,1023

675,0;727,0.1822446016033457
443,0;812,0.018709575600664517
149,0;510,0.2778616086752546;605,1.584015694463398;478,1.0478021617957933;664,1.2007540937303505;85,1.6390636350119
88,0;245,2.2935631588045617
376,0;697,0.034031410362832984;193,0.29834327947102024;456,4.741282839780143
812,0;81,0.7977015599097939;240,1.2602458101319416;131,2.999935384498106;537,3.0581922697582535
335,0;256,1.8515791537196233;290,1.0420910946915924;618,5.428404214337762;195,6.073204686050598
866,0;845,0.7690836937980379;628,1.6462581404969387;531,2.0572964738389334;515,2.6531619606652184;600,2.0731075600029514;561,2.1795955742136286;62,3.9161681662551615;247,2.5673956140622107;352,4.604103169880683;597,7.058177010267217;710,6.728379785831235;376,7.130036769309232;45,5.283811724192772;965,9.147660941842723;725,6.987847404756691;697,7.13974190691349;664,9.548240075849428;638,9.662058185625694;172,9.248832582893504;382,12.096056978073387
105,0;789,0.288291815694336
593,0;36,0.16054623387138062;238,1.2932234431500322;611,2.388729030525525
551,0;341,1.011580670293519
559,0;501,1.5924220546893386;795,1.9970890391212999;1002,2.4395405903997376;291,2.080673757339831
535,0;670,0.49985055024181635
834,0;876,0.12186251367093484;729,0.4076712818687026;146,1.4077508914517893;443,2.405883827289682;202,2.607981621876465
97,0;782,0.20214875007375102
892,0;486,0.377218273731903;562,2.8267268212779686;67,6.606010775899422;447,8.516975789493342
831,0;93,0.8222689138143011;295,3.0555537236873453;709,3.876698477542062
365,0;636,2.4405499401335047
891,0;589,0.06266312714059744
58,0;998,0.3545122852452146;67,0.4105118629377201;189,0.5815875473719224;173,0.6567750222039231;447,0.7578583765312461;734,2.1850101517108267;619,0.6941082980068485;236,3.5958507857196578
480,0;130,0.6555600007968777;924,0.02374630172390869;539,2.901090881749204;587,8.43971792697756;702,3.2842148414546175;983,3.1261386599461023;360,5.764698207709219;427,3.7022294415002346;622,9.78034698514747;616,10.973102798009906;576,11.237320485087599;86,11.61114832670102
720,0;407,0.6339801830213979;932,3.588997869020332;666,6.032865281717502;174,7.479524905968122
133,0;190,0.46424023836714623;384,0.010165900397722026;723,1.5314230004452096
820,0;912,0.6167074685204489;1009,0.7379300600584419;365,1.451058751066007;636,1.6094644808576726;847,4.1112432914800525;704,4.677106218318376;65,5.085162962062022
790,0;533,0.8884019553896215
415,0;592,0.524821223922064;304,2.827087285338826
224,0;664,0.724080749990428
16,0;735,0.9962297018719609
678,0;169,3.628998469757361;806,4.264452770714207
631,0;34,0.7501117031891308
628,0;201,0.0686095775331284
108,0;24,1.8962413230924176;73,2.6128436982563503
69,0;449,0.5613813372635009;251,0.8512529237064479
721,0;581,1.38426555006766
249,0;322,0.06063402525468439;616,0.41595776633977255;474,1.5093491537419013;576,2.83469133361696;427,1.8914125886038624;935,2.5007599796941973;86,3.6405487444747293
503,0;256,1.3671574865136937;520,0.30885317541682394;607,0.46565497123572147;700,0.7568796688380414;267,1.409582411780486;835,1.7747770604534585
240,0;131,1.938259088243578;537,2.76964242898928
944,0;726,0.5827496844114413
482,0;234,1.68299693590257;780,2.092995567210903
264,0;983,0.019527184715659833
123,0;782,0.1147297383026289;999,0.5579814609127134
46,0;812,0.28514725643080946;765,0.7348390925457221;81,0.4876398977033735;375,1.6020426492748998;780,2.5968626243665134;913,4.701454667304932;416,2.9058452888404736;64,3.532081846898149;873,4.474209737334428;129,5.230978685634041;966,5.774698158102488;498,5.161650200077284;195,5.686212234454567
63,0;748,2.592601719959404
691,0;405,1.4281424373209815;1005,2.2893420449364363;65,2.6521926446650004
712,0;254,1.7033168850127607;313,3.3799946161320262;594,4.852886868498334;405,5.98824470097844;798,8.180061503703559;1005,6.231134810937677;373,10.490279379349941;339,8.877006533797918;39,12.058121775876838
641,0;352,0.10378722663268813;117,0.8290319993912338;376,1.1894514143076216;45,0.3671457556759008;1019,0.9777975996679218
97,0;782,0.38195808997160446
472,0;745,5.074289615748801;97,0.3866383376343764;782,1.3096171631768245;510,5.694031197404305;478,6.097926317004237;664,7.1008585395182;605,6.386516603145142
909,0;488,4.081076339693806;496,1.1084833971913566;830,8.01886860604609;574,8.367849923472933;5,8.81044105339431
166,0;860,0.03314325784945231;106,1.5466868890350296;649,2.276433477441992;150,2.454174213437501
927,0;125,0.37130653266250596;107,0.584352699059767;72,1.7884893499056413;741,3.004463558242892;169,2.5793449871046965;385,2.4148180236902976;875,5.758612055341674;920,3.120270025007986;152,2.8001781270194837;554,3.4029184909212455;48,5.257852151906626;342,3.5628244583837394;528,4.7962670454604455;955,5.666704652116421;840,7.264671217238497;797,6.574176996879478;572,8.190436853472171;149,11.41673799921712;513,8.58833617774204;282,9.546654249149533;510,11.456807064732207
318,0;174,1.9430703876669113;570,2.2490762101028055;189,2.0794601407270394
887,0;566,5.211058743955955;989,5.541740853757131;271,8.327862738746626
382,0;869,0.928689236277486;1012,1.9069830924986402;691,1.9669507122067083;754,4.888201561942839;830,5.751640743294323
311,0;504,0.7070392722812826;840,0.09852099292271942;20,0.3224564494638592;139,0.4650641892118533;323,1.013587082005014;770,1.952810803815797;102,2.343072726420679;70,3.099545133384468;747,4.801299448749427;373,5.006236880152859
929,0;857,0.1297072421740531
179,0;424,0.7712309894332757;66,1.4937939778055385
441,0;189,6.148034200813453;335,2.058181303726844;619,7.78624049462129
58,0;998,3.3927644960822962;727,0.8533276730606637;67,0.6766674493616378;189,0.2766869392043288;295,1.0128010919761568;878,1.0552437801011298;447,0.8267346323957748;858,1.6423071845958899;907,5.719376434151447
720,0;407,0.23616244492007413;932,0.8921950575530364;345,2.009907213835514;666,3.2382375839190303;520,5.428143684263114;174,3.608775942465682;570,5.954080833694976;790,5.009769112999333;533,5.056662534740646
122,0;884,0.027901437748127315
31,0;16,0.3049538324652927;650,3.4165858077136164;937,3.571563804980358
569,0;1002,0.6813946995240087;216,0.6098909680263555;192,0.7271141735101188;460,1.5455159237847176
747,0;513,0.21067744284317655;373,0.4632437123973797;141,1.4244983458156144
125,0;107,0.3269493919562756;741,1.3526228764506907;554,2.028424442387037;48,1.843579803998546;955,5.688094843658591;95,2.3625915479156276;797,5.876229085490585
48,0;955,1.123904023120153;95,3.0621055594125677;840,1.044996259231638;20,1.6931767735495256;139,2.073719820690961;911,4.686352689382127
421,0;797,0.7055055621116438
636,0;847,0.28446172329070035
62,0;352,1.3795462218084564;117,3.2024112633457262;376,1.555524473577784;45,2.8251717764630655;697,1.834181991481855;664,2.927329915536142;193,3.329448646682961;456,3.8318671013521426
704,0;65,0.5608543799143904
824,0;689,2.2536278319221723;888,3.596072196690665;947,3.650927492280569
981,0;394,2.0551834237981264
470,0;430,1.164749892367148
104,0;20,0.2325354465937235;336,2.7684975292517926;328,0.8027824051687616;721,1.4206623231843678;831,1.7175102566023055;581,2.9024088650648334;893,2.1826421263549656
140,0;818,0.623031244139017
156,0;255,0.4039263169660371;369,0.5395965495462246;485,0.806083879319277;318,3.449169349217584;174,3.8820443400427345;570,4.377462085033236;189,5.23452042632956;295,8.610956619897063;858,10.83670293030681;709,10.013890862652447;308,10.424751168232103;824,11.003177594757638;580,11.021477129562856;689,11.27914815879413
529,0;820,0.008256774348562358;703,1.7993046475498533;782,1.1978505711954857
202,0;837,0.17014742771951105;741,0.6392968745159872;232,0.2940473558772172;48,2.0025676539434873;95,2.317828842627272;840,2.3793192019470313;473,2.6624943007099775;20,3.4643803539853293;203,4.56888998663125
961,0;102,0.8694202948758573;596,1.5029474865075263;493,1.9849964889153124;747,0.9975086967488185;373,3.5651441655837717;141,1.2661499817770387;799,2.868218704912464;869,3.3133853420850294;1012,4.435209398855437;972,6.892353233397607;246,6.9918469283345415;1001,7.399166919793536
140,0;818,2.9108006138951463;499,0.022366620344337368;119,0.08438355677132484;540,1.350741515691568;322,0.6532418274241857;639,2.0782440038344383;433,2.266144708166666;911,5.058671343192214;201,3.295912276130638
695,0;646,0.9490663677483486
786,0;6,2.0019122409597205
270,0;219,1.130301381396937
767,0;533,0.12533921490320565;635,1.3453282631244468;215,1.53898986207182
802,0;264,2.5433585603410345;710,1.0949943207430146;725,2.1090467607216588;31,2.9911474713057205;58,9.331554228459158;16,3.0187791635592656;650,3.691200087786119;499,5.9246057715859894;937,3.8645772618368692;119,8.681493239609;488,6.768377278382541;433,7.08320169447206;540,10.601359751783834;955,8.714842042215569;322,10.65940541663336;797,9.904090923930017;998,10.344956929877922;189,10.816940138576287;474,12.710716106470464;427,13.855311677893255;740,13.925403363485604;729,14.213607012662013;443,14.43373259889515
384,0;26,1.7637016419183174;677,2.5405880747824763
738,0;461,0.1094268784026213;734,0.8306819720511373;37,1.984838304792872;813,0.9575881428010118
272,0;505,0.5118888645860492;126,1.290704199390151
165,0;488,0.4512489927463349;116,4.277705815290217;433,1.759274849978965;830,1.0212408440559884;574,3.321642661572177;943,1.3837366015410033
704,0;65,1.3161966679812063
46,0;812,0.6863805859085549;765,2.7281615826719667;81,0.8803626404654987;400,3.549569575445301;240,1.412383429629939;131,2.477647158489548;470,3.763215015195079;430,5.5909632276016765
986,0;861,0.8965588834725825;136,1.817729334449445;72,1.999278037825905
472,0;97,1.2402110939294932
176,0;711,0.1431477752004649;503,0.33492462539894413;268,1.899548437672301;607,0.6172082335706853;458,2.1923930746751563;267,1.4659413175324092;270,1.7354156924454975;219,1.9167201143772343;797,2.840636862692639
163,0;32,1.0032437575803204;269,2.9644955517272695;171,2.083832046074442;626,4.02133633200313
244,0;185,2.224953192538976;639,2.305967415649683;911,2.81719142778486
952,0;596,1.4221665603588112;672,0.3173002394963825
592,0;304,1.1524071348314016;668,1.5459101905278028;578,2.7387864233194996
15,0;508,0.7246855099068193;337,3.0446908387705665
171,0;392,0.5639449263694413
61,0;482,0.1272780277284173;234,0.3297044663881349;888,0.47203638430774386
378,0;334,0.39081407888219116
735,0;512,1.3697417407999628;728,1.9918650759599117
381,0;838,1.6841588760005048;402,4.285944638088056;956,4.775563994797872;199,4.837859256362665;846,7.032577875174674
408,0;983,1.439292262326138;350,0.21542832334122983;61,2.1635033920104414;482,3.730366274305705;850,5.237278035852006
335,0;256,4.933985841690788;618,5.076133146848156;195,5.146497012386307
1012,0;691,1.304168795147345;972,0.06238204417657311;888,0.07959916878743625;516,4.8290398905428145
509,0;741,4.204065950240107
24,0;810,0.3952686910272042;73,2.824645572519226
620,0;650,3.380479535883358;944,0.18676066055049428;430,0.7892168759090534;937,5.39277344960329
354,0;822,5.609695306513379
834,0;876,1.325064774046257
507,0;435,0.3941884214110461;133,0.43385207915691104;285,1.1409606558265217;190,1.6711121522856875;384,1.741973285630063;533,1.4630346057825077;758,1.5571301474332027;62,3.197617342377357;445,2.1571488926340066;723,1.7107602141091751;26,1.9636147877643308;439,2.292162270913438;809,2.7681630343577686;647,2.5905206787069477;304,2.9651215884463196;866,2.3115937476758663;881,3.056143570220112;845,2.7434072815782784;297,2.9823278267591564;111,2.9575697133737053;259,5.132405030482353;352,3.7667315209184724;597,5.407051118186962;620,3.4658319389715833;650,4.712249090774417;430,6.0189168712377;117,4.7435360422458235;1019,4.8142104737270985
870,0;7,0.9508911114536038
975,0;861,0.22773645541556137
875,0;826,1.201042051961543;355,0.1740588937544959;341,3.157107300584851
897,0;626,0.8168540695783645;412,2.3864025044631436;943,2.734809841466416
477,0;411,0.05511428627046165
633,0;448,2.4899278209696187;1016,2.9427479665192724;398,4.187578027227394
886,0;295,0.6169629113118535;343,4.127137145577921;858,1.4397247705415932;912,5.093263910370608;792,7.437073260739945;523,7.525996877260058
531,0;600,0.11269178653447538;561,1.175861043378715;443,0.7646387995219732;900,3.528580836286618;812,2.2036038383897365;247,1.2934656032218657;81,3.707989610349146
574,0;5,0.6858365486356196;154,0.7782140229323489;481,0.943304906944833;316,2.211366722765384;679,3.0499365143234183;789,3.9487725560672;539,3.4870485313574924;587,5.944111464420068;241,7.132522676011729;622,8.412259675773443;616,6.6334389059695615;715,7.561723837689749;249,7.837745465068079
558,0;1019,0.6130182171680125
157,0;670,0.2658857849866957
77,0;702,0.37647319578063965;360,2.033275792827543;427,3.436787192763738;740,4.7683070208625935
762,0;475,2.6125564619141355;995,5.1833844598113235
325,0;658,0.5309199667209198;885,0.16217010927002234;694,0.5895317133519853;267,0.9405061665335339;224,0.6916393464592572;868,1.6042453305576467;664,1.4472116323435658;451,1.8749033866757072
788,0;86,1.0365432625102866;705,0.9965458801560942;424,2.02395198688892;18,1.466250745340104;66,4.104063008228779
114,0;924,0.14497470513387264;539,0.15353504551987018;702,1.4950611559975053;983,2.9623390378350067;427,1.7862329219916333;421,2.6400275682777767;740,3.2140823245405246;797,3.2745391931984242;729,3.6954734620030916;443,4.124863234284772
307,0;508,1.8327854873061573;293,2.572160443572752;686,2.847767303372318
793,0;931,0.18695421355933328
54,0;253,1.1441786966616556
171,0;914,0.2616020989090649;392,2.0224079574049134;167,1.4971231270899692;226,2.53880680303222;308,3.581452315318087;824,4.709255083088641
737,0;313,0.16400621591257109;594,1.5146530760360957;405,3.653801040269215;668,5.292182367107233;1005,4.9971090234844535;65,7.884131248129829;578,7.782123859996705;49,8.16671637540486;485,8.978293069105865;360,8.340600007267552;318,9.616056538799757;762,10.581239413745621;475,11.521265909017435
336,0;1,0.06236880452489753;735,0.41633605821764597;906,0.5364951882601395;512,1.1689731433677633;251,2.328782713617861;802,3.7774784222834814;122,2.5787659988205185;238,3.7098422839436775;611,5.013428809953878;264,4.743048756423856;112,4.469032892749991
1017,0;834,0.7129672315427892;593,2.0451532522582507;876,2.3348740283161016
81,0;240,0.7223035672957948
818,0;201,0.8066045183521536;844,1.1364619187893203
781,0;103,0.576543506629939;51,0.4531225467506729;224,3.318677031782236
128,0;102,0.10865352730360553
690,0;201,0.05543216659535691;844,0.15842181739497033
809,0;999,4.800065268136812
131,0;537,0.9609598053041407
520,0;700,1.482408089353621
940,0;455,0.3201288887972182
57,0;896,0.8230661989662021;338,0.42614110044290027
610,0;81,1.677140535063428;240,2.686761689205177;131,3.42253574588619;537,4.1850273943275615
312,0;328,0.1265820787694005
586,0;159,0.45123267666695277;48,1.7638563568095207;955,5.375766231855386;95,1.8469822307518862;840,1.9534241412878204;473,4.654308942455795;572,1.97515371853117;323,2.3422262841851764;149,2.457876858541364;513,2.326981734219686;282,2.6200282781437974;789,3.3276325709726944;974,5.26707390707118;678,5.874010870090805;914,5.638059143566396;479,5.48525214834691;314,6.3426095482676805;167,5.71459142111946;672,7.004210470027765;169,5.976570020473419;806,6.390739884806948;578,6.865566033450652
678,0;474,0.07650122399945697;427,1.01920068889403
541,0;861,0.6203905507878668
695,0;874,0.6093083934405241;646,0.5729544134147271;634,2.1790915288750208
866,0;845,0.08616968643577833;628,0.3207745378605759;531,3.0447724671711764;201,3.227412522492877;600,3.3088857162619316;561,3.6417194965927653;898,3.0538680897465285;443,4.384921637731764;844,7.074237986634296;247,3.905033567508375;900,4.9699830727496535;812,4.846711535517711;81,5.301283232293661;400,6.279382953618382;375,7.3416137825500645;470,6.898617434695619;780,7.399860728125317;394,7.5828604016894445
322,0;474,2.8380328134009187;427,4.035793799230022;935,3.265118630570169;740,5.547283794535692;729,9.29730728532778;146,10.411001915370726;443,10.11960169279791;812,14.42556703688142;81,14.550559300282208;240,15.568413413158542;375,15.86950482232153;131,15.882321509138496;780,16.36546919929652;913,18.035561556250727;394,16.8079560124113;416,17.407999031147234;325,17.98752010235259;64,17.597078123827433;658,18.02055119474754;735,18.03747078774063;69,18.21784429668307;867,20.15683455992992;429,18.740189865580366;498,21.19065145693355;123,22.038972225391525;449,18.845078920765722;276,20.522852252813017;782,22.597842024218;999,22.94940882031348
535,0;670,0.8006834466780953;223,1.1111231288280905;292,4.494092304256457;279,4.569311507522479
739,0;610,0.888702224077616
627,0;208,0.6265109657163774;131,2.410573055069697;537,6.230924467995263
396,0;797,0.8299653295579292
37,0;728,0.6860731839271553;845,0.07843582669637582;531,0.1183483291723185;600,0.4067720378503207;561,3.6810950859588343;898,0.6106552435625895;443,1.16215054365552;2,0.6528201642202387;744,0.8722436524860853;977,3.4441504414628668
703,0;164,1.4520659759629866
965,0;172,1.2883383563056292;326,1.3289706588715329
650,0;499,0.7497886590783068;937,1.1904725592083305;119,1.0517378067901788;540,1.7050975035222287;955,2.3407221122620525;322,1.3181076361793442;474,3.4642592901918756;639,2.1426278250697077;929,1.8028065341116033
527,0;733,0.4815736023927549;956,2.116819220775701
508,0;337,0.3966829310518072;811,0.2156474721084344;778,1.3503611107007158
847,0;903,1.4907383242108319
752,0;399,1.9801915496818348
145,0;723,1.9505409310941006;934,0.5151787751987155
54,0;650,0.6543633331742212;405,0.13266195302332676;253,0.5303575595280047;668,0.33722685153259346;798,1.1699097806994465;1005,1.206889964229461;578,1.4989805612899425;499,1.1415932359424252;373,2.2513063455868174;356,2.7340732696351773;49,1.9895736516088225;221,3.610414469214362;256,2.839336676658472;86,2.866718992070498;18,3.4944109554121856
490,0;530,0.5848479402364214
926,0;882,0.8859198041050209;677,1.2940873569748652;672,1.9764083274430884;443,4.654917097704179;900,6.335615067730531
924,0;539,0.3790652423146016;587,0.44868349315232814;702,0.659333738495441;428,1.013775561791558;241,1.3846614432926558;622,0.9860233117524585;616,1.9223755889833178;360,0.8634281712409915;427,1.0759699095708828;778,1.602908205833553;365,1.6809686742899752;738,3.2960408143626663;715,2.416340925104869;274,3.4665283609912634;249,2.819290833646317;461,4.59215872359121;58,4.0180346883695695;745,3.9708907106955307;734,3.387742934700676;991,4.760055988224224;510,4.332182124065275;727,4.342711579670739;478,4.797567781265331;24,5.234080332004947;552,5.3230865772002405;664,5.906804772197087;484,5.3101318888098;810,6.203718183680843;875,5.358463584184142;82,6.128503547077046;826,5.8849888069973835;162,5.472105014897038;240,5.664477791802581;131,6.3398664208481055;341,6.1798109399957815;500,7.379805858996837;633,8.417683181636542;537,7.712607099722244
57,0;814,1.401801762976423;896,1.6420976148529003;338,2.6810363167256304;99,1.3050385411766663;550,1.7966739906228268;318,1.3403806635476583;174,2.2794005300473157
869,0;1012,0.2506573481143435;888,1.4579214768969193
469,0;160,1.286455019222493;283,0.005374561747354124
715,0;249,0.6496592255939558;616,3.3946938878828643;576,3.608151000493272;86,4.44878577882424
741,0;48,0.5563682094256089;95,0.6946670051549153;840,0.8063890390067192;624,2.3712612792582735;20,2.1983414452483405;572,1.2848018193991755;323,1.2426736047373501;149,1.7794607964341895;513,2.6005876603278177;282,1.926106414799825;789,1.8690270084012797;605,3.9404895665270403;814,4.510296117385225;85,5.662831059441279
307,0;508,0.3700276336896745;194,0.6402392493859185;337,0.49311451380990534;811,0.5276286806624715;375,1.3935700332505356;913,1.9138802415572957;429,2.5277802243468463;209,2.1292191561652434;123,2.2860058322754706;710,3.435455421156364;22,2.6453547113715743;782,5.1663371615171005
469,0;283,0.5288736533453197
608,0;77,3.9644719442037153;973,1.2825256067911635;702,5.420289104328374;427,7.5413122241482204;421,5.770880185272539;797,6.550989056118758
400,0;470,0.7857220700448855;430,0.9971366768183016
311,0;427,0.5087238849934346;740,0.7694150968365343
651,0;181,0.47600318229125893;135,1.5348874610678351;399,0.6861459125634684
737,0;403,0.5350901903271712;316,0.36264544293751344;358,0.9891537917299089;4,1.7841253533951709;153,1.4182350150177867;100,2.284688328731849;795,1.8024348201974998;629,3.9178730779117377
643,0;980,0.035893978646999745
295,0;343,0.49647068034610176;858,2.182416918580496
336,0;1,1.2102978879697686;971,1.5000855913333475;735,1.3379174441494373;906,1.2624329658537494;592,2.9055302703558077;225,2.869710212255237;629,2.8924277030762298;157,3.4952444596478234;304,3.0929596305599794;92,4.0515845143356
264,0;58,1.1285923499594148;998,1.18089221678462;727,2.1682976500542694;189,4.284986728164928;447,1.4220827305055368;734,4.952354494841068;813,5.515519672051115;731,5.416647444948358
860,0;106,0.002409056198392013
759,0;20,0.7952961668845501;328,0.8947089368048173;404,3.9391147550739882;831,1.2428963071908807
883,0;421,0.5291466099393883;797,0.8952656568989557
474,0;427,3.07340291116323;935,0.29858281298363415;898,3.9506606059392815;377,0.6363563562149546;571,2.7023672277009627
976,0;456,0.8194810033946214
826,0;500,0.727902423354653;260,1.4774858296034148
564,0;71,1.2202343422829267
563,0;814,1.6259983500715058
471,0;374,0.04322013416078123;25,0.2500831758904773;698,0.8993234922504085;319,1.0760241349004813
81,0;375,0.4537197436704555
493,0;954,0.5947881229297713;352,1.25097365002067;825,0.8231393253601567;896,1.123134548333367;554,1.0483938575180267;376,2.5748623794380654;45,1.4914621769384562;801,3.1293264859152012;697,3.146917625269112;664,2.7447468350715263;948,3.6576305652070937;750,3.416450483152952;1,3.23108363023678;735,5.483795041331826;906,5.083235146913429;359,7.437592888568668;244,7.593893722568132;791,7.6649984707883085;185,8.394027025901739
47,0;629,1.1505969005724157
455,0;892,0.8752787004495377
628,0;201,0.1249251568297824
