0,0
1,1
2,2
3,3
4,4
5,5
6,6
7,7
8,8
9,9
10,10
11,11
12,12
13,13
14,14
15,15
16,16
17,17
18,18
19,19
20,20
21,21
22,22
23,23
24,24
25,25
26,26
27,27
28,28
29,29
30,30
31,31
32,32
33,33
34,34
35,35
36,36
37,37
38,38
39,39
40,40
41,41
42,42
43,43
44,44
45,45
46,46
47,47
48,48
49,49
50,50
51,51
52,52
53,53
54,54
55,55
56,56
57,57
58,58
59,59
60,60
61,61
62,62
63,63
64,64
65,65
66,66
67,67
68,68
69,69
70,70
71,71
72,72
73,73
74,74
75,75
76,76
77,77
78,78
79,79
80,80
81,81
82,82
83,83
84,84
85,85
86,86
87,87
88,88
89,89
90,90
91,91
92,92
93,93
94,94
95,95
96,96
97,97
98,98
99,99
100,100
101,101
102,102
103,103
104,104
105,105
106,106
107,107
108,108
109,109
110,110
111,111
112,112
113,113
114,114
115,115
116,116
117,117
118,118
119,119
120,120
121,121
122,122
123,123
124,124
125,125
126,126
127,127
128,128
129,129
130,130
131,131
132,132
133,133
134,134
135,135
136,136
137,137
138,138
139,139
140,140
141,141
142,142
143,143
144,144
145,145
146,146
147,147
148,148
149,149
150,150
151,151
152,152
153,153
154,154
155,155
156,156
157,157
158,158
159,159
160,160
161,161
162,162
163,163
164,164
165,165
166,166
167,167
168,168
169,169
170,170
171,171
172,172
173,173
174,174
175,175
176,176
177,177
178,178
179,179
180,180
181,181
182,182
183,183
184,184
185,185
186,186
187,187
188,188
189,189
190,190
191,191
192,192
193,193
194,194
195,195
196,196
197,197
198,198
199,199
200,200
201,201
202,202
203,203
204,204
205,205
206,206
207,207
208,208
209,209
210,210
211,211
212,212
213,213
214,214
215,215
216,216
217,217
218,218
219,219
220,220
221,221
222,222
223,223
224,224
225,225
226,226
227,227
228,228
229,229
230,230
231,231
232,232
233,233
234,234
235,235
236,236
237,237
238,238
239,239
240,240
241,241
242,242
243,243
244,244
245,245
246,246
247,247
248,248
249,249
250,250
251,251
252,252
253,253
254,254
255,255
256,256
257,257
258,258
259,259
260,260
261,261
262,262
263,263
264,264
265,265
266,266
267,267
268,268
269,269
270,270
271,271
272,272
273,273
274,274
275,275
276,276
277,277
278,278
279,279
280,280
281,281
282,282
283,283
284,284
285,285
286,286
287,287
288,288
289,289
290,290
291,291
292,292
293,293
294,294
295,295
296,296
297,297
298,298
299,299
300,300
301,301
302,302
303,303
304,304
305,305
306,306
307,307
308,308
309,309
310,310
311,311
312,312
313,313
314,314
315,315
316,316
317,317
318,318
319,319
320,320
321,321
322,322
323,323
324,324
325,325
326,326
327,327
328,328
329,329
330,330
331,331
332,332
333,333
334,334
335,335
336,336
337,337
338,338
339,339
340,340
341,341
342,342
343,343
344,344
345,345
346,346
347,347
348,348
349,349
350,350
351,351
352,352
353,353
354,354
355,355
356,356
357,357
358,358
359,359
360,360
361,361
362,362
363,363
364,364
365,365
366,366
367,367
368,368
369,369
370,370
371,371
372,372
373,373
374,374
375,375
376,376
377,377
378,378
379,379
380,380
381,381
382,382
383,383
384,384
385,385
386,386
387,387
388,388
389,389
390,390
391,391
392,392
393,393
394,394
395,395
396,396
397,397
398,398
399,399
400,400
401,401
402,402
403,403
404,404
405,405
406,406
407,407
408,408
409,409
410,410
411,411
412,412
413,413
414,414
415,415
416,416
417,417
418,418
419,419
420,420
421,421
422,422
423,423
424,424
425,425
426,426
427,427
428,428
429,429
430,430
431,431
432,432
433,433
434,434
435,435
436,436
437,437
438,438
439,439
440,440
441,441
442,442
443,443
444,444
445,445
446,446
447,447
448,448
449,449
450,450
451,451
452,452
453,453
454,454
455,455
456,456
457,457
458,458
459,459
460,460
461,461
462,462
463,463
464,464
465,465
466,466
467,467
468,468
469,469
470,470
471,471
472,472
473,473
474,474
475,475
476,476
477,477
478,478
479,479
480,480
481,481
482,482
483,483
484,484
485,485
486,486
487,487
488,488
489,489
490,490
491,491
492,492
493,493
494,494
495,495
496,496
497,497
498,498
499,499
500,500
501,501
502,502
503,503
504,504
505,505
506,506
507,507
508,508
509,509
510,510
511,511
512,512
513,513
514,514
515,515
516,516
517,517
518,518
519,519
520,520
521,521
522,522
523,523
524,524
525,525
526,526
527,527
528,528
529,529
530,530
531,531
532,532
533,533
534,534
535,535
536,536
537,537
538,538
539,539
540,540
541,541
542,542
543,543
544,544
545,545
546,546
547,547
548,548
549,549
550,550
551,551
552,552
553,553
554,554
555,555
556,556
557,557
558,558
559,559
560,560
561,561
562,562
563,563
564,564
565,565
566,566
567,567
568,568
569,569
570,570
571,571
572,572
573,573
574,574
575,575
576,576
577,577
578,578
579,579
580,580
581,581
582,582
583,583
584,584
585,585
586,586
587,587
588,588
589,589
590,590
591,591
592,592
593,593
594,594
595,595
596,596
597,597
598,598
599,599
600,600
601,601
602,602
603,603
604,604
605,605
606,606
607,607
608,608
609,609
610,610
611,611
612,612
613,613
614,614
615,615
616,616
617,617
618,618
619,619
620,620
621,621
622,622
623,623
624,624
625,625
626,626
627,627
628,628
629,629
630,630
631,631
632,632
633,633
634,634
635,635
636,636
637,637
638,638
639,639
640,640
641,641
642,642
643,643
644,644
645,645
646,646
647,647
648,648
649,649
650,650
651,651
652,652
653,653
654,654
655,655
656,656
657,657
658,658
659,659
660,660
661,661
662,662
663,663
664,664
665,665
666,666
667,667
668,668
669,669
670,670
671,671
672,672
673,673
674,674
675,675
676,676
677,677
678,678
679,679
680,680
681,681
682,682
683,683
684,684
685,685
686,686
687,687
688,688
689,689
690,690
691,691
692,692
693,693
694,694
695,695
696,696
697,697
698,698
699,699
700,700
701,701
702,702
703,703
704,704
705,705
706,706
707,707
708,708
709,709
710,710
711,711
712,712
713,713
714,714
715,715
716,716
717,717
718,718
719,719
720,720
721,721
722,722
723,723
724,724
725,725
726,726
727,727
728,728
729,729
730,730
731,731
732,732
733,733
734,734
735,735
736,736
737,737
738,738
739,739
740,740
741,741
742,742
743,743
744,744
745,745
746,746
747,747
748,748
749,749
750,750
751,751
752,752
753,753
754,754
755,755
756,756
757,757
758,758
759,759
760,760
761,761
762,762
763,763
764,764
765,765
766,766
767,767
768,768
769,769
770,770
771,771
772,772
773,773
774,774
775,775
776,776
777,777
778,778
779,779
780,780
781,781
782,782
783,783
784,784
785,785
786,786
787,787
788,788
789,789
790,790
791,791
792,792
793,793
794,794
795,795
796,796
797,797
798,798
799,799
800,800
801,801
802,802
803,803
804,804
805,805
806,806
807,807
808,808
809,809
810,810
811,811
812,812
813,813
814,814
815,815
816,816
817,817
818,818
819,819
820,820
821,821
822,822
823,823
824,824
825,825
826,826
827,827
828,828
829,829
830,830
831,831
832,832
833,833
834,834
835,835
836,836
837,837
838,838
839,839
840,840
841,841
842,842
843,843
844,844
845,845
846,846
847,847
848,848
849,849
850,850
851,851
852,852
853,853
854,854
855,855
856,856
857,857
858,858
859,859
860,860
861,861
862,862
863,863
864,864
865,865
866,866
867,867
868,868
869,869
870,870
871,871
872,872
873,873
874,874
875,875
876,876
877,877
878,878
879,879
880,880
881,881
882,882
883,883
884,884
885,885
886,886
887,887
888,888
889,889
890,890
891,891
892,892
893,893
894,894
895,895
896,896
897,897
898,898
899,899
900,900
901,901
902,902
903,903
904,904
905,905
906,906
907,907
908,908
909,909
910,910
911,911
912,912
913,913
914,914
915,915
916,916
917,917
918,918
919,919
920,920
921,921
922,922
923,923
924,924
925,925
926,926
927,927
928,928
929,929
930,930
931,931
932,932
933,933
934,934
935,935
936,936
937,937
938,938
939,939
940,940
941,941
942,942
943,943
944,944
945,945
946,946
947,947
948,948
949,949
950,950
951,951
952,952
953,953
954,954
955,955
956,956
957,957
958,958
959,959
960,960
961,961
962,962
963,963
964,964
965,965
966,966
967,967
968,968
969,969
970,970
971,971
972,972
973,973
974,974
975,975
976,976
977,977
978,978
979,979
980,980
981,981
982,982
983,983
984,984
985,985
986,986
987,987
988,988
989,989
990,990
991,991
992,992
993,993
994,994
995,995
996,996
997,997
998,998
999,999
1000,1000
1001,1001
1002,1002
1003,1003
1004,1004
1005,1005
1006,1006
1007,1007
1008,1008
1009,1009
1010,1010
1011,1011
1012,1012
1013,1013
1014,1014
1015,1015
1016,1016
1017,1017
1018,1018
1019,1019
1020,1020
1021,1021
1022,1022
1023,1023

93,0;305,0.08784663723286375;78,1.365395128930382
1023,0;810,3.3188747957706086
587,0;510,0.5200939408306863;622,0.5466731355621538;616,0.11260733051426502;576,0.11798169262280962;86,2.4548419341758;18,2.5355083257127147
885,0;694,0.9167060893072267;267,0.299933079319512;835,2.2352377427739594;270,0.8129063506562828;219,1.1720114555847008;622,1.3326551990528728
446,0;359,0.23650517466060214;974,0.4398542250723409;892,0.8865157555157276;244,0.6589801444964897;914,2.6860628646137905;185,2.0567326385996476;639,3.683888175647818;911,4.210780249574916
716,0;968,0.6223962573259844;608,0.6256999008982038;973,0.936400117983571;249,1.1503370296075541;155,1.8022272786325715;616,2.510626378726219;398,2.436458928357444;576,4.6995935863317575;86,7.934428049080152
166,0;860,0.28246997365254767;649,0.5137370284021723;256,1.344988367406819;618,4.87013902661972
933,0;402,3.4875573689731407
86,0;18,0.3173900818003749
985,0;589,3.254208978251356
100,0;629,0.008835895724440906;157,1.22103891310423;1003,2.0337197447157975;670,3.3488714094045644;92,1.9008072565005207;612,3.0179334378666134;512,3.550263686573212
395,0;665,0.0760638344231784;710,0.5104665787723864;725,1.5423411306274586;5,0.6838840196258177;402,1.1841882733499771;31,2.5967931727590665
323,0;63,2.0812154998469503;616,2.5481416978416545;576,4.649526535304626
51,0;965,0.2438075589095059;638,0.9424162497293671
27,0;656,0.6305475345424022
373,0;19,1.1086944429261993
892,0;486,0.6249790130039574;2,1.8713704992553073;744,5.578950091915217;977,6.163390243349909
48,0;955,0.09148414084173413;840,0.17943290413378027;473,0.795607170915283;572,0.9445892261026814;139,0.25270643021174666;911,0.39729068026464076;194,0.5612680751159727;282,0.9879626062850683
586,0;583,1.8338904742527267;159,0.34696799792574073;931,2.5710587965724123
413,0;994,0.31492861152547025;416,0.5327258069053674;64,0.7759650435291019
683,0;250,0.34938999205979876
684,0;738,0.41749577338481825;461,2.5008765430033284;811,1.0339227745122983;734,2.235689310067905;778,1.5776295468133057;813,2.77098192918597;37,3.2744100435016676;728,3.521339907029957;152,3.779060472773307;845,4.76531478160734;628,4.89730709965841;201,5.460961316254775;844,5.8044621890022645
1003,0;612,2.2849873089100092;512,2.920789597206186;728,4.930418398617177;251,3.2480910625371324;122,4.181092138322452
388,0;598,1.3634214696774507;894,0.6142872867401103;213,1.0364003036451959;162,2.109937878751342;852,1.715007485883719;49,2.1811953055246844;565,3.4777920069547865;955,4.236451753936507;240,3.628694183770066;360,2.194730638167173;797,5.84580439130683
788,0;705,0.10870954023334609
738,0;918,0.18617650186236384;461,0.3741267392500742;58,0.10424356566600275;811,0.39564937884689766;734,2.4436303331010722;67,0.6330589794568101;189,1.1132236610231019;37,2.653946103269668;778,1.6036880224528178;878,2.22715505419084;173,0.8653675352374329;447,0.6633419576315485;236,2.954185723517548;731,2.6659471961358903;728,2.8720430248404294;152,3.8023366530975826;845,3.223821987485886;975,5.87381881809689;861,6.582080991883306
466,0;166,0.20785309289256018;860,1.167524631130764;106,1.323781005849919;622,3.4552636543686557
154,0;481,0.6132038436942313
374,0;504,0.6325050596931211;935,0.11732611901207858;25,3.328266349605519;1002,0.7038194197270701;898,0.8366273567131532;377,0.8075096769407425;770,2.1692935274316123;460,1.7358587101314762;571,1.3543292049308548;869,2.212820339148772;70,3.490215524891095;772,3.911463649172391;729,4.58287156506721
527,0;733,0.5450013050292818;114,0.6126335528139374
587,0;241,1.2828499404716454;622,1.9447923480505354;738,1.9302265346981435;715,2.6738968111701564;274,3.0890236350594464;918,2.120525705099741;461,5.572917948783674;58,2.1950070807193858;811,5.350290696141213;745,3.1368904835067086;998,2.7889420370326183;727,3.0926876810049957;67,3.45839116431907;249,3.9143460257809064;447,3.3378346295122054;991,5.639363040115805;971,3.106201318826924;225,3.267680368003402;878,3.659987006136233;24,5.738293183180623;73,9.631325309978338
799,0;869,0.6080886577291529
268,0;284,0.5690906021764205;98,1.68266592996054;209,1.937659889792219;22,5.920101287415397
617,0;183,1.497537076387182;62,1.9763701109505478;597,4.716580081507488
47,0;749,2.4244338557778575;629,0.6007409065420518
396,0;535,1.0017606849279315;670,3.8526047040768336;839,1.3777458782857444;223,5.131380938742304;292,6.1400689141761715
4,0;795,2.3327594762070203
53,0;856,1.1751321684783165;835,1.0888051610881109
757,0;1022,0.7989348600191849
405,0;798,0.1944549509437545
492,0;488,0.29215599043758456;213,0.9490120267948324;433,1.5668332272372587;141,2.163855028986652
883,0;421,0.3847141435802856
472,0;97,1.161578136024232;782,1.7825602224949524
387,0;1000,0.9944717960751047
400,0;470,2.0715379140812678;430,3.105690984202072;157,4.492895677703532
906,0;592,0.016430385039277996
621,0;510,3.3870328530066818;836,2.7189697744578867;292,3.14764804474485;791,6.561111190832792
885,0;694,1.1966813258739413;267,0.28083001537886765;224,0.25687721496178006;664,2.381417127515558;270,0.5429607497334186
703,0;164,0.1825049333681494;847,0.8496641973147512;903,2.6693935814867027
458,0;124,0.517762113361381;797,0.470235780847711;582,2.047961492447768
126,0;791,1.2813428740351986
958,0;101,2.9445368442546345
882,0;74,1.152957824433484;672,0.6114377384605395;497,2.1628209599728176;935,1.4768536549094888;1002,2.571314552090852;377,4.251129203328358;571,4.596422120334655;315,9.457822139403138
93,0;305,0.34187255683525913;295,4.573100400459999;858,5.837674551439611;827,4.62884515733503;709,7.6456222497763795;485,4.636751374304021;762,5.159086670949094;475,5.656866296194689;995,7.363064640911228
991,0;24,0.22370177223795973;552,0.20692216678078662;810,0.6868260233853056
746,0;40,2.9099830424195545
923,0;911,1.9087018005672505
132,0;973,0.09877199866162982;249,0.8726727934192723;155,2.788066840008899;322,1.1473885308478484;474,2.258304284946151;427,2.6080139023052022;935,7.18721143689692;740,3.7076696028310954;398,3.689776641005681;1002,7.945961579607083;898,7.357508744166857;377,7.61026397067695;2,8.095272323613495;192,8.87052701824729
14,0;1001,0.7904869961868433;493,2.317309974757082;799,2.6732735045424816
274,0;516,0.24467881214311038;996,0.2754951296093589;971,1.4834119986030483
562,0;67,0.8646970356976641
96,0;703,3.0457347149378307;477,3.284988962979506;164,3.859968787935661;411,3.872472724340673
954,0;825,0.16972305509487587;130,2.0847110513643186;344,2.9874688190298078;20,2.2837813565927503;328,2.7124880254759507;404,6.103536891613004;831,2.817983205954808
583,0;931,0.008452963060079156;254,1.0609136668439922
539,0;983,3.2144297426120274
755,0;585,2.7213346085723504;608,2.8159709184248327;77,3.2326993915261855;702,3.560361916956422;360,4.3608531831294925;427,4.047621952691608;740,4.218413912282452
812,0;81,0.0005817121580797333;400,1.6794200240276045;375,3.4081985142316227;780,4.336162322651072;394,4.955218794355946;416,5.449580455827509;325,5.495996762126472;658,5.965699793199382;393,5.553458340961819;69,5.901728020412024;526,7.02020163773946;449,6.512396952727871;868,6.651741537928697;251,6.644561689115195
539,0;702,1.4887201878598506;428,0.6474689141362421;240,0.6678861174746524;999,1.6422537698626782;778,1.573193642543543;427,1.8433563930532082;740,2.4966514304015828
191,0;694,1.6685496674113764;1005,2.0104195866620764;622,2.9972374972581286;65,5.197764665428661
546,0;788,1.351932809025546;86,2.6325026350861656;18,2.7884389273115824
556,0;413,1.6629715084282877
63,0;748,0.3001731049949976;616,0.5007833575504363;576,1.9771417309536532
236,0;975,0.21726882184715246;189,2.2770418829710937;524,0.4598748914366846;988,1.7947798237564025;557,2.0233355545302585;752,2.3723946410193966;1017,3.339380223208257;734,3.5090981003536337;399,2.815029882950696;539,3.6306197732446015;950,4.106961501322121;834,3.3930722401148516;729,5.175314477598926;428,4.174861120336046;983,4.091499119425153;405,5.565771896040189;153,4.259801760442629;240,4.3793608789089316;778,6.762946329886401;100,4.457872833002237;629,4.784816547963583;157,5.596257047793727;146,5.489973194688431;443,6.404233884027911;668,5.859158349043165;798,5.80438037604559;900,7.494490685858612;409,8.015167461457244
76,0;717,0.27898551879920036;38,2.7586711766344925
557,0;752,1.5320571573249218;399,2.9089609800293266;539,2.7767565845000037;702,4.433296430785415;428,3.908203270781062;983,5.324516555583798;240,4.16168286552722;187,4.0367496164232435;778,4.133989611722745;636,5.1333613440735535;918,4.162538639448329;131,4.219978348399428;537,5.504915954858982;360,4.600809595529121;427,4.9552112764612755;421,6.191466468363583;61,5.820918523245861
614,0;29,0.24620829047667964;852,4.996698826525932;3,5.20017033289552
453,0;840,0.5601659321762347;572,1.7101576949839716;139,1.902049605672987;323,1.1240161960298;63,1.8828630048674548;282,1.8105044359866151;748,1.8902881692925961;616,2.8376089220171328;194,4.838967816772084;576,2.9330768100374707
758,0;484,1.3317711787806907;445,0.01772147182123305;497,2.7337958510296954;875,1.5717738261612668;82,2.83805607379561;675,3.2663042494244214;633,4.223335631908634;727,3.912770715875683;458,5.245228318879414;124,5.766485882105151;797,5.876320633871223
610,0;81,0.3112317742182658;375,1.1330583658567475;780,1.3706611324872964
816,0;768,0.6821317362669733;85,3.6891450954849256;971,0.9015753381608557;225,2.1500358841036467;629,3.0491534937643574;157,3.8419192830974302;1003,3.9786981427296735;670,4.146442608475539;612,5.049728994086893
955,0;797,1.6561103794731593
343,0;912,0.22078022448459925;792,1.0596690126656843;1009,1.1414167207679657;523,1.776425001878693;365,2.66973734929329;636,7.3043372365018815;847,9.799909973884747
343,0;912,0.4140131751701861;577,0.2508228776498643;792,0.9668151370786061;1009,1.223452544539627
779,0;917,0.44909996629544224
820,0;703,0.043791569914100874;618,0.5248409302213457;477,0.7058317911569113;164,2.1780370934044226;195,0.7254535266942616;411,3.009649446529915;847,2.605237429142293;704,4.4322388713241665
288,0;336,9.188090922894762
5,0;402,1.3564848973651071;154,0.9838446214594803;199,1.9856797152445875;282,4.5071086396926585
69,0;449,1.6476385176412585;251,1.6665524288120142;802,2.8961202707968443;264,5.771466844570821;710,5.530497493999638;112,4.169463018521659;232,4.27238215136178;707,4.805262615920042;991,5.435808853276044;24,6.599986114889944;493,6.573219540878827;552,5.881284472381094;965,6.128089246044093;725,8.050827315109352;5,5.912553025020377;58,5.955457729337359;402,7.7376756020819615;154,6.096060997225575;998,7.114378152330888;727,8.165895370273741;481,7.781665449283123;422,7.200813133376441;638,6.572931829893679;954,7.406041000420732;352,7.1931959190699395;810,9.019199766972188;73,9.546105991275214;907,7.116365234080056;117,7.820403729040786;376,8.175162252155351;130,7.465813893043233;344,7.907308653428743;20,7.535781719737939;29,7.5810598555490225;328,7.5910350080738915;721,7.616631416170366;316,7.991584102663318;879,9.897965385876239;664,9.031659329116069
263,0;587,1.1843216052467667;379,0.2359994643745534;510,2.491417105051438;616,1.9195289983653874;576,2.883448385055284;86,3.5014944687154994;18,4.674260525203108
353,0;901,0.22432523052599346
561,0;247,0.5480503942434966
203,0;350,0.8247435130386985
547,0;157,0.963572805094213;92,1.394497346485527
963,0;647,0.09070344397307703
533,0;62,1.7363089016235782;597,3.728461801660176;620,2.9843315992573833;680,3.5992284488700452;944,3.4454638388796948;430,4.636368854776485;521,4.658689722689039;648,4.496740558828144;152,4.505068425032252;47,7.084076990524331;749,7.461237528836468;629,7.50742257761222
487,0;110,0.5990221622903308;433,1.8020620878911924
886,0;295,1.1318465699614086;343,2.3078241353195947;709,1.1798551299429898;308,2.515692751917068;912,2.428898346459136;577,2.7369425963594365;792,3.0003098502920733;1009,2.4729057168922055;515,3.0186912184701247
804,0;37,0.9878488404331107;152,1.6863635279988574
736,0;767,1.791535518270752;99,0.753281589896987;550,1.2202305062951688;318,1.5010554748826723;533,2.0195364561181774;62,3.8715140131937438;620,4.102298875033847;680,5.4014655057871055;944,5.97864558213278;648,7.28426422385701;536,8.657959288256027;152,7.805234514064957;47,8.822623959178785;749,9.730890357024723;365,15.64508654241362;636,17.219193933678834
857,0;636,1.7161934662335363;847,1.7371871236793697;903,2.898672416686435
137,0;889,1.0051612337189442
209,0;775,0.5511511350728094;142,0.7329074723132073;902,2.9186505774088105;515,1.2493606179955332
1002,0;460,1.8477493354924694
142,0;708,0.4301988089070728;515,0.2764342752918935;430,0.009915362016992018
669,0;237,1.9983993658653578;1016,2.8111200197739032;731,3.2344873917224426;398,2.8579615840769206
679,0;789,1.1011453760693357
1018,0;290,0.5112202666508529;504,0.9969013531523289;986,2.0480581892448604;861,2.4679703927675223
981,0;394,4.691923145141524
442,0;135,0.21395989620597164
708,0;327,1.2601497966455433;1010,1.1939142766009792;871,1.5505390480183;483,2.791129213320352
529,0;820,1.2456262213174711;782,1.3471495772199724;618,1.7329304211286314;912,1.7020345779197947;1009,1.707293810020678
762,0;475,1.727210136137754;995,1.8216365354401107
987,0;382,0.011390544127682067;925,4.258679553798221;718,4.793759044797112;584,4.3681733399242155;767,6.388529676872988;602,4.804740511792236;726,5.236667210011733;986,5.3539547969606;533,8.887939571066006;62,10.816551355719001;352,11.364503987519061;597,11.973082323280886;117,11.926730259380571;376,11.800548808932096;697,12.502791532026395;193,13.071323967636042;1,12.594773214607129;735,13.514627591770074;906,13.127541894449246
176,0;503,3.8445241406765582;256,7.2636252721364265
270,0;219,1.9672549306776232
117,0;879,0.5803891594599907
29,0;580,0.007511559938254574
721,0;581,1.396803869237765;896,1.9037164412636325
710,0;725,1.3667410868366672;5,3.433183855252809;31,3.1963760081929244;402,5.764060814354176;199,5.9621796419812645;60,6.844401654090148;319,6.807865009005781;234,8.736796632319164;19,6.981942895973483;212,9.210770777233346;876,10.447125859161286
599,0;928,3.971334022708243;590,0.9774905918373519;693,2.3661351711783025;982,6.294437330927287;1017,4.680533931232716;998,5.25209445921908;344,4.541856605529692;907,5.990410819181971
462,0;446,0.7872652093948451;350,0.9970108608844255;974,1.0226380781913937;479,1.0733209631387968;647,1.4193096761436368
358,0;4,2.2401865580071867;153,5.0207122590764355;100,7.033565911151677;629,7.818518226729511;157,8.824265825893542;1003,12.65381522734842;670,9.120955368538588;223,10.530923409832834;292,11.828191439873818;279,12.052566329704746;612,15.315236613725752
84,0;779,1.3756029076003033;917,3.3490217023446864
446,0;974,2.024552094685068;479,2.370842050964713;647,3.9058239996271755;314,2.5885209747254345
920,0;342,3.166126583216431;748,0.5469464253444751;468,4.6092525420958985
857,0;636,1.209308985341749;847,5.1090281401681095;903,6.090236249163927
204,0;990,1.0022984303876032;871,1.106245025985774;875,2.400443209369983;675,2.978207871416786;355,2.616935928389457;131,2.6438559853743544;727,4.066898824136846
678,0;474,1.2302481593219485;169,0.15771830043052118;249,0.8405187533973351;435,0.7750461562794789;806,1.335627951176418;234,1.926947892212472;285,1.6004862117919432;322,1.263483171280253;616,1.6007841545544808;758,3.027521797722552;888,2.4334798613870503;780,1.9431880466548728;394,2.574491787181763;416,2.269496701498155;64,2.7418636480932785;947,3.6003861517320734;325,3.77960822969895;445,3.542250634224052;658,5.1178042760732865;735,4.225308617754538;393,3.8290973676823024;69,4.880291126125308;526,3.799260194933682;512,4.354146199805199;728,4.868276022643954;867,6.880693961460712;276,9.249188920346372
16,0;650,0.9025351031961223;1010,1.288072552834865;735,1.359194327061909;937,1.3931850959060763
827,0;485,0.37955674122406063;318,1.1362300815441109;762,0.6571896873916253;475,0.9448880571835216;995,2.717285740280639;174,2.6365757723952687;570,2.6745004437140643;790,2.8254247295513113
168,0;855,0.11920395184370806
691,0;897,1.085109809090105;405,1.067265726700846
270,0;219,0.9091745932855041
462,0;446,0.4826060610185931;974,2.792053407950111;479,3.904112401793575;647,3.388017046012483
97,0;782,0.32186565555214935
109,0;1018,0.4494970013209802;236,1.6768745372143936;738,0.5704725061522662;290,0.47103628357980193;504,0.7710393851654167;986,0.6876755280877145;918,0.9730397028158374;745,0.6403713217631761;510,0.7611026313734077;478,0.811855653789205;484,1.6150665058216545;805,0.8305593218690775;657,0.8756594286450227;497,2.986805791092455;875,4.2408307559316665;826,5.021670988825696;341,5.19596382224412;500,5.126692542983735;260,5.280806566049293
1023,0;810,2.3013018893393413
1014,0;835,0.23168330098595324;965,0.037242020643596115;276,0.2742191901547752;422,0.7209679991403823;11,1.2134842523514593
2,0;744,0.09963011437476;977,1.3080849684761868
839,0;37,0.5064306695319978;728,1.0232353349224708;152,1.5256922107525213
654,0;144,1.3165987587828483;622,3.061486396707547
261,0;991,1.1491238094939071;921,2.766493515215377
773,0;893,1.440096375730051
453,0;681,0.3711820147323122;650,0.7475832064059639;499,2.842125179471539;937,1.2073409837308784;119,4.749443255757313;540,6.7383639848619;322,5.651547282045593;929,6.857740990495685
119,0;322,0.22446721495538488;474,1.1977545261819067
75,0;283,0.07747791166450226
647,0;195,0.24789478492868436
882,0;672,1.1459055614273057
43,0;229,1.769836194523031;787,0.054471312625097856;47,3.3940947777343093;214,1.827920088163643;749,4.067012481133312;629,3.7966538644138472;365,4.268832510546749;636,5.079576708602736;847,5.335379376612499;903,5.75998727766453;704,6.678546110542167;65,7.397759414418772;600,6.970358755573724
788,0;705,0.13777719361212093
740,0;729,1.7442479972823894
730,0;608,0.1790351733317878;973,0.2208138523920406;1010,0.656210827580422;483,0.793799963082449;979,1.7564185791691957
944,0;521,0.0841456019927758
932,0;666,0.47219901699799866;174,1.0890884774156424;189,1.2180004020744064;790,1.4720407167721206;734,1.709459318337919;533,5.358380882494389;813,1.9156426362543375;731,3.8346063622708475
20,0;29,1.7770969871409783;580,2.3955991101949246;852,14.651765220357534
531,0;600,0.06596340286111148;561,0.2901124751370195;898,0.41118818234104765;2,1.8499810034635291;744,3.1562483201495546
926,0;882,0.7170283021148386;74,0.7800548262861211;672,0.8374269021039273;497,0.8012344444681506
954,0;896,0.36639074947862815;311,0.8467994752276875;427,1.3914901865765075;840,2.7920762271466266;572,4.084716239248701;139,3.672850660129373;911,3.782197705276534;282,6.276024399131385;789,4.613122276028817
520,0;980,2.392572697157035
920,0;342,1.1552889283852918;748,0.39219905428600615;528,1.282691565909448
745,0;510,0.05546921509833997
509,0;741,0.07893263547831647;644,2.429790076011062;560,3.040344780172121
566,0;159,0.2953329514601675;271,0.4314703161329903
1020,0;437,1.3812685945189282
940,0;455,0.7426184528164315;892,1.3602087540003862;330,2.752154286719125;375,4.498937156535174;780,5.087779480668953;913,4.664756194081268;429,6.781981697225547;966,8.099067323777522;498,5.082267725190919;123,6.150796634311816;394,6.365200583185071;416,5.114881015015917;64,5.146653381617424;873,5.804486397694218;999,6.877379991274579
741,0;48,0.37412408731161595;95,0.8257088105675622;840,0.5944301455893206;473,0.7939123207524348;20,1.1799318341093046;572,2.771222968174246;139,1.8535484420929071;323,1.248831354219548;203,2.622167177569506;63,3.3019392627483413;350,5.362688687762091;149,2.8170851657056466;605,2.8521091062917856;748,5.425858651044715
737,0;403,1.4593276990953847;812,2.8741382494243277;81,3.012482436805476;400,3.1642532997555577;375,4.289173159848047;913,4.514532465929556;209,8.243668901822458;123,5.615892416175052;710,9.213167329639939;965,9.588347862361845;725,9.468605657277877;422,10.845715560060018;638,10.101754299380918
754,0;830,0.1938245331558739
1009,0;864,0.6259587116750741;365,0.7864913384714723;36,0.9084239925942272;4,3.4806058067429615
754,0;830,0.7164288092535062;574,0.7191572887070474;5,1.8508566232769301;402,2.232678689892485;956,2.5590746975695393;846,4.819417108400016
796,0;65,1.1956548364044282;944,1.0056546926886538;726,1.138510098238873
724,0;626,4.589586026878362
874,0;634,1.034593524332757
491,0;103,0.9290844836067262;224,2.8968198176259987
106,0;422,2.284925945544018
877,0;230,1.2355711498919635;498,1.7299740129044403;917,3.269351546813845
853,0;979,3.1405807477005228
986,0;136,0.5358585849110475;72,2.083850480737067
46,0;812,0.34429498591054825;400,0.9261234082354348;470,0.9557319121641195;430,2.8486928380622323;157,3.0094993488356443;670,3.6558926964179963;92,4.0357035230306035;223,3.820971973462956
1014,0;835,1.4330535757042882;965,3.8166579026859444;422,4.126005518429579;638,3.8441635017502347;203,4.572268987998287;350,5.29048060957914
605,0;85,0.7704749017494193
351,0;281,6.366778654140193
708,0;327,0.0011313514802183749;1010,0.04573821971470391;871,1.5963059422945054;993,1.9217655037558732;483,3.7960190720979123;29,1.910035100360784;580,4.419248833514488;852,7.130969193718635;328,4.146052979396769;944,2.097717565730753;979,4.68742364467517;721,4.301408464733613
625,0;968,0.21810905519250645;608,0.3564835896681028
455,0;892,0.15518747047756928;330,0.7438085112903946;486,2.0056631182744105;187,1.5012903025934583;636,2.1758592262568954
829,0;807,1.6478842316296685;287,4.719196465753854;915,3.2613528036050603;521,4.913875351470229;162,5.367824870448298;559,6.548358810937847;743,5.575329211191457;565,5.502211042244434;698,7.5280016782717;501,7.593018705807555;319,10.449179335980745;795,7.97389793245033;708,8.251472498068221;1002,8.31876603481891;291,9.554014253891747;1010,8.43861385226318;871,9.070177349609276;192,8.74035862037632;460,10.778884333474398;483,8.943119701554059;979,10.322200671539116;29,11.0149050510532;307,11.48721091473586;893,12.818450936415681;869,11.271329868512488;852,11.389020476558356;3,12.708197907326932;508,12.012773194812242;337,12.924328939416087
484,0;497,1.765739527308504;875,2.503268209520917;675,2.7090166716257835;826,3.401745074970956;162,2.9611900725677356;355,3.0348509145269067;531,4.393274645851082;128,3.0451739025057534;559,4.105532247552897;743,4.183052037132935;565,3.368969296773982;240,2.9766676889173516;131,3.101242068148098;698,3.9174307821454404;500,3.7849043938395828;260,4.011421527290164;501,4.296612730133003;795,5.365935762891929
532,0;276,0.6480935161124723;11,0.8138507032823739
375,0;913,1.6377925748537678;429,2.9348866164450143;209,1.8362279929664078;123,2.640843212226409;22,1.974143600274205;775,1.8580152615122085;142,2.1723896735251085;708,2.7475923918124425;515,2.6726923582679047;430,3.9931657533387073;999,2.9691359697880726;327,3.5179461227449282;871,3.659835733950896;993,4.593893852040757;328,4.845421351707225;944,5.129286260831648;648,8.785943913179818
310,0;675,0.7136413888581147;936,0.6298188220698584
511,0;291,0.0988703797516196
852,0;3,1.6712123824416336
191,0;532,1.2987510161091202;694,2.3541968950734176;276,3.0345282608646036
320,0;308,2.0192467310325632;824,2.5158392245184293
210,0;835,1.171920256260602
321,0;555,0.11681982257365803
187,0;636,0.5560841157917586;918,0.569956292581675;847,0.7636010212657198;704,1.5302727698611402
321,0;555,1.0000258603117442
650,0;499,0.8436053365819627;937,4.857024924520092;488,1.4195314679891755;433,1.8567872334476134;141,2.179808078418786
836,0;292,3.1443952070698757;802,0.24930367779294685;146,2.017235085912738;130,1.7522528275084008;264,1.7438881265883612;710,0.2699219550964689;725,2.481026070647059;58,2.1874258159011055;727,4.812189161578857;189,2.8074589527166274;734,3.1188645767725687;619,3.5904960262673375;295,3.434550565597776;813,3.9453734569164647;731,4.134087281996732;279,3.4165707220548103;858,4.880344098480801;827,3.5760923913682094;485,5.874598568034355;580,6.426701803568565
188,0;515,1.9906008480097168;391,3.5396994207834016
699,0;795,1.6259944054033473
250,0;87,1.184703825642924;389,2.1862867164028126
543,0;908,0.49879465030694387;657,3.742205407464584
940,0;455,0.17993131994008588
708,0;1010,0.9988730665832525;871,2.6365704286736564;483,1.1220936141679787;29,4.941276971764397;852,5.127332257499836;572,5.332341139833359;789,7.659204663528367
104,0;360,0.5593219698091808
1013,0;408,0.3588270077241181;983,1.5358842203869707;350,3.8619940427127744;61,1.9976169524252607;482,5.158018410318455;850,8.558495330604643;234,9.58106165262311;598,8.789650367636371;888,10.012063382727275;876,10.233589026826985;947,11.503507622146278
632,0;828,0.9870932364780806
207,0;801,3.6412979768010825;397,3.7002039371165436;750,3.94655139020137
485,0;318,3.02025384691228;762,1.68880649814282;174,3.309604818184271;790,3.9647397659070567;578,3.662443624393953;49,3.847725060287914;533,7.005000125656814
16,0;1010,0.06402388072719026;735,0.9661311815932565;512,3.0147791311729444;251,3.4318362015992276;802,5.79899993329199;122,3.612807423731108;884,4.77781630854118;264,6.256197488562906;710,7.160185788409911;58,6.324242844108239;727,9.228584238786635;189,6.894500314812715;965,7.21659363165394;725,7.175382936476893;5,7.178071720879559;402,7.279326836027378;154,8.735661874725393;422,8.47403307978195;638,7.331279036949102;956,7.7739230328743325;356,8.756461977536786;221,9.9187494226336
501,0;708,0.8782384454207335;871,2.011496635561395;29,3.4030977027473015;852,3.6330453290897964
539,0;587,4.1534880093328574;702,0.5407879026928253;241,4.436294491556455;510,4.214160446880679;478,5.915563751419623;365,4.878503622404381;636,5.845552936969424;847,7.087506381243969;664,6.704939173965373;484,6.12960438107851;605,7.431130100490064;497,6.799403967229551;875,8.011827285210178;826,8.647872283247203;162,8.33236873283021;128,8.568133500958734;743,9.777257375418596;240,8.338839448277136;102,8.757395280925806;500,11.018411383361617;747,9.744297553587787;513,10.106776489198854;141,10.688675267892279;853,10.288725894722365;979,10.439778610356461;307,10.53060460523978;508,16.594347450209234;260,11.176999661926988;194,18.797102254769854;337,18.261304636440446;375,19.603122865709114;780,21.307980394513347
679,0;539,0.6234355919252885;587,0.7956977421052914
29,0;580,0.2648558704288839
87,0;389,1.3574836429534705
1008,0;1019,1.956906786079027
14,0;1001,1.9113275253745563
933,0;402,0.0007697258132518369;956,2.309665020339433;199,1.1493254539058784;319,2.749179033560851;846,3.8006900634068908;234,3.349017073758268;893,7.446992648649049;19,2.7498062043057;888,4.973151498124465;78,3.543018479647666;876,3.6409653894778793;947,9.203357983214937
545,0;969,0.5288293177804215;83,1.1528930117569756;390,1.353026816949577;1003,1.387089898579583
169,0;249,0.46592058929254054;806,1.1111469346237661;322,0.9208430298461621;616,1.4212554718994626;474,1.8873587931264513;578,1.2922309694359135;576,1.5436130834884079;86,1.8191848377129318
793,0;931,0.6330853644839579;876,0.052640206260962615;364,0.709292240762793;295,1.3192101344096936;781,3.0051279378542897;858,1.8387282913522767;827,1.9351415859603127;580,2.517855015566426;485,2.7112266524336657;103,4.617427108784657
424,0;66,6.0404136000272866;572,0.11779644053624275;282,0.4888018009492273;789,0.24431194210254792
5,0;402,1.2503478577892309;154,0.2120844643879632;956,3.519168083831326;846,4.2106913095451795;356,4.475706434814308;256,4.661604107200788;86,4.8525867993743335
623,0;998,2.410469027905975;210,0.21872568775998663;1005,1.8117492578309846;19,0.08231587599015376;472,1.4868979259782538;972,1.0891376841283058;835,0.31187430064590943;949,1.1303158754323657;745,1.754207358380614;642,1.8707014316119597;356,2.9401044794656115;916,2.260019675050179;447,2.5209967553761077;907,2.6734194718821582;256,4.716752841574636;618,7.510423827603134;195,9.425435543766891
1014,0;863,0.33843880715114644;965,0.09707695079207128
136,0;72,0.7125319025691655;169,1.2078786623598563;806,4.6785763701885585;578,9.729219387046976;49,9.81984743144487;485,10.091208982552502;360,9.960866267859249;318,10.25449961689508;762,11.069551274868733;475,11.400127301401792;995,11.646182742794675
767,0;635,1.072637113297909;656,2.1030742363231476
834,0;876,1.224756834656632;729,0.057915850307981104
762,0;475,0.3335387855256843;995,0.5658628570836124
466,0;166,0.7732635528218263;860,4.12940348973144;106,4.368033732069128;422,5.501984046194922;203,6.16361295813584
165,0;116,0.49153617736613564
686,0;463,0.706743159561082
642,0;198,0.13647745190659294;871,1.0727718483201756;29,3.608604706811634;580,4.067514306257915
852,0;3,0.7103425149041925;572,1.9590484511574795;149,2.2274850538309083;282,2.2323097723800327;605,3.759450416467475
558,0;1019,0.02571100030135411
620,0;680,0.4703492430851674;650,3.2187589828764005;499,3.4476260533290377;937,3.258448252690466
941,0;380,0.196472039554112;543,1.5668598151178965;669,1.444122411710073
186,0;978,2.9402094909984346;915,6.44123275412942;959,6.810237113431638;319,7.109976734725835;84,10.226478344987697;234,7.366287482157693;19,7.675451903028933;78,10.81536801046969;876,8.05458580952992;780,8.436054028556194;779,10.640468150396352;917,11.207785050931077;696,11.76926909562186
455,0;892,1.6277377453897826;330,2.26590802156592
840,0;473,2.2112260689589123;572,2.753793972455317;323,0.9531996497310581;974,1.6080942773929503;63,2.7468540428083306;647,2.1906950427301974;678,2.7129732163902793;474,2.739344690177553;169,2.9171759936161474;935,5.48404658273384;616,3.0070501617847163;149,4.212076630988661;282,8.26653968851248;249,3.600586544471597;435,3.5237111825852168;806,5.111477232045031;234,4.249663909907094;605,5.475467290910115;888,6.42030558956041;578,5.155713380114289;1002,6.558689169521892;947,7.033873568993309;460,8.36681693744946;869,10.2536076550863
1006,0;150,0.5135122800092548;442,2.3119296814221535;135,2.6587286274011412;261,4.960550137975155;1,5.202694082172977;735,5.431361888111237;512,5.67915530093309;728,6.406828425698042;611,6.245771968495345;251,5.694198114617611;122,5.7863156247461385;884,7.12263939666916;238,6.887867758949428;895,6.685429490268621
840,0;473,2.3554018602194864;139,2.134365135039566;678,2.6732599183735415
821,0;483,0.046096082620151475
37,0;728,1.1197130706067535
151,0;671,0.18536288881846225
97,0;782,1.012835606934075
645,0;103,0.5027041152546812;390,0.07556990412603252;218,0.4898110675944104;925,2.0332113581809166;718,5.237114339497312;584,2.156823899921057;767,5.16923615196408;533,5.8302316679088895;635,6.384932865541237
279,0;781,0.2616327879626921;51,1.5704362235412188
934,0;363,0.07607432808064503;691,0.20410254288039817;516,0.731745931189804
250,0;129,1.0971260553176696;195,5.852939845477479
710,0;725,0.21313877729706138
724,0;626,0.8341807665551738
70,0;518,1.7677922328204987
157,0;92,1.8646557972630289
530,0;721,0.25186101706177005;581,2.7146200519237307
268,0;284,2.072442565680724;209,2.5060180718455465;22,3.8004183581739586;775,3.723329698513475;142,3.7358576250153193;21,4.470559977977158;708,3.985484400669596;327,4.705082798160235;871,4.181642963791675;29,5.122748391845092;225,6.295213468962977;629,7.2198756551607906;157,9.025348481619696;1003,9.76584566175814;92,9.231196247469214
33,0;752,2.0136086298970395;399,2.4415616268397677;539,2.665235862056164;702,2.7427082940289247;428,3.1970040418675216;360,3.4789972041083126;427,2.9032361075195277;421,4.263016541165383;240,3.700742995858478;999,3.7297658597574395;797,4.856113763122831
623,0;998,0.18790070980497287;472,0.9298034336457713;97,0.9962011056974708;179,1.460004528033041;424,4.707800373602975;66,4.900410993023124;572,6.757834978995097;149,8.502535215352111;605,8.99560269405769
628,0;201,3.10578484232143;515,1.4829121647911234
547,0;157,1.0087116104566223;670,1.9213199039778257;223,2.2253833448517812;292,3.8268215114392437;279,3.843343539943362;781,4.324360215710899
290,0;986,0.3198576541455479;822,0.04571205781083049;136,1.2664542344183278
520,0;700,1.5065803290137774;980,0.5280896410723479
716,0;11,0.05098701146756846
953,0;269,0.5022634917782803
425,0;487,0.2675654905220478
540,0;929,1.0473020919778968
758,0;484,0.16668004063467648;445,1.6111414781009306;497,3.5528542942196166;82,2.2950679537323806;809,1.709861003602766;297,2.5946697814650963;999,2.5387221429344478;633,3.3942728686615373;259,3.3446592300816538
125,0;107,1.5564503623494386;741,0.010229096037469852
796,0;32,2.350974805421702;269,5.374341065511298
168,0;855,2.788408006561056;452,1.5373022415772168
535,0;670,2.0351492987056616
690,0;201,1.0231518254205447;844,3.2042881712017555
574,0;5,3.2184313117538816;402,7.937401233812549;956,9.122189415014551;199,8.572433784482682;60,12.759146438073092;319,8.71214037862151;234,9.240192467239465;888,9.414488658929324;78,10.061602816233654;947,9.516872322502563;696,10.08257574506873;212,12.816607717322595
442,0;135,0.20186624092197442;261,1.309630029119864;921,4.067433764359261;1,1.3807823458847566;906,3.3514367436304346;592,4.177305042212922;359,3.403895790870601;244,3.6991267444812403;185,4.830069304862438
919,0;607,2.2047658277389246;267,4.104152371602412;835,4.478871553427536
375,0;913,1.7405913290165582;966,2.5357793419199917;498,2.5717449780013575;917,4.13155523264686
1003,0;612,0.1359889594506201
689,0;888,1.7984343222359742
1015,0;1007,0.07289560694617905;764,1.4012665772796207
829,0;802,0.8339294516433343
255,0;322,0.1349055795470544;369,0.42375843927264084
816,0;744,1.3389458953605688;85,0.07903510921660685
578,0;49,4.8006297483019935;485,5.129614820644406;318,5.1958267734082195;762,5.143668866885922
635,0;215,0.7595947203206804
293,0;598,4.839792175335051;840,0.3689695380136325;686,0.6308577626430998;473,0.40873768945807754;20,0.710407456945129;139,2.213283159175958;323,1.2779138334151463;678,0.5926716123920568;360,0.8898552749176364;29,1.5393984863331092;974,2.0213673848688445;63,2.9277400752607723;580,1.7932654719115018;914,2.330533456240012;512,2.96206752325529;194,2.7838591116470863;375,3.111716535043209;616,3.706389287289714;728,11.910441598645303;251,3.940474336031229;576,4.2963128376178545;802,4.833469154000308;86,4.7653515843854075;18,4.772996147306883;264,6.512980741922153;710,6.206818095172812;112,4.994347471809149;49,5.423435160492757;485,5.587383332581726;318,6.956717690571033;965,9.341353375678644;5,6.810894831703912;58,8.16059348379885;154,7.516010825548992;998,9.57121214364611;727,8.963475390419138;67,8.222997940663284;173,8.33880039822365;447,8.97940751820354;236,9.19114798936733;975,9.440065182471427;189,10.383173117519535;422,11.19494612841328;638,9.366285538781034;172,9.822887648232905;524,10.354791375424334;907,10.4356687272126;326,10.328586854829206;382,10.25556643093982;869,11.639107463279293;364,11.500086770848934;619,10.791840764362766;203,13.291315336960363;295,11.948609122234933;343,12.331828149592718;827,11.967053630993664;709,11.97406704346326;308,12.010930981862044;912,12.678255192126656;577,13.212837201323426;792,13.097866402816368;523,13.260149084839663;883,14.042800100039543;609,13.676280791189471;77,16.50566595091625;421,14.152373567433418;797,15.917659734336544;702,17.162019301585083;427,17.320840769948216
747,0;513,0.8195180617444371
186,0;978,0.0652393284098691
257,0;393,0.1361488715585531;410,0.20829561625422377
958,0;101,0.14235094152335154
211,0;990,0.42886247921732534
594,0;405,3.202612122461407;668,5.5550814733954414;798,3.5132840473649227;1005,5.662714371815741;373,5.4745559451524795;356,6.332145245140063;221,8.425090317317753;86,9.131406331268192;975,8.828429093718212
551,0;341,1.1426190359630273
462,0;446,1.143549862310299;359,3.1805647691239702;892,3.4953932000117627;330,4.322973604027972;906,4.718368359201761;592,4.745032978083728;304,6.800648264970935;668,6.8741523351493505;578,8.890582268558436
769,0;827,1.4999673662063817;404,0.17263572286680554;485,3.4121857165723126;318,5.441521740963747
716,0;968,1.7530053118326694
64,0;873,0.5733079680409905
53,0;835,1.4194193211240222
575,0;209,0.1391404332687988;775,0.8313675387296209;142,1.1039317060998948;708,2.6009060473415753;902,1.9498266644926754;515,2.207154953075537;327,2.970318259877944;1010,3.179255198956341;871,3.3417934179384408;483,5.217956200974029;29,3.68811790528213
63,0;616,0.14310818520975266
