0,0
1,1
2,2
3,3
4,4
5,5
6,6
7,7
8,8
9,9
10,10
11,11
12,12
13,13
14,14
15,15
16,16
17,17
18,18
19,19
20,20
21,21
22,22
23,23
24,24
25,25
26,26
27,27
28,28
29,29
30,30
31,31
32,32
33,33
34,34
35,35
36,36
37,37
38,38
39,39
40,40
41,41
42,42
43,43
44,44
45,45
46,46
47,47
48,48
49,49
50,50
51,51
52,52
53,53
54,54
55,55
56,56
57,57
58,58
59,59
60,60
61,61
62,62
63,63
64,64
65,65
66,66
67,67
68,68
69,69
70,70
71,71
72,72
73,73
74,74
75,75
76,76
77,77
78,78
79,79
80,80
81,81
82,82
83,83
84,84
85,85
86,86
87,87
88,88
89,89
90,90
91,91
92,92
93,93
94,94
95,95
96,96
97,97
98,98
99,99
100,100
101,101
102,102
103,103
104,104
105,105
106,106
107,107
108,108
109,109
110,110
111,111
112,112
113,113
114,114
115,115
116,116
117,117
118,118
119,119
120,120
121,121
122,122
123,123
124,124
125,125
126,126
127,127
128,128
129,129
130,130
131,131
132,132
133,133
134,134
135,135
136,136
137,137
138,138
139,139
140,140
141,141
142,142
143,143
144,144
145,145
146,146
147,147
148,148
149,149
150,150
151,151
152,152
153,153
154,154
155,155
156,156
157,157
158,158
159,159
160,160
161,161
162,162
163,163
164,164
165,165
166,166
167,167
168,168
169,169
170,170
171,171
172,172
173,173
174,174
175,175
176,176
177,177
178,178
179,179
180,180
181,181
182,182
183,183
184,184
185,185
186,186
187,187
188,188
189,189
190,190
191,191
192,192
193,193
194,194
195,195
196,196
197,197
198,198
199,199
200,200
201,201
202,202
203,203
204,204
205,205
206,206
207,207
208,208
209,209
210,210
211,211
212,212
213,213
214,214
215,215
216,216
217,217
218,218
219,219
220,220
221,221
222,222
223,223
224,224
225,225
226,226
227,227
228,228
229,229
230,230
231,231
232,232
233,233
234,234
235,235
236,236
237,237
238,238
239,239
240,240
241,241
242,242
243,243
244,244
245,245
246,246
247,247
248,248
249,249
250,250
251,251
252,252
253,253
254,254
255,255
256,256
257,257
258,258
259,259
260,260
261,261
262,262
263,263
264,264
265,265
266,266
267,267
268,268
269,269
270,270
271,271
272,272
273,273
274,274
275,275
276,276
277,277
278,278
279,279
280,280
281,281
282,282
283,283
284,284
285,285
286,286
287,287
288,288
289,289
290,290
291,291
292,292
293,293
294,294
295,295
296,296
297,297
298,298
299,299
300,300
301,301
302,302
303,303
304,304
305,305
306,306
307,307
308,308
309,309
310,310
311,311
312,312
313,313
314,314
315,315
316,316
317,317
318,318
319,319
320,320
321,321
322,322
323,323
324,324
325,325
326,326
327,327
328,328
329,329
330,330
331,331
332,332
333,333
334,334
335,335
336,336
337,337
338,338
339,339
340,340
341,341
342,342
343,343
344,344
345,345
346,346
347,347
348,348
349,349
350,350
351,351
352,352
353,353
354,354
355,355
356,356
357,357
358,358
359,359
360,360
361,361
362,362
363,363
364,364
365,365
366,366
367,367
368,368
369,369
370,370
371,371
372,372
373,373
374,374
375,375
376,376
377,377
378,378
379,379
380,380
381,381
382,382
383,383
384,384
385,385
386,386
387,387
388,388
389,389
390,390
391,391
392,392
393,393
394,394
395,395
396,396
397,397
398,398
399,399
400,400
401,401
402,402
403,403
404,404
405,405
406,406
407,407
408,408
409,409
410,410
411,411
412,412
413,413
414,414
415,415
416,416
417,417
418,418
419,419
420,420
421,421
422,422
423,423
424,424
425,425
426,426
427,427
428,428
429,429
430,430
431,431
432,432
433,433
434,434
435,435
436,436
437,437
438,438
439,439
440,440
441,441
442,442
443,443
444,444
445,445
446,446
447,447
448,448
449,449
450,450
451,451
452,452
453,453
454,454
455,455
456,456
457,457
458,458
459,459
460,460
461,461
462,462
463,463
464,464
465,465
466,466
467,467
468,468
469,469
470,470
471,471
472,472
473,473
474,474
475,475
476,476
477,477
478,478
479,479
480,480
481,481
482,482
483,483
484,484
485,485
486,486
487,487
488,488
489,489
490,490
491,491
492,492
493,493
494,494
495,495
496,496
497,497
498,498
499,499
500,500
501,501
502,502
503,503
504,504
505,505
506,506
507,507
508,508
509,509
510,510
511,511
512,512
513,513
514,514
515,515
516,516
517,517
518,518
519,519
520,520
521,521
522,522
523,523
524,524
525,525
526,526
527,527
528,528
529,529
530,530
531,531
532,532
533,533
534,534
535,535
536,536
537,537
538,538
539,539
540,540
541,541
542,542
543,543
544,544
545,545
546,546
547,547
548,548
549,549
550,550
551,551
552,552
553,553
554,554
555,555
556,556
557,557
558,558
559,559
560,560
561,561
562,562
563,563
564,564
565,565
566,566
567,567
568,568
569,569
570,570
571,571
572,572
573,573
574,574
575,575
576,576
577,577
578,578
579,579
580,580
581,581
582,582
583,583
584,584
585,585
586,586
587,587
588,588
589,589
590,590
591,591
592,592
593,593
594,594
595,595
596,596
597,597
598,598
599,599
600,600
601,601
602,602
603,603
604,604
605,605
606,606
607,607
608,608
609,609
610,610
611,611
612,612
613,613
614,614
615,615
616,616
617,617
618,618
619,619
620,620
621,621
622,622
623,623
624,624
625,625
626,626
627,627
628,628
629,629
630,630
631,631
632,632
633,633
634,634
635,635
636,636
637,637
638,638
639,639
640,640
641,641
642,642
643,643
644,644
645,645
646,646
647,647
648,648
649,649
650,650
651,651
652,652
653,653
654,654
655,655
656,656
657,657
658,658
659,659
660,660
661,661
662,662
663,663
664,664
665,665
666,666
667,667
668,668
669,669
670,670
671,671
672,672
673,673
674,674
675,675
676,676
677,677
678,678
679,679
680,680
681,681
682,682
683,683
684,684
685,685
686,686
687,687
688,688
689,689
690,690
691,691
692,692
693,693
694,694
695,695
696,696
697,697
698,698
699,699
700,700
701,701
702,702
703,703
704,704
705,705
706,706
707,707
708,708
709,709
710,710
711,711
712,712
713,713
714,714
715,715
716,716
717,717
718,718
719,719
720,720
721,721
722,722
723,723
724,724
725,725
726,726
727,727
728,728
729,729
730,730
731,731
732,732
733,733
734,734
735,735
736,736
737,737
738,738
739,739
740,740
741,741
742,742
743,743
744,744
745,745
746,746
747,747
748,748
749,749
750,750
751,751
752,752
753,753
754,754
755,755
756,756
757,757
758,758
759,759
760,760
761,761
762,762
763,763
764,764
765,765
766,766
767,767
768,768
769,769
770,770
771,771
772,772
773,773
774,774
775,775
776,776
777,777
778,778
779,779
780,780
781,781
782,782
783,783
784,784
785,785
786,786
787,787
788,788
789,789
790,790
791,791
792,792
793,793
794,794
795,795
796,796
797,797
798,798
799,799
800,800
801,801
802,802
803,803
804,804
805,805
806,806
807,807
808,808
809,809
810,810
811,811
812,812
813,813
814,814
815,815
816,816
817,817
818,818
819,819
820,820
821,821
822,822
823,823
824,824
825,825
826,826
827,827
828,828
829,829
830,830
831,831
832,832
833,833
834,834
835,835
836,836
837,837
838,838
839,839
840,840
841,841
842,842
843,843
844,844
845,845
846,846
847,847
848,848
849,849
850,850
851,851
852,852
853,853
854,854
855,855
856,856
857,857
858,858
859,859
860,860
861,861
862,862
863,863
864,864
865,865
866,866
867,867
868,868
869,869
870,870
871,871
872,872
873,873
874,874
875,875
876,876
877,877
878,878
879,879
880,880
881,881
882,882
883,883
884,884
885,885
886,886
887,887
888,888
889,889
890,890
891,891
892,892
893,893
894,894
895,895
896,896
897,897
898,898
899,899
900,900
901,901
902,902
903,903
904,904
905,905
906,906
907,907
908,908
909,909
910,910
911,911
912,912
913,913
914,914
915,915
916,916
917,917
918,918
919,919
920,920
921,921
922,922
923,923
924,924
925,925
926,926
927,927
928,928
929,929
930,930
931,931
932,932
933,933
934,934
935,935
936,936
937,937
938,938
939,939
940,940
941,941
942,942
943,943
944,944
945,945
946,946
947,947
948,948
949,949
950,950
951,951
952,952
953,953
954,954
955,955
956,956
957,957
958,958
959,959
960,960
961,961
962,962
963,963
964,964
965,965
966,966
967,967
968,968
969,969
970,970
971,971
972,972
973,973
974,974
975,975
976,976
977,977
978,978
979,979
980,980
981,981
982,982
983,983
984,984
985,985
986,986
987,987
988,988
989,989
990,990
991,991
992,992
993,993
994,994
995,995
996,996
997,997
998,998
999,999
1000,1000
1001,1001
1002,1002
1003,1003
1004,1004
1005,1005
1006,1006
1007,1007
1008,1008
1009,1009
1010,1010
1011,1011
1012,1012
1013,1013
1014,1014
1015,1015
1016,1016
1017,1017
1018,1018
1019,1019
1020,1020
1021,1021
1022,1022
1023,1023

703,0;477,0.008438988991352942;411,1.7673719576790299
261,0;921,0.4179622909106614
87,0;389,0.0938805510917417
97,0;782,0.48711560540775256
161,0;170,0.6018525339139608
541,0;864,1.6885345155077136;861,1.254557490248316;184,0.5240970219858928;36,1.9062268289926572;4,3.5503588598151437
944,0;521,1.8343902497480256;858,1.3191001826203268;648,3.1809948450178456;47,6.928187946967784
770,0;102,0.8062754095153697;70,0.44123554638461576;518,2.828110771240236
675,0;727,1.1088692784510623
558,0;1019,0.5769302487120381
229,0;47,0.4356313422911429;749,5.043931972396466;629,0.706923849998376
690,0;201,2.4823699480822
109,0;236,1.253313213612423;975,1.480332285703962;189,2.0192004629451157;524,1.515844622956328;988,2.569830661694845;734,2.848331913523817;295,3.539580727996655;88,6.400042917131717;813,7.581714837626812;731,3.0074539861528207;858,3.6008483368232884
43,0;229,3.0376518970399062;47,4.790570221522591;214,3.4720880480773713;222,3.8089802481586172;876,4.414850691918348;629,6.5537769678560345;157,6.760016166955717;92,6.974846455112701
328,0;404,3.029388902365817;831,0.271058367275674;893,2.3446736384733553
788,0;705,0.14662518926154924
211,0;990,0.7333447038642398;875,2.09981696077907;675,4.015799516126391;162,2.6161987972222422;128,2.975459885422737;743,3.0458421157733118;565,3.801168187183302;955,2.8817693969198657;797,5.267179065393521;102,3.0138353968582035;747,3.9912078906896395;698,4.702142972051876;373,4.409432014145596;141,5.828065118071728;727,4.0709748915350685;531,4.5483974116660395;19,6.661818128544937;898,5.49522757201431;443,5.405628944957917;900,6.415992334634926;2,5.998303208986016
288,0;336,0.038548097934370015;1,0.047222877852734976;735,0.08390381966243714;512,0.8143631795673032;728,2.2455245161097537
480,0;924,1.3717475051633685;539,1.7492675681870091;587,3.1246991996764693;702,1.981261654077489;983,1.9938276233731127;360,6.6732774118887805;421,2.7148470564873373;405,2.686365040117986;668,4.027244238453433;1005,3.3104422193093543;797,3.041892239908031;241,5.583908197026449;616,3.425233491371507;65,3.9906434311989285;356,3.357791695524831;256,3.691400139001543;86,3.6454544888612213;576,4.321903585278556;618,4.188391166950651;365,5.5880311118623505;738,6.103094841599562;715,6.0003666059932845;274,7.443662708294431;513,6.324180522777027;918,7.120670038676419;58,6.843484663793275;811,6.1625624371083;745,8.729306102327381;778,6.281938191471798;998,8.578753563011615;67,7.293047499271738;173,7.718627519613697;516,7.809558652233165;996,7.61794753568365;851,8.831724089849683;236,8.742618736182164;447,9.167877357373907;907,12.38165529734388;642,9.283485035519657;174,11.050955838126942;198,9.374788052990278;189,11.396248837156703;790,12.455845904691113;734,11.492505750651892;813,11.64911823360347;731,13.84387795591312
176,0;711,4.528656174542345;503,2.4674559939653595;256,3.015624311956757;520,4.5715632948827345;607,4.756566779815341;618,4.421585659325732;195,8.817170155767185;268,6.425403458793209;458,5.81305278768848;267,5.069021036750891;270,6.4998430253945045;124,6.008575779548947;797,6.537728458056927;582,6.032891423225125;284,8.371055024103008
757,0;1022,0.9584947676367261
330,0;906,0.36774433709597315;592,0.7080338923026329;359,1.7705031312171318;244,2.1032065030058718;318,1.9120787642822397;174,3.193958488574638;791,3.948581432036671;570,3.6921404129989277;578,5.460752112518063;49,7.057583294985648;485,7.856302972491853;360,7.427890992830881;762,8.074910995816829
421,0;797,0.06203092375596184
892,0;486,2.761859735271021;2,2.783540878943568;562,3.3452607187308705;744,4.294555862101722;67,4.706519258266193;977,4.466052079518854;447,4.9387857009353855
706,0;297,0.7285034106841396;259,1.331429660847897
1002,0;192,0.08901792716519351
576,0;86,0.3523903235781902
403,0;812,3.5214885051421843;81,3.7143611027622425;400,4.057937980870587;240,4.527246912075794;375,6.117721113364974;131,6.215085510027282;780,7.026234867592127;913,7.14920688080404;429,7.2204091033462765;966,8.625009028466327;209,8.48826660196165;123,7.1497096250536245;710,11.430600376394766;22,8.612787477949654;775,9.147167566572787;142,9.378051378228268;21,10.471001589710365;708,10.58659351870325;902,12.106572909743429;1010,12.180405174974712;725,11.814788064559206;5,11.87898419891784;402,12.14830624042122;154,12.579686498535533;956,14.259042392410267;483,12.209337213588643;481,15.025219722980232;316,16.520481553988976
558,0;1019,0.6056455916219001
719,0;960,1.3737791745209835
587,0;241,0.031024582675739577;510,2.2677123275404765;622,1.8030025958734102;616,1.453286819565216;365,1.1904889329267834;738,1.3941710237341538;274,0.9045032927104468;516,3.0466626009919757;991,1.3214021337826576;851,2.1850252837925845;636,1.7564101754935801;552,1.6838039369638353;918,1.6433729444448493;461,2.7300311689922214;58,1.8122533940803602;811,2.632700843096704;727,1.9873335267543712;174,2.7602687696842487;778,2.7698246698812;37,5.017013265997106;570,3.176356168248184;189,5.131315685807916;790,3.179548337588726;578,2.775332273589575;728,6.200543633771236;152,5.237848971122717;734,5.457165999092337;619,6.324669370649993;295,5.413109888448411;343,6.39012022720611;827,5.89177633130549;731,5.609926270538889;485,5.941194848477477;912,6.609472629276538;1009,8.067884231453881;864,8.803672671672716;36,8.828539415250518;238,9.067236022171123;611,9.495733696750824;895,13.380124000359624
599,0;590,0.0550733316625238
562,0;67,1.1737727329424137;173,1.6902407201744771
754,0;830,1.0942855418357478;574,1.4868498313124423;943,4.827781789487928
804,0;37,0.5050289947210449;728,1.731615112239103;845,1.835236844212517;531,2.8733614929093783;600,3.2906473782161303;561,2.9211263206295626;898,3.3924473473400205;443,4.778040110497445;247,6.291933899602743;812,6.935906217418545;400,7.247766885601678
342,0;528,0.04508670634251304;468,0.775833512604577
524,0;988,0.25499361442402235;557,0.319996812754421;523,1.8883413589317073;88,0.7812021641209046;245,1.2042040177116753;510,2.3956366073783615;478,2.4513272306671503;805,4.008507653491136
992,0;912,0.6431302251826846;1009,0.7268150044272927;365,2.0104233733418697;636,2.2346189377199095;847,3.453175688811092;704,4.715465188887769;600,6.710355451801323
673,0;207,0.5489062072391054;731,1.6763310873166481
645,0;103,0.10456009328873765;390,1.9692243999444514;307,1.1053175111609779;218,0.6453907647080159;925,0.003433439205170146;718,1.6654019161423008;584,0.23659915226401215;224,1.8247404030745424;726,1.3436307633947286;508,1.5813365907676868;293,1.817733466918817;811,1.7796480526137712;598,2.1436658794979935;840,2.0029952288764568;323,2.2546021059108514
470,0;430,0.03321173091251373;157,1.072300610540543;1003,1.449453438689732;670,1.6661521799188215;612,1.4703987382616723
940,0;6,0.5909821189949314;455,1.5035598491504119
682,0;999,0.6783806702915849
586,0;583,1.2700359328321338
659,0;915,0.4735409665822706;959,2.340364334515466;319,1.0838409353952598
566,0;159,0.6225304938518856;989,0.11199859312165743;271,0.12932415192852678;206,0.7233997009412707
274,0;516,1.3786340979948786;991,1.7166381609801082
347,0;668,3.589959536918878;578,4.09191361716525
83,0;1003,2.922577391020106
264,0;58,0.023802893886645932;998,2.1627703170511743;67,5.039396219485344;189,1.6249986431171055;734,3.24918105404307;619,2.1090013352180605;295,2.0430627597655833;343,2.4780858105315486;858,2.9482583507447604;827,9.238671714861884;447,2.2405446518293455;907,3.4439114065301224;580,4.200005828242446;813,5.712559603604997;878,5.702510270999314
975,0;861,0.16522149005544037
275,0;675,0.18196355905563774
428,0;240,2.4393718034090326;187,0.21951944402185536;778,1.6883011762190574;918,0.7687663155450681;131,3.994670217759467;537,4.61090126172426
795,0;291,0.8527693212401704
105,0;789,1.4122909663135714;721,0.08075768554642955
1010,0;483,2.3349541704039667
34,0;539,0.7472505102906297;702,1.0502052140432554;360,6.254501287249481;427,1.8687187866260553
1012,0;972,0.8019161331080886;888,0.30069469194187903;246,2.4653821921556562
339,0;39,0.45515034977537994;630,0.48040367553766977
927,0;125,0.8964768919855536;855,0.6324045484403015;741,1.0043086785700852;554,2.673633456750623;48,2.9345180601970835
860,0;106,0.013183748200133802;649,1.9436573884152106;622,2.0326980184335666;422,0.4880493671285268
975,0;524,0.3500927939974016;988,0.6275964846166219;557,0.9568389983862544;523,1.849447378552017
799,0;869,1.8815028819208113;1012,2.5573959626665093;691,3.144073719752062;888,3.703831897846863;754,3.3591270117981886;516,3.4962573914132205;947,3.8658885142480273
340,0;417,1.308508595616266
284,0;209,2.0873449148397167;283,1.1268328390120403;710,2.260946761799362;965,2.3760254031614156;725,3.724712529764094;422,2.50420433526307;638,4.386146270103314
146,0;161,0.6371757283787125
761,0;22,0.8736070415755072;297,0.23211663624628365
783,0;489,1.3426683157204138
51,0;965,0.4593779009840694;422,0.5539785036479802;203,0.6611896434480657;350,1.7588075564847416
26,0;677,0.2922176912753998
380,0;543,0.27372851922822405
449,0;251,0.2062050028102259;802,0.22546574979539757;122,1.4062459539558954;112,0.9154793492033226;238,2.8255342630094358
948,0;570,0.7708666302618631;204,3.201597698247842;990,3.8805924364311806;871,3.8378433665278853;125,3.617237223595805;986,3.9908086492869908;29,4.519367869019332;460,8.151118858205534;875,4.1596224355503955;861,4.096697579907509;136,5.2220782979014135;675,4.405206454012923;826,5.806408420765053;355,4.292025114991996;531,5.541758409338955;580,4.649122216163263;852,7.694632444276415;600,6.29996639000292;898,6.819748370657273;62,9.064613121865913;443,6.069599325109443;341,5.9812212874555435;278,7.1597335897939836;900,6.372591608300229;812,6.712336827578861;409,8.393281197115696;81,6.929259469960345;375,7.258500935177779;3,7.722212615034395;572,8.735928707396807;149,9.599182752103744;282,10.034798858011651;605,9.601970320961717;85,10.025496067405472
318,0;174,0.0174888452059848;570,1.038125224202548;189,0.7714782307556097;578,0.028023994632592066;49,0.10543725154649819;485,0.293726433499246;360,1.0663750647513675;762,0.8051527480976154;295,0.9505369070206715;343,0.9774314714021639;858,1.3510499597363423;827,1.0752152991746156;709,1.199848717567891;577,1.5902438067668392;308,1.756980792499332;580,2.6659059965256127;824,5.802302377157837;689,7.88984933232959
363,0;193,0.37371617671266505;456,0.8761410899264699
197,0;572,0.6015232962318877;789,3.234456013143926
796,0;65,1.1873430976835548
199,0;60,1.2398451979551182;212,2.771149088771022
737,0;313,1.3401919860734963;403,0.597648890995874;812,2.777376868848897;81,4.0659779898568225;400,3.3713237757987238
203,0;350,0.7382039157992425
80,0;364,0.6004338340592474;295,1.6596574600576384;781,2.179740753495933
587,0;622,0.32464723653845323
335,0;256,3.2813703811824944
697,0;193,0.5737771299071545
1016,0;193,0.10755747014168614;456,0.5805501605310607
103,0;224,0.38160074279612805;664,0.42184265123869835
304,0;668,1.1455214738312456;578,1.206206236479293
42,0;833,0.13680767044749742
854,0;866,0.04615323516185265;884,1.1805598828929227
62,0;352,0.6750210248946322;710,0.4111387993539941;620,0.06825129263608992;650,1.2464593402591517;430,0.32375091016481233;5,0.4815265284318127;438,1.2556285950926513;45,1.200783333348253
785,0;540,1.0202082968513198
632,0;828,1.9132799235862818
803,0;799,1.530132554311576;847,0.5572379084424697;903,0.681599967448731;704,2.529135973102419
480,0;130,0.7848530806900261;784,1.5310667953267028;662,1.575251230840491
712,0;254,0.745611550307888
766,0;561,1.1392310676599142;446,0.30618856942667794;316,0.8366428933012888;679,3.681440705380146;247,2.330511892155161;789,3.935265625244742
51,0;965,1.3466774879516394;172,1.5629847486535169;326,2.552147942712105
807,0;287,0.01957884876089771;915,0.12203666822664322;536,0.5266195992546535;162,0.7031063096086374;959,0.7653963408958848;319,1.2722960946599033;332,0.20679062163103867;84,1.2964258378881877;507,0.22247815615215097;760,0.6512154075978398;337,4.296519891412563;292,3.906752084672823;196,4.5459143812752;128,0.9723845344183554;559,0.7462320899582152;240,1.2459747381085942;501,1.9797283933376337;102,2.81271500231467;234,2.0247411530885753;19,1.6266278443753743;1002,2.3892339602692507;78,2.0791168880351236;841,3.8431190506616204;192,3.549212733297078;460,4.559212413684602;279,3.9465582909256844;791,4.5450664210604454;747,5.232118630148008;727,5.823555814697372;864,5.134093599654274;869,4.615195596969039;4,6.490959171349809;513,5.4398181731769295;795,7.245584821943652
470,0;157,0.0054342509831847175;1003,0.6832740264724251;670,0.43781225864307355;92,1.9910162105493414
659,0;915,0.60406514998082;319,0.6910102063256516;332,2.695856598008085;893,1.765610610645078;991,3.7698269949034824;507,3.075470284929639;493,4.100863259212822;799,4.807012042411854;869,5.0097316285030224
489,0;782,1.3127304178706893
1018,0;738,0.005141467028203739;290,1.4087241294820971;504,1.9042547401498753;461,0.05451655424543928;734,0.3505156171524486;37,0.7685976902200772;731,2.047579709866131;152,0.9354407420161106;845,1.0921888707358327;628,1.7897030966009497;531,1.2336773284661757;600,1.6160560066964047;898,2.209568767863031;62,5.992603001656766;986,1.4887516539215888;822,2.2413491174664273;861,2.47224372840444;770,2.449346895563144;2,2.9130481919921083;70,2.7521970295900338;518,2.957177464302275;744,3.4631208928925585;396,3.143615333105002;797,3.278939503317423;620,6.954407792802057;680,9.005605632135428
720,0;345,1.9664949928537854
547,0;157,1.3124925321443288;1003,3.0965491868536352;92,3.5645036058412347;612,3.225026327591255
491,0;103,0.21910646886950402
493,0;352,0.5823899108972427;117,0.9147425692631788;438,1.1937059915371173;376,1.3300866731971914;1019,3.7695857236144286;697,2.2746724818006996;193,3.129260027066163
695,0;597,0.778224687959213;646,1.186493232213247
470,0;157,1.225597272613945;1003,1.7980222192740651;612,1.8662664845635348
567,0;52,1.123138307619878;381,0.8168639794068544;838,1.2075426224166415;654,1.804182513798401;709,3.929237639339261;825,3.1969289088390154;594,3.393181373865634;554,3.511080772944611;308,5.1331991599965665;824,6.617482517467536;689,7.490322158443454;888,8.09075390276708
105,0;789,0.5000062805038212
263,0;587,3.971002636619315;685,1.3633884961117;241,4.689534454866961;510,4.94329748571151;622,4.277940521406399;616,4.6816202276544425;715,5.275426411441498;513,5.8202926659862175;249,5.507945996305684
424,0;66,1.9891210248049846;572,0.5045323626934555;149,1.3731630346332873;282,3.1687275033167794;789,0.9247620109202135;510,1.5050629319491886;478,2.841675826235776;484,3.2714982864260005;805,3.911581741083932;497,3.302735888946467;82,5.604025151004858;970,6.01545843319901;657,5.623789024199258;633,6.3010899876772415
362,0;162,0.5865430355007295;559,1.8159834853945995;743,1.8075891513161755;565,0.6452556578238028;955,0.7414678486609295;698,2.2030092248686546;797,0.7658474599539048;684,2.625811372681268;501,2.3024829942449534;319,2.639455816071588;795,3.706258137736568;708,3.045799668002223;523,4.299244234686373;234,4.913533161004587;893,2.8383240977850304;327,3.189422289587924;1010,5.576312236829791;871,6.5862603411079075;993,3.631725136126516;328,3.7710527106003786;944,4.246144732360198;291,4.853792775307136;721,7.259150853099503;831,5.589464705907531;521,6.4348780291450005;858,5.934629164617063;726,5.00876825879075;648,5.919678523002839;609,4.488067139476181;77,5.255946510057598;78,5.624942603293744;780,7.229073566888024;702,5.910197686023605;93,6.179219105429847;841,5.814188901569636;494,8.659549948561445;427,7.663453593684865;152,7.411905748399282;47,8.935577340516296;580,6.49475481127104;305,7.984253831176726;394,7.9031976497017045;416,7.536402896588908;64,8.75396120825254;749,9.070707889917799;629,11.534004556879383
827,0;485,0.15365718235389778
577,0;883,2.416987079887748
378,0;334,1.263094385582842
499,0;488,1.9242627595681165;433,3.7824785624093042
149,0;605,2.500040921555978
480,0;130,0.6086180530537696;924,0.29887735664609993
882,0;672,2.0159530609172354
934,0;612,0.5199582868713416;363,1.74295785027105;691,0.4956444043359264;516,0.5812523040491664;405,1.8509159011139147;512,3.2428458831459803;193,1.7587763069415203;668,2.7484296214511343;611,3.662315288275307;251,3.3739771607447495;895,3.947243956361338
1013,0;533,1.3399384670977093;408,0.4290871496820056;385,0.6844009089105682;983,3.492477594177289;350,0.4526810814729381;875,1.1441045590208831;920,2.688228678400286;152,5.9934142912437425;355,3.7780930735423217;131,3.9753686278741447;537,4.043056343277636
736,0;767,1.6007981956084911;533,2.8329924792347976;635,2.589751592568122;656,7.102658660222863
485,0;318,0.6515368435599662
358,0;4,0.7553735741749272;153,0.15784793373110945
686,0;463,0.04863686364274928
488,0;830,0.9832628426357978;141,2.3593445715716155
78,0;696,0.1339666999272913;841,0.33270275452070064;494,1.174612967068453
510,0;478,0.5349138189985032;805,1.9897390379352213;605,2.7561279048917497;970,6.959137980474046;657,2.2792734717629832
105,0;789,0.9427551757234887
967,0;68,0.02211581954839998;105,3.989956477813089;789,4.715678101468327
458,0;124,0.30548981837068445;582,0.34705089148483076
734,0;813,3.1987251677309265
547,0;157,1.3715661264839905;1003,3.8461858190510556;670,1.9212918595371005;92,1.3856422610048638;223,2.4140171071018357;292,6.85924545610801
897,0;225,0.11137444705765284;857,3.361780887772084;629,2.0403194465605927;636,5.833398744704178
912,0;792,0.9443844430322104;1009,3.4612825633014106
867,0;276,0.03612904623403488
682,0;999,1.6446039462439053
162,0;128,0.0712811924038693;955,0.4298124895058035;797,0.5978279602544655
1002,0;192,1.1026829225420751;460,0.1712303864330816
149,0;605,0.8295553061215203;85,2.5409379107951624
565,0;698,0.33199327648346916
792,0;515,0.12153808828269579
145,0;34,0.0045031897889439695
984,0;515,3.424443960442871
571,0;315,0.32432877144995953
185,0;639,1.6746943255354976;911,2.9386036245823486
254,0;313,1.4252007332035028;594,1.5948585756038647;405,1.7506576645896157;668,1.8707370402904657;578,2.394743794360567;49,2.4605991210501683
305,0;78,0.718227449090325;696,0.8367378057278533
241,0;738,0.7920480456077473;715,0.2595055013115019;513,1.6197489236485751;249,0.9734413341672161;461,2.4617981270542346;58,1.0117837162115122;745,1.9738580528163228;322,1.3626748580546701;998,4.411027438369825;67,1.0673407975125322;189,1.090395683931373;878,1.2007361907900467;173,1.3232637320612637;295,1.4471109393431192;761,2.319531156313916;236,3.175413948864859;474,2.70600380851908;709,1.4918251874882678;308,5.503343288761194;510,2.079469314806645;726,2.679419917604039;37,4.525146741849454;427,7.443956011211659;975,4.330917747801252;861,5.047831564141419;447,6.902478647817223;728,5.634376054897176;824,6.068088035548123;740,8.617659996822622;729,10.501049584075453;146,12.516185934626769
838,0;709,1.2024042776981951;402,2.8045573241859016;308,2.3492464481117974;199,3.0586080876716353;60,3.8960425576170588;319,4.128068849160179;282,5.437366898072551;212,4.50509981948975;234,4.555623816377032;78,6.5080873942612705;876,4.613996879182579;780,5.2006919351064544;416,5.372123599779253;696,6.562568305340979
186,0;978,0.6425596995173413;915,0.8151153405952324;319,1.1437454691809685;332,2.3323642275217122;84,1.6719706205541516;893,1.8768231766458219;19,1.6315829856397723;991,2.997279404944333;507,3.1365809223593475;493,3.090648226908867;954,3.8060286038897004;435,3.3530584581993375;133,3.848832355354314;234,3.706416223749109;78,3.9085574257204025;825,5.190741252576233;896,8.132321636771742;344,4.48867898885428;190,4.8248688712605965;384,4.17487063372814;696,6.052792379974542;26,5.214602439616428;554,5.680756859410449;439,5.282600967820166;848,5.342772281915478;304,5.41358527978398;866,6.593820482473669;792,5.820152040470247;637,5.582824585576087;668,6.330985922878751;515,9.414714729126398;845,7.660238259914635
169,0;806,1.5594173505532969
913,0;429,0.9993451982187765;209,1.035524746638665;498,2.5767370697128245;123,1.387919986252604;710,1.486715989379146;782,1.5026047357902201;999,3.399212705970636;5,1.520773299465793;402,3.702183498018597;917,4.5241841421270195;199,4.574236252240233
694,0;1005,3.657479911382567;622,0.4686991142236147;65,4.124946743076017
29,0;852,0.6818268520718027;572,0.9454102534541212;513,4.593361689612663
50,0;876,0.01853596916460532
892,0;486,2.0259343454210046;2,3.581764389129579;509,2.0450886905206898;644,4.052182892234036;744,3.5912852246253326
595,0;398,1.483349612050737
566,0;271,0.12543352593405324
114,0;924,1.0183091400534963;539,1.9254640217383399;587,2.888740377919166;702,2.009907703338002;983,2.926545990478054;360,3.1248520717533994;622,4.370952850917919;616,4.105199513054805
437,0;65,1.2339227559613843
421,0;797,1.0643775943158087
802,0;264,1.2231809040541466;710,1.1927736786401635;112,0.19044914061392504;232,0.5808753525654882;707,1.3297904197141674;965,1.403021240062112;991,3.150819137502313;422,4.402592337427264;172,3.055919065215889;552,3.1628650247241206
988,0;557,2.481621924697283;523,2.1889841827052696;1017,3.0241511722844194;593,3.209052497802898;36,4.007478306167381;105,5.282707838907288;238,4.525578345688543
894,0;213,1.1394962062484837;162,5.693586988874167;852,1.237385467961862;3,2.2002390654810013;572,3.826764503369998;513,7.082115463498605;282,4.12964766849367;789,3.856724114243517;128,7.457833968130252;559,6.048347589301689;955,7.954399422144553
10,0;73,0.8756862367169491
210,0;159,1.0128091589636714;972,2.0407544930410184;48,1.843274502861191;955,3.085564647389834;95,2.044884723393117;797,7.695625065607657
224,0;664,2.1445013104963127
848,0;751,0.22431342607877747;637,1.3685076614645681;443,0.7835300656618686;900,2.3208778994399726;336,2.485146834821542;409,6.051319259214748;1,4.147465815372197;906,4.370337360597986;359,4.791754558233514;318,5.132402750568139
431,0;416,1.4025017058595264;64,1.863385431516755
154,0;481,0.4602448753292871;316,3.5064899641509744
489,0;782,2.158260742936085
336,0;971,0.1073794413386086;225,0.4087341564244002
144,0;622,2.0692946417445306
678,0;169,0.008116518114954915;249,1.0622611368549044;435,0.5823867437840814;234,1.1855308514501386;322,1.5519084284585314;616,1.7191256991194035;888,2.5650264937930554;78,1.6595756781355537;780,1.3980017346744964;416,2.4301597133981843;474,3.631530111321592;696,4.949837943827164;576,2.8327146663419014;64,2.6530743705356263;86,2.8648682833448236;427,3.7347545626349317
766,0;446,0.9971048205215466
737,0;313,0.30110727479549115;594,1.6330562382823866
951,0;353,0.1009106899420052;802,0.31639129657307835;1,1.3805913880309557;264,2.160531080353881;710,2.227343962641948;5,2.706795254828217;402,5.67048402455152;956,6.0561790503526725
873,0;129,0.2741026546354376;745,0.5464716427494871;195,1.8994476872684025;510,1.4268298873887626;478,2.8708716762254713
826,0;341,1.1119729985386135;278,0.4237035934669962;964,1.008914685553959
575,0;209,2.0260397842366644;775,3.2220112685109523
539,0;587,0.017701403206593934;983,0.2799888672982655;622,1.0442923688953158;405,3.7055723784341663;668,4.42038496603565;798,4.198124641253049;1005,6.8612976354580795;356,7.988636987888113;221,8.26139604946115;256,8.391977258680622;618,10.702802015910022
81,0;240,1.5827456149510832;131,3.6628265512063045;537,9.872577726572619
486,0;2,0.8632334357822531;509,1.2719708291337803;741,3.230165681208324;644,1.6816981064046426;554,6.280397722763439;48,4.917568490468759;955,5.740617183442728;95,5.002350175538635;624,8.137282411288767;797,5.771080130493967;814,9.817603096469703
722,0;825,1.1752685872116602;57,0.20627162128200685;814,0.7836291858182212;896,0.7708676741845777;338,0.9787189388357886;594,1.292790201168004;405,5.03005866581364;668,5.83638149227827;798,5.954403520675019
469,0;160,0.5526650839282674;283,0.3569674175232351;708,1.1291863884750035;1010,4.162874666850895;871,2.8952554972291145;29,3.7855426092386733;852,3.845913161158055
788,0;705,0.828996322826
786,0;6,1.079651955948996
27,0;656,0.9372605557113061
150,0;442,0.3334110436488797;135,2.4451549140855597;261,2.8098552906440046
823,0;696,0.6022318573809387
103,0;224,4.822977086405175;664,6.525498881130421
471,0;374,0.14231477203152262;660,5.0557966746229415;935,3.079814311416329;25,0.20113400334967155;772,3.230060938470042
420,0;58,0.6931177882291393;727,1.540737937508431;189,1.5981037237034346;734,3.883129975387565;295,2.512240291449678;343,2.646989612989634;827,3.643309614030651;813,4.215190942388582
807,0;915,0.3451705274468788;332,0.41539760712784796;84,0.5064471815782711
185,0;639,0.02468902883068677;433,1.7650116244090812;911,0.942244169320639
501,0;795,1.8452309942240313;708,2.153628714493553;1002,3.2458458798937384;291,3.8997602853834152;871,3.4808441162233748;460,4.765902807266661;29,4.883511418276456;869,5.290999966314686;580,5.583768010459354
952,0;596,0.001399880176596949;672,0.2202063569564884
705,0;424,1.061183433093789
449,0;251,0.362319865257938;802,1.0310454478165187
392,0;470,3.19326220902902;157,5.018436830427499;670,6.54588817704729;223,6.930042378795519
189,0;295,0.9588717318420713
220,0;222,0.3054106594076721;876,0.37585013490902375
441,0;335,1.1024304238174931
881,0;822,1.3218378104876656
961,0;102,0.8716800713065146
300,0;207,0.9467341830356143;801,3.93539596904345;397,6.566536601507888;948,4.120348923903217;750,4.338620319555607;204,5.552377069122002;990,5.950707387775116;125,13.219980939659756;460,6.901984780048776;869,8.054088967736831
276,0;11,0.34867819919685206
773,0;893,0.9775976652597325
795,0;291,0.49731519638851673
1017,0;950,0.461321222564864;593,0.6837941004013048;153,0.7060207974049828;100,4.459806501424835
685,0;370,0.0361222988910511;833,0.6463040584295128
905,0;965,0.4032735897533555;638,2.1240407603337665;172,3.877218653463005
997,0;591,0.35588481170858843;588,0.1604854790744427;56,1.204218232864678
843,0;28,3.0859568203794185;861,2.4108324818807763;40,3.4513367357185425;443,0.42107691280271137;489,0.8179577082082619;900,0.9619405038424358;812,2.5841200109162266;409,1.4236602581719031;81,2.702081881149479;400,6.149178785938597;240,2.9807099573227274;131,4.006975681557486;537,4.397760922614338
742,0;520,2.066629937820308;589,0.9101351375442224;700,4.182837405483824;980,2.7521747494311937
1020,0;437,1.5851133361206913;65,1.8605983607601067
297,0;259,0.10472586900699568
88,0;245,0.9125981694270838;510,0.9465525901459723
261,0;991,0.17734579436748898;921,0.8247109988871031;1,0.04246666014517002;735,0.43610006334757795;24,0.8910961865192903
717,0;238,1.321958466879052;611,1.5686943973553293
274,0;516,1.2250367351422586;991,0.6510007172369798
424,0;66,0.7935180022746526
392,0;470,3.3427558104136272;430,3.575102188860386
984,0;881,3.7190571374485635
297,0;259,0.7428711605328185
234,0;78,0.37167866488328005;876,1.43059838477046
469,0;160,0.7258740190652835;708,2.6326285067778983;871,3.7456423741489764;29,10.844520990172361;580,11.088057911295
637,0;336,6.0784347043587
182,0;91,0.49795070078889747;373,0.17591715730765853
1016,0;398,0.17922298042937407
566,0;989,0.3650592367193532;271,1.0974139458951644
204,0;125,3.181349251690505;986,0.01872886895583706;861,0.808893137501273;136,0.14850755648502192;107,3.35676401685998;72,5.3100025747448;169,7.197322335519979
149,0;510,0.44082065445270086;478,1.1867069855091983;664,1.6769223222787908;805,1.5484899786343087;657,2.9171012490221453
377,0;571,2.09042467961654
467,0;554,0.205805306235445
968,0;608,4.793327290270428;77,4.8025864274816445;702,6.532435880952189
349,0;331,1.555931865912028;174,0.9119550052925982;189,0.9314279984955626;790,1.5235167889841237;619,1.291303399142625;533,1.57187565242661;62,2.1570645236578576;352,2.1841346982621492;710,2.440802661773191;620,2.3683241141215796;117,2.786047198448356;45,2.9293337387752993;965,3.314394829387082;725,3.7037944904435225;422,3.7999854730295;172,4.695500542504011;326,4.881207236591119
462,0;446,0.11598777936989016;350,2.5820312449622507;974,0.40327985604464467;479,3.5103975495369344;647,0.46240625646722133
691,0;897,0.02262134139324156;516,1.088810269917062;405,0.07862023097607924;1005,0.49826020573230817;65,1.7764176253867499
442,0;135,0.347656966981975;261,1.0201677670700497;991,1.6894217973353283;24,2.1189226621396324;493,2.118794322251978;954,2.8964203644079864;810,3.083164159006232;73,2.590847449148829;825,3.366904406002665;896,5.32284969267057;311,2.985580071932816;504,4.007368777017457;840,3.896831033711914;554,4.095618610592564;473,4.841273896783467;139,4.400413102430885;323,6.691658113195979;911,4.403082287131725;678,6.870236698984158;974,7.487769442311285;360,7.150619460551269;474,6.896427599317586;169,7.194542966661812;249,9.135707587407616;914,8.816796993249167;512,8.43055654380936;647,7.823169365769117;728,9.077515952551373;322,11.642060477575143
993,0;328,2.971494911839463;404,4.024849844688819;831,3.6759385552820403;93,4.18416188181196;893,4.058484689564187;24,4.509245268990145;295,4.302125958712104;858,4.320921492711801;827,4.385141967419793;580,4.474577144786522;485,6.019146910381886;810,4.544505798873804;318,6.889711413967348
187,0;636,0.952367200055479
199,0;319,1.1531375781275643;234,2.1309744015761134;893,3.0296253243991944;78,2.295892260942786;876,2.494160309382427;780,2.4828055850607638;696,2.4611009822649637;394,2.7185093154082076;416,2.5270353433675585
883,0;421,0.351682724114861;778,0.08142558172754075
103,0;224,2.9646852781079076;664,5.734959217493248
788,0;705,0.32281749022309947;424,1.4789385685427492;572,1.4831204638216058;149,2.1816342836249545;789,1.8873933441380049;510,2.5296875307256608;605,3.8999834964459854;85,5.5392292050673975
606,0;553,1.3357294656935386
484,0;875,0.22624797170315303;826,0.7092446432038672;500,2.534154708609339
106,0;622,0.34687634765170977
445,0;809,0.5241109374358349;999,0.7003052252893385;111,1.1232245968267058;167,1.3302072723078677;672,2.7495956220175364
183,0;62,1.01772011159361;352,1.0239917883789242;710,1.6601548407618099;117,2.024673068457;45,1.8860518576817578;1019,2.439671275332655
614,0;241,0.9026208429247334;738,1.2564869931117486;715,1.0625326680266671;918,2.183131325225178;461,1.9571042088973787;58,2.7658367772579133;811,1.6153143361743343;745,1.7758000967516185;734,3.0373177425400533;642,4.140400012532538;998,3.810835338976143;67,3.2982353246309097;813,4.02586344411752;731,3.9611041449967557;907,4.464266688482422
841,0;494,1.4223513541714359
108,0;24,0.5727105281593607;242,0.8608280107100057;824,0.0796586160604059
604,0;27,1.149684198460021;656,1.5802487918685062
392,0;226,0.02036181979403875;470,3.574871904229871;308,0.4056370605891465;825,0.9587735421407498;594,1.2263877769480325;405,1.3885900078331166;798,3.4628655953532235;373,3.732499998518608;339,5.730128608436663;157,5.885779370978093;39,5.972024392118632;1003,6.657829075948371;92,8.96755994751014;630,9.647883983662382;612,6.85328213096775;512,6.899234199844312;728,6.998045493183624;611,7.065479584649828
706,0;297,2.677163184641786;997,0.4156768659654282;677,0.1200971209183499;56,1.9875298322453856;482,2.4224968630326775;234,2.445701740169817;115,2.504504026792686;888,2.8004413726761754;876,2.7479567930415243;780,3.2608263209196844;394,4.714147447428047;325,4.9028925438914;658,5.402272730017151;735,5.5533358393541885;885,5.445102730748874;526,6.629529975696952;867,6.043456917640999;694,6.6316477460152425;512,5.807642085048839;728,6.326808732995108;611,6.889392551360489;251,6.4141365565118535;802,7.153461236006366;122,6.87741886567753;834,6.7661032227871365;1005,6.73898882628456;65,7.312765246681441;356,9.950714584711097;238,7.088412150439492;256,10.656369615874118;86,12.629060932320264;18,13.163783913786178
275,0;675,0.5225468860898275;114,0.03126001842143163;727,1.4640370002649108;531,1.0307774850618538;600,3.6040051472290435;898,3.4007163369162643;62,1.9758285858708318;443,1.3399192203780625;812,2.5444336635552665;352,2.00986932563647;620,2.106904060222498;117,2.5801656858640176;45,3.2436395148101407;650,2.367247745834933;944,2.4498997762187926;430,2.375468411591197;499,4.489366082303464;521,3.938008685395324;858,3.1804153085034734;726,2.522109760511897;648,3.8796302510741105;81,3.3709492308508584;400,2.933775721846622;580,3.439376516389026;2,3.4154614509390147;488,4.777229737569166;830,5.179987712121333;141,5.594340367088908;574,8.480209306192464;943,8.1438804946383
650,0;499,0.11123276074701598;119,0.25356060073989606;488,1.8818130442765195;322,4.6754093261698095
650,0;499,0.4839564066462852;937,1.1413991764229097;119,1.9954461309715779;488,0.5998484014624084;433,3.450032069119493;830,1.3496758411805005;141,4.188788088337575;574,5.503341781963471;943,2.9718912114163;540,2.4948355502963997;322,2.5192160355792854;639,2.837569526515952;474,4.092131022842667;5,5.581188141204868
88,0;245,2.3847386373273234
905,0;965,0.38006114952386305;422,0.9523428029085598;172,1.274018149603802
737,0;316,0.7513832401687532
51,0;965,0.4173583355849779;422,0.5231356755731279;638,4.5196062173185085;172,0.9701362369026868
381,0;838,1.8219662882553795;709,1.9848156037216276
50,0;876,0.6810191315172861
129,0;745,0.25470347677583327;195,0.0011260573914992575;642,0.6623972539117602
53,0;856,0.019273087582549232;835,0.5946299317124909
33,0;195,1.459479977781664
579,0;78,1.1183390636096382
441,0;189,2.8524456904364;335,0.3063572279355137;256,1.860620175745097
924,0;539,2.5507379689761818;702,2.5749046512324565;428,2.7096295069297684;427,3.3864103920925777;999,3.0380214658031996;778,2.776433695587288;740,3.5337069519836866;729,4.052793022118558;45,4.077846970829399
502,0;202,0.7552434967961722
86,0;18,1.1279625736392536
314,0;143,1.947581216167139;652,3.8406094882801267
747,0;373,0.7086957439459015
317,0;931,0.3303753908671394;254,0.5126466104046288
15,0;664,0.41240962435036516
174,0;189,0.23117786817155336;790,2.2781705252115505;578,1.1903309966028934;734,0.9494713192754897;813,1.9138331483034638;533,5.669782233263005
954,0;825,1.252935703466889;130,0.07919265172543923;344,0.872906502234152;784,1.1847598327490765;20,1.5654438670412232;941,1.265838836646274;594,2.6354730872465053;554,2.7401396842082217;658,1.8429157333348614;380,1.947832428050225;29,1.8547936158795626;868,7.02097259743592;852,2.0685199546844135;543,2.4669968585967297;53,2.14476066717761;572,5.512465295445876;856,4.444917170732561;908,3.5246937878311266;405,3.7465643049383552;15,3.616451481787809;657,3.871784479557788;508,4.629364181903959;668,3.7541636113186785;798,4.406925034741673;578,4.4914905647432555;339,5.501107808985914;293,4.9572204058471385;598,6.38185581406236;686,5.4375127929574445;282,7.835819960365344;789,5.749362601846779;49,6.685207408305237;451,7.582260155687191
606,0;553,0.9714049815979068
645,0;390,1.5772794864984623;218,0.05990759905029358
354,0;822,0.18660815712126103
712,0;410,0.04364627324869719
541,0;864,1.2653193194047083;861,0.34136912340105263;36,1.5218910763130848;105,1.6247301495232105;721,2.2535590302721573
850,0;598,0.2242008920501966;840,0.5702311888802387;49,1.7050055481527686;572,1.8345075922898297;323,1.894329669547102;485,3.358105769260671;360,3.916987055962408;149,4.2188806173544435;789,2.651192801350048;510,4.884884960536854;605,4.725111340825345;85,4.77617069427075;478,5.324655984557708;484,5.81261252463086;805,7.145311324166627;82,7.420639046898818;970,7.467241564101271;633,7.529743403474186;448,7.7458755177871295
245,0;510,0.4419391832474098;478,2.2086517320052184;484,2.5715931143542594;605,2.5263442888567575;497,3.4601859410696654
484,0;497,1.0236377179346703
181,0;135,0.2636359195069682;261,1.4058588943058643;921,1.8244978257566073
703,0;477,2.1389930739560326
198,0;871,1.5201087643231088;29,1.565261344413414;852,2.889078398984239;572,4.178001742989709;149,4.245111416217357;513,4.369433175278219;282,4.285615146212891;510,4.356826109411465;605,4.9239989164177;478,5.893125063437774;85,7.096440355375767;484,7.719160291321905;805,6.2854438444824305;970,7.2951709387245;497,8.023952979470135;875,9.276329617425885;675,9.644001849509275;826,10.378470634015725;162,10.29248984186503;727,10.775876681972589;531,11.974476694383497;278,12.105092336116858;561,12.965184654903602;898,12.99738719074787;964,16.01306530847656;247,12.973352021196945;2,13.260492374332697
25,0;772,2.446563572854522;729,5.045478905745272;45,5.668562606602979;146,5.528532837393479;443,5.716651805556327;900,6.6973174891813425;812,5.798571071947453
372,0;499,0.7532522536599974;488,6.104838567770492;433,6.199575971006163;830,8.430449364251775;141,6.864309531253929;943,8.667426544756184
4,0;795,0.5013639748428498;291,2.5653167311415768
186,0;563,1.904491220931409;978,0.5549913195077535;915,0.7855343715090092;319,2.7589067255421083;814,3.3970779089181757;893,2.9382359601938917
595,0;398,0.6316643353489828
564,0;775,4.287943284476598;142,4.777629200197014
149,0;605,0.28587138501890297
335,0;290,0.6295795449868018;986,0.7687795542914452;861,1.0184446810711905
168,0;855,0.6189015276983558
301,0;635,0.5371076429121487;656,2.2574637636804633
517,0;212,1.1206794612866546;19,0.012702338831392572
620,0;430,0.42828737183424925
767,0;533,0.10059369802856076;635,0.4465406921367834;62,3.937081540651893;352,6.6414351591390215;597,5.706736333610864;710,6.778528576681633;438,6.817930965412278;45,7.227603991335008;5,7.635435668854826;154,8.571496853481717;481,9.526182229267834
268,0;284,0.15238190048759587
162,0;565,1.4047577965112341;955,1.116071992934868;698,1.7433166298914489;319,3.1782846976242167;234,4.875907227957447;876,4.9357171727507305;780,5.511876159554742
365,0;636,4.065166209921873;847,4.066593938555929;903,4.855191378186361
48,0;955,0.7803299573072817
690,0;201,0.8266016518856993;844,2.0789634033598494
49,0;360,0.5017329361922228
535,0;670,1.5619600069865016;839,0.547011314693653;469,4.166979374773145;37,0.8306949011493511;728,2.1946713566450726;223,1.6086544464955077;292,3.1030273550748753;279,5.182707505543994;283,4.406631120001357;781,6.02521431797405;51,7.081519416199115
473,0;203,0.912630307835091
211,0;990,1.2425576308722284;875,2.1088658979005315;826,2.642431872398119;162,5.3434598410400795;355,4.914701113017028;128,6.076690743914459;559,5.657621156814571;743,6.357509207943047;565,8.088491113106702;955,5.727287828426323;698,8.429847410834096
223,0;292,0.13319111715514906
171,0;914,1.0739327364889817;392,1.5706801188388568;167,3.2859841201757103;226,3.11950316280558;470,2.5898608042748905;430,4.01172389465207;725,3.5531346809047992;672,4.249955138211541;38,3.4438888492398574;174,4.15014590510511;570,4.387418232150781
768,0;594,0.41209364958906597
309,0;897,1.3569418341516821
274,0;996,0.302705059765628;991,3.5376858087402603;971,0.18217736410643617;838,1.8509221217020637;493,4.266025163939734
694,0;1005,0.5424404540541959;65,1.0476803320845423
70,0;518,0.4889156060897589;455,3.2898581152264623
669,0;237,1.7973851340662912;1016,1.9274163775082924;731,1.8043856841246049;398,2.2116866589809683
384,0;26,0.5698081218957728;677,7.8491361891838
695,0;597,0.009782006026312429
1021,0;135,1.171106557790372;261,1.8685926541757873;921,2.1251249482016425
1008,0;1019,0.3333197644465841
159,0;48,3.6376600311213725;840,4.690476358459007;323,5.200848572772728;63,5.540658157512332;616,5.727561679882676;576,5.933697942728455;86,7.838591203072991;18,9.45420553272234
435,0;133,7.232823500041479;234,0.3918298318426095;888,0.8553915026970673;78,2.3036492130740225;841,2.494698564061384;494,5.290537413390217;738,5.601586718526074;918,6.052751584257075;461,6.300393736961598;811,6.001424598612112;745,6.246708830374868;734,7.033773543942013;642,6.41209913774403;510,8.699185665148802;37,7.097706646271867;198,7.2474011684674915;916,8.414044621119102;731,7.79342976938163;190,10.181346555948467;384,9.003870932871518;871,8.649534676892596;478,11.06272859141499;664,11.165185869425034
611,0;895,1.5419590579727185
832,0;917,0.9266777899430146;657,0.4061368414144263
320,0;308,0.5099077075320648;824,0.8788390615814363;689,3.133089603319813
773,0;893,0.09242849690824832
427,0;740,0.19513972211391845
735,0;512,0.896663344691848
788,0;86,0.06170927006563771;705,1.3288199090131179;424,1.7440886291659974;66,3.573973494329091
753,0;884,7.989459485661212
1014,0;835,0.15477824902954412;965,0.011000177911950163;638,0.6285026518557464
203,0;350,0.08823961514427893
987,0;331,2.3147790468452274
608,0;77,0.3970373068752676;973,0.4025713073982163;249,2.226317061066221
491,0;103,1.5386425943889863;224,4.080219848292126
692,0;880,1.7529775481179144
659,0;915,1.0661326482539062;959,3.938248683822131;319,2.136928364761718;332,2.684359539381368;991,9.122317453490746;24,9.664939952528373
377,0;571,0.1863507035655426;315,0.6225388465949722
185,0;639,3.1487025489687883;911,3.3610991340907574
825,0;594,1.1210997553011117;554,0.07540477570434181;405,1.4706140324937653;668,1.6893313226476427
956,0;846,0.04400133238221636
1017,0;593,1.2101342712326624
988,0;557,1.5932945619422598;523,0.876877606730157;609,1.1905605860398634;752,2.0163627123669388;539,2.493135273367392;587,2.593687367401424;428,2.526760639795504;778,3.467533844640875;241,2.7692769607369243;274,2.799395462542304;516,3.0484629570185637;996,4.202770244018468;991,3.503475094399805;971,3.6951350473308624;493,4.250571959768417;225,3.698062882892744;629,3.941535720477472;157,4.044406795484117;838,4.3743076508013585;799,6.861617486567377;954,4.483485635821093;352,4.890927180934039;402,5.101615239984829;130,4.725290319846977;344,5.000563116872267;311,5.098872910935957;438,5.049022915050076;376,6.616380185728595;45,5.525415849910056;718,6.175927743964426;504,7.696861707890074;956,5.201850066333839;846,5.984520784390915;986,7.881775272290931;664,7.445155304005703;869,7.089367354531712;770,7.990561366341114;861,8.127256800679284;136,8.026012415140388;70,8.293211030182938;518,8.3844201185424;396,9.639517035113496
262,0;120,0.053357840441883374;651,2.354798734056213;181,5.168493854029062
36,0;105,3.2628708208967896
362,0;331,2.139695927514496;162,0.7712451891418588;496,0.4640617018188767;128,2.9597467132723665;559,2.829904006072951;565,0.7725471657632952;955,1.5203006672307842;698,3.4121255550534455;354,3.8260525164479784;501,5.453011097276949;102,3.047889898318044;822,9.413689208002056;1002,7.116192326091153;192,7.360000916702485;460,8.527551872181185
572,0;513,0.6025678480517344;282,0.005416910958742927
262,0;120,4.040657809387026
540,0;639,2.0686704143566246;433,4.219258319233322
689,0;888,0.015791750516612007;947,0.2831325387859547
324,0;438,0.3201605355396738;718,1.679236220804773
905,0;965,0.05144705346298816;172,0.23529607554630866;326,0.8349517316170156;382,0.6381454802301936;869,4.889636975538959
805,0;657,2.605598237000269
162,0;559,0.7179018110275328;565,0.4589743016385253;240,0.2716021461015652;698,1.21470195414576
530,0;721,0.2595162749871404;581,0.3006503841842373
251,0;802,0.9341936174176471;122,0.2506226979208687;884,1.5833185886344305;238,0.3466285450572151;611,1.4208893551215183;710,1.2582776082634834;725,3.5052264421916712;895,3.0100151868880305
310,0;675,1.0971365705399048;531,2.9081843815524886;561,6.160093228099364;898,4.0423485668699035;62,4.372042163235406;443,3.4661832806059967;812,3.489273639635587;81,4.393401340971879;352,4.945019681628242;710,4.978910544574704;240,6.2141976575116225;375,4.636501582924347;780,5.163095182204012;438,5.376138518107061;45,9.48361356329416;131,6.24545068085816;537,7.26759578010427;801,9.648010382416473;397,11.026785736793745;750,11.21545953726954
919,0;893,0.38516701196836195
314,0;143,1.160110104717793;652,1.2452403490164166
478,0;664,0.2952599804733049;484,0.545226222601425;805,0.8226521604426639;605,0.21469482511791804;85,1.2075717598940021;497,1.1142613721026795;657,1.6351782996957458
455,0;892,0.2580815381409701;330,0.5936254022704925;486,0.7800198462578763;983,1.3805528822895128;735,1.7075236494480321;187,0.6256133242619579;375,1.444907339115525;918,3.4247931501126425;2,1.770816474277057;562,1.3020286442296345;509,0.8336118794984;741,1.0071676410082386;554,1.5758252028408881;48,2.221131577795246;67,1.5891408210774183;61,1.532258712766749;780,2.6041318639179987;913,4.330396684537526;482,2.3815855966413935;878,3.6342922241262565;173,1.8557480572720135;447,7.162254227602072;236,2.0567415099510287;95,2.579919228126887;840,2.7575121720532634;624,2.6530324211267673;850,2.922175674588765;814,4.246299921913732;473,4.99116910104331;323,2.874144664618779;974,3.0131772749053276;63,3.699064365894669;598,5.38577145499625;647,4.678632718744152;209,4.488365157089555;710,4.95169150830401;725,5.303308286451478;5,6.318203148022298;678,9.842577684277208;49,5.672023858282765;485,6.225330915095236;318,7.979970123515674;402,7.160312642382805;956,7.64819834028459;199,8.005192076286814;356,9.76314664561501;282,8.570535039779761;221,10.558506267135053;169,13.371487434183837;975,11.395966438188234;861,12.094928854300733;524,13.436241755325046;435,14.571395016988335;988,15.340472555217193;133,14.9731800097934;384,15.669268255176274;523,15.824597662195652
773,0;893,0.47288324883305044
406,0;210,0.9922980275907278;972,1.6900307006061706;835,1.8620076477023342;949,2.965528357522759;246,3.0697829864645185;1001,9.813081100772196
642,0;198,0.01978850570602311;916,0.7266553929351205
908,0;15,0.4287914824631418;664,0.540611468873397
81,0;240,1.3948938060246898;131,1.9934467252161676
584,0;602,0.27729968330991106;726,0.0843173281478598
701,0;846,1.3402010200886034
648,0;536,2.5714722018498963;152,2.8084479557514666;47,0.22973828248739847;749,0.6088700652924771;394,3.451455447402332
837,0;535,1.513819623884104;855,1.2513883799802026;670,2.7287746230638135;839,4.045475476897355;37,4.19037052537407;152,5.2529166881363905
983,0;405,0.6259394103851932;61,0.43248523604044153;482,1.3460751979803502;668,3.8855425374248;1005,1.904202964143395;234,1.5209843012122066;115,1.4442849185514803;780,1.643823078414044;416,1.8121708029312327;64,2.3690920319507667;873,4.300606952864597;578,5.546229320217314
362,0;496,0.25349551603393083
322,0;474,0.01920672827016384
830,0;574,3.48710361323253;943,1.1365366503016172;5,3.5909847264217114;402,4.050242808991348;154,3.778221815367922;481,4.039411472580352;316,7.048811588599977;956,4.080274965964722;199,4.138183239837617;356,5.16810079140369;60,5.280102593601015;282,4.323615326541007;212,6.32631000366021
63,0;748,0.6098086225586159;616,0.38552885332185693;576,4.893844837055619
106,0;422,0.6652586541044242;203,0.9875715344645082
191,0;694,1.122594978554326;1005,1.5312154377126432;622,2.030600532526467;356,1.8488653393728485;86,1.9886502285393468
460,0;869,0.9848968093651977;1012,2.3869364221327447;972,2.5832796263903783;246,2.616245270674513
32,0;269,1.54967377813146;171,0.5907205033002735;914,1.872681860935831;167,1.9867724895174173;672,3.1207667533898036;38,2.7142053267303723
209,0;710,0.5806903439809877;22,0.7234201100610747;725,0.9780726476386853;5,2.717847209375075;402,3.746940739136942
408,0;983,0.2740167449719517;405,1.876838036171139;668,2.1488090841547214;798,3.5065316494421737;578,3.4627468191648667;373,3.5983468655351687;19,6.186242400110923
915,0;319,0.02919649616685359;332,2.226999252615675;991,9.136968858776942;507,3.916266888103852;337,5.296959060267266;493,9.332912485388421;552,9.956619021447288;799,9.842421950362233;954,10.204763116028623;352,11.20275604373234;896,11.349851532779148;311,13.17668189815674;117,11.814519372546558;438,11.260332680195937;376,11.279360679573315;45,11.906986264146576;697,12.220406156563389;664,11.352482486776713;879,12.715995806601633;1019,12.854528002158261;801,12.161895476665443;397,13.034012587302321;335,12.938937916827772;948,12.716467559699565;750,12.992346594010947;1,14.756150014253505;570,12.89099919274682;204,12.954836041834838;735,15.146068400854041;512,15.728248412613631;728,16.2374439141158;611,16.205721700494305;251,17.662873361160738;895,17.696369876831916;122,18.368652771614222
976,0;456,0.6062647664249502
841,0;494,0.40871922930631677
840,0;473,3.4942260650986143;20,1.3112675254564015;139,0.5021432649595687;911,3.4092090268345405;194,2.097349362689565;29,1.3867043364214477;678,5.584711095017567;360,5.610529482244991;169,5.701121118285605;249,10.834295104040958;435,5.972294343927255;322,11.395178109937449
695,0;646,0.10608424586652979
461,0;37,1.8833704861559097;152,2.4234618599513627;845,3.0254329731800143;628,5.434070463719139;531,4.2474570959597795;600,7.062699542173835;443,5.082010020854831
342,0;528,2.1959982704644516;468,2.344476051936582
328,0;831,1.3695890713094216
693,0;931,0.210659417833104;364,0.9375679287114347;254,1.8949096356802255;295,1.3261610359946985;781,2.020785912715925;343,2.3835167852712873;709,3.3000096182837595;313,2.5807106993765583;594,4.90122238439587;405,5.188462718052479;668,5.2402905060776535;578,5.399258405045711;49,5.522377740794949;360,7.99853890291187
157,0;1003,4.072590623309792
262,0;120,0.39735543929577377
972,0;246,3.616041881726364;1001,4.696985385424249
670,0;223,0.6818994272078054;292,2.12569407194512;791,4.243020736822295
