0,0
1,1
2,2
3,3
4,4
5,5
6,6
7,7
8,8
9,9
10,10
11,11
12,12
13,13
14,14
15,15
16,16
17,17
18,18
19,19
20,20
21,21
22,22
23,23
24,24
25,25
26,26
27,27
28,28
29,29
30,30
31,31
32,32
33,33
34,34
35,35
36,36
37,37
38,38
39,39
40,40
41,41
42,42
43,43
44,44
45,45
46,46
47,47
48,48
49,49
50,50
51,51
52,52
53,53
54,54
55,55
56,56
57,57
58,58
59,59
60,60
61,61
62,62
63,63
64,64
65,65
66,66
67,67
68,68
69,69
70,70
71,71
72,72
73,73
74,74
75,75
76,76
77,77
78,78
79,79
80,80
81,81
82,82
83,83
84,84
85,85
86,86
87,87
88,88
89,89
90,90
91,91
92,92
93,93
94,94
95,95
96,96
97,97
98,98
99,99
100,100
101,101
102,102
103,103
104,104
105,105
106,106
107,107
108,108
109,109
110,110
111,111
112,112
113,113
114,114
115,115
116,116
117,117
118,118
119,119
120,120
121,121
122,122
123,123
124,124
125,125
126,126
127,127
128,128
129,129
130,130
131,131
132,132
133,133
134,134
135,135
136,136
137,137
138,138
139,139
140,140
141,141
142,142
143,143
144,144
145,145
146,146
147,147
148,148
149,149
150,150
151,151
152,152
153,153
154,154
155,155
156,156
157,157
158,158
159,159
160,160
161,161
162,162
163,163
164,164
165,165
166,166
167,167
168,168
169,169
170,170
171,171
172,172
173,173
174,174
175,175
176,176
177,177
178,178
179,179
180,180
181,181
182,182
183,183
184,184
185,185
186,186
187,187
188,188
189,189
190,190
191,191
192,192
193,193
194,194
195,195
196,196
197,197
198,198
199,199
200,200
201,201
202,202
203,203
204,204
205,205
206,206
207,207
208,208
209,209
210,210
211,211
212,212
213,213
214,214
215,215
216,216
217,217
218,218
219,219
220,220
221,221
222,222
223,223
224,224
225,225
226,226
227,227
228,228
229,229
230,230
231,231
232,232
233,233
234,234
235,235
236,236
237,237
238,238
239,239
240,240
241,241
242,242
243,243
244,244
245,245
246,246
247,247
248,248
249,249
250,250
251,251
252,252
253,253
254,254
255,255
256,256
257,257
258,258
259,259
260,260
261,261
262,262
263,263
264,264
265,265
266,266
267,267
268,268
269,269
270,270
271,271
272,272
273,273
274,274
275,275
276,276
277,277
278,278
279,279
280,280
281,281
282,282
283,283
284,284
285,285
286,286
287,287
288,288
289,289
290,290
291,291
292,292
293,293
294,294
295,295
296,296
297,297
298,298
299,299
300,300
301,301
302,302
303,303
304,304
305,305
306,306
307,307
308,308
309,309
310,310
311,311
312,312
313,313
314,314
315,315
316,316
317,317
318,318
319,319
320,320
321,321
322,322
323,323
324,324
325,325
326,326
327,327
328,328
329,329
330,330
331,331
332,332
333,333
334,334
335,335
336,336
337,337
338,338
339,339
340,340
341,341
342,342
343,343
344,344
345,345
346,346
347,347
348,348
349,349
350,350
351,351
352,352
353,353
354,354
355,355
356,356
357,357
358,358
359,359
360,360
361,361
362,362
363,363
364,364
365,365
366,366
367,367
368,368
369,369
370,370
371,371
372,372
373,373
374,374
375,375
376,376
377,377
378,378
379,379
380,380
381,381
382,382
383,383
384,384
385,385
386,386
387,387
388,388
389,389
390,390
391,391
392,392
393,393
394,394
395,395
396,396
397,397
398,398
399,399
400,400
401,401
402,402
403,403
404,404
405,405
406,406
407,407
408,408
409,409
410,410
411,411
412,412
413,413
414,414
415,415
416,416
417,417
418,418
419,419
420,420
421,421
422,422
423,423
424,424
425,425
426,426
427,427
428,428
429,429
430,430
431,431
432,432
433,433
434,434
435,435
436,436
437,437
438,438
439,439
440,440
441,441
442,442
443,443
444,444
445,445
446,446
447,447
448,448
449,449
450,450
451,451
452,452
453,453
454,454
455,455
456,456
457,457
458,458
459,459
460,460
461,461
462,462
463,463
464,464
465,465
466,466
467,467
468,468
469,469
470,470
471,471
472,472
473,473
474,474
475,475
476,476
477,477
478,478
479,479
480,480
481,481
482,482
483,483
484,484
485,485
486,486
487,487
488,488
489,489
490,490
491,491
492,492
493,493
494,494
495,495
496,496
497,497
498,498
499,499
500,500
501,501
502,502
503,503
504,504
505,505
506,506
507,507
508,508
509,509
510,510
511,511
512,512
513,513
514,514
515,515
516,516
517,517
518,518
519,519
520,520
521,521
522,522
523,523
524,524
525,525
526,526
527,527
528,528
529,529
530,530
531,531
532,532
533,533
534,534
535,535
536,536
537,537
538,538
539,539
540,540
541,541
542,542
543,543
544,544
545,545
546,546
547,547
548,548
549,549
550,550
551,551
552,552
553,553
554,554
555,555
556,556
557,557
558,558
559,559
560,560
561,561
562,562
563,563
564,564
565,565
566,566
567,567
568,568
569,569
570,570
571,571
572,572
573,573
574,574
575,575
576,576
577,577
578,578
579,579
580,580
581,581
582,582
583,583
584,584
585,585
586,586
587,587
588,588
589,589
590,590
591,591
592,592
593,593
594,594
595,595
596,596
597,597
598,598
599,599
600,600
601,601
602,602
603,603
604,604
605,605
606,606
607,607
608,608
609,609
610,610
611,611
612,612
613,613
614,614
615,615
616,616
617,617
618,618
619,619
620,620
621,621
622,622
623,623
624,624
625,625
626,626
627,627
628,628
629,629
630,630
631,631
632,632
633,633
634,634
635,635
636,636
637,637
638,638
639,639
640,640
641,641
642,642
643,643
644,644
645,645
646,646
647,647
648,648
649,649
650,650
651,651
652,652
653,653
654,654
655,655
656,656
657,657
658,658
659,659
660,660
661,661
662,662
663,663
664,664
665,665
666,666
667,667
668,668
669,669
670,670
671,671
672,672
673,673
674,674
675,675
676,676
677,677
678,678
679,679
680,680
681,681
682,682
683,683
684,684
685,685
686,686
687,687
688,688
689,689
690,690
691,691
692,692
693,693
694,694
695,695
696,696
697,697
698,698
699,699
700,700
701,701
702,702
703,703
704,704
705,705
706,706
707,707
708,708
709,709
710,710
711,711
712,712
713,713
714,714
715,715
716,716
717,717
718,718
719,719
720,720
721,721
722,722
723,723
724,724
725,725
726,726
727,727
728,728
729,729
730,730
731,731
732,732
733,733
734,734
735,735
736,736
737,737
738,738
739,739
740,740
741,741
742,742
743,743
744,744
745,745
746,746
747,747
748,748
749,749
750,750
751,751
752,752
753,753
754,754
755,755
756,756
757,757
758,758
759,759
760,760
761,761
762,762
763,763
764,764
765,765
766,766
767,767
768,768
769,769
770,770
771,771
772,772
773,773
774,774
775,775
776,776
777,777
778,778
779,779
780,780
781,781
782,782
783,783
784,784
785,785
786,786
787,787
788,788
789,789
790,790
791,791
792,792
793,793
794,794
795,795
796,796
797,797
798,798
799,799
800,800
801,801
802,802
803,803
804,804
805,805
806,806
807,807
808,808
809,809
810,810
811,811
812,812
813,813
814,814
815,815
816,816
817,817
818,818
819,819
820,820
821,821
822,822
823,823
824,824
825,825
826,826
827,827
828,828
829,829
830,830
831,831
832,832
833,833
834,834
835,835
836,836
837,837
838,838
839,839
840,840
841,841
842,842
843,843
844,844
845,845
846,846
847,847
848,848
849,849
850,850
851,851
852,852
853,853
854,854
855,855
856,856
857,857
858,858
859,859
860,860
861,861
862,862
863,863
864,864
865,865
866,866
867,867
868,868
869,869
870,870
871,871
872,872
873,873
874,874
875,875
876,876
877,877
878,878
879,879
880,880
881,881
882,882
883,883
884,884
885,885
886,886
887,887
888,888
889,889
890,890
891,891
892,892
893,893
894,894
895,895
896,896
897,897
898,898
899,899
900,900
901,901
902,902
903,903
904,904
905,905
906,906
907,907
908,908
909,909
910,910
911,911
912,912
913,913
914,914
915,915
916,916
917,917
918,918
919,919
920,920
921,921
922,922
923,923
924,924
925,925
926,926
927,927
928,928
929,929
930,930
931,931
932,932
933,933
934,934
935,935
936,936
937,937
938,938
939,939
940,940
941,941
942,942
943,943
944,944
945,945
946,946
947,947
948,948
949,949
950,950
951,951
952,952
953,953
954,954
955,955
956,956
957,957
958,958
959,959
960,960
961,961
962,962
963,963
964,964
965,965
966,966
967,967
968,968
969,969
970,970
971,971
972,972
973,973
974,974
975,975
976,976
977,977
978,978
979,979
980,980
981,981
982,982
983,983
984,984
985,985
986,986
987,987
988,988
989,989
990,990
991,991
992,992
993,993
994,994
995,995
996,996
997,997
998,998
999,999
1000,1000
1001,1001
1002,1002
1003,1003
1004,1004
1005,1005
1006,1006
1007,1007
1008,1008
1009,1009
1010,1010
1011,1011
1012,1012
1013,1013
1014,1014
1015,1015
1016,1016
1017,1017
1018,1018
1019,1019
1020,1020
1021,1021
1022,1022
1023,1023

144,0;622,0.4719936972280233
504,0;770,0.14492636203129838;102,0.43459730450812273;70,1.011065540690252;518,2.4714195121872082
182,0;373,0.5017843222362672;644,0.6812023063411075;19,0.9886423483253115;560,0.9697598791040476
665,0;710,0.7242647698907588;965,1.0995713229379556;5,1.1658568814379828;422,1.3989920538933935;638,3.0562205249181993;172,2.0145875679288845;154,1.592603213883206;481,1.7881238725448463;326,2.312564654764714;382,2.353372094724921;364,4.023951757607604;781,5.071102070614691;103,5.630526909014876;51,5.747262047106279
166,0;860,0.6992130121090407;106,0.9051154367879171;422,1.2219253399668495;203,2.388906646722417;350,3.9205149843778724
418,0;762,0.8307385739426525;186,1.9740072071246206;799,2.223131308867492;380,1.4173202415495596;573,0.14406125909395456;543,2.4150943720388844;669,2.394066967010583;53,2.24809642740494;856,2.5688951473443966;237,3.3907279949046516;1016,4.9094390882562315;731,3.9356402455218005;193,5.8690902840392125
668,0;578,0.8171661740287935
556,0;413,0.4440630353602383;994,0.6856996170929603;416,1.7375124494504552
834,0;729,0.5057662890293527
72,0;385,1.2088888440415662;875,3.4659115102351574;152,2.007110241589612;826,4.725407907366014;162,3.4821853746664657;743,4.123667100919411;240,8.091194089776533;278,5.169373849992331;964,6.166619117427448;737,6.214873248379888;313,6.404604532498569;316,7.0544714901176;594,6.40916016508235;405,6.9185293050037115;668,7.465311798493569;679,9.158574579510443;131,8.85035716898705;537,9.14330714734144;539,9.503518349296646;587,9.615837933655476;702,10.539461114687779;428,11.63020114952061;241,10.185406672566893;510,12.124881445292917;622,10.489468592832377;715,11.258801130652191;360,10.571141299930213;249,11.318658485678942;322,11.772601625145375;778,11.81179445185587
639,0;433,0.2741089007216534;911,0.0712455686024454
57,0;814,1.1342785665612882;896,0.26811539002301443;338,2.5139536074886886;99,1.0034314468243597;298,3.3142442950007953
744,0;977,0.3277373504088015
300,0;170,1.0251192852204436;484,0.36866029567080316;497,0.9402300510370311;875,1.2663420453730567;355,1.650880645915014
396,0;797,0.15520065696151045
188,0;515,0.8437799714786538;600,0.29692790782375345
74,0;497,0.6076228881621109
256,0;618,1.0273236532639805
307,0;508,0.5202681647999284;194,1.5350749466394151;337,0.5454175205367318;375,3.505049736272669;913,4.2507631340251795;966,5.299634709580276;498,5.858294354171896;123,6.744969019137224;782,7.360499001428169
564,0;71,0.7512238113274468;247,6.283239744258917
811,0;778,0.05544019002107141
139,0;194,0.5622204951235774;375,2.0322268995777817;780,2.633165129157061
587,0;616,0.5508203589634324;576,1.8527794681786893;86,2.373469661546209;18,2.76947895316139
417,0;285,0.551965411500826;758,0.8205942791646227;445,1.6431812258721998
1013,0;533,0.617235729051483;408,3.3147878010571605;62,1.1623628610520287;352,2.7814602032928164;620,2.7333833920082045;680,4.014545141558743;117,3.366633030019412;438,3.190772987383752;983,3.7765325109802816;1019,3.6706327599269946;61,5.324999441657503
70,0;518,2.6407530077775827;455,3.357281174652959;396,2.713834328826697;797,3.92199331352528;535,2.9753742532694796;670,3.9261245210700046;839,3.529789097630767;892,6.870632141253994;37,4.689576847827139;728,6.5448410435127755;330,8.00110733850303;375,8.230378137778297;780,8.847732459738387;416,12.002953400841385
148,0;228,0.796264274284645
527,0;114,1.0142771509279764
112,0;232,1.5541202851405156;707,2.841080130853668;991,3.7343253676696015;24,3.9681828030596122;552,4.359720651195062;810,5.133216755049151
542,0;269,0.27712783579024647
263,0;587,0.6371604964066963;379,0.7547805523077056;241,0.893866640749136;616,3.0110073541507836;738,3.266318618432479;715,1.4513508424683117;274,1.1641493891456078;516,1.5857209759832656;996,4.456277387817484;991,2.0832058856749924;851,2.2368016694138655;513,2.3518522620726032;24,2.1241066581224297;493,2.3672056286197565;810,2.1739250334623983;576,6.688828509264818;745,3.9385250086554215;86,7.484572467370794;18,7.657521684628741
930,0;283,0.32739125812336256;83,0.13295761308747595
551,0;341,0.3204323062476048
780,0;394,0.5454077194478993
721,0;581,0.9479262342627813;896,0.9898258681446894
618,0;195,2.612057324543605
511,0;291,0.7692210339742087
43,0;229,4.206729541197319;787,4.1875485566010076;98,5.285580513959218;222,6.44586680828156
408,0;983,0.21835628221559053;61,0.42458300832521984;482,0.6025623782173547;115,1.0393245124130897
571,0;315,3.8371920963817057
747,0;373,1.2581649200607288;141,2.96969091922832
379,0;474,3.344271952808813;427,3.662130852775425
913,0;429,1.6154278234886756;966,0.8689376741631157;209,0.1963781092137548;710,1.2157538935726877;22,2.2213954856551887;5,2.133323021644001
829,0;802,0.15698607690266672;807,0.3250212795013753;264,1.7307599947969567;112,1.2269306114839047;287,0.9649623946103745;915,1.1330682068185143;588,1.1876900685027112;162,1.5409605498498553;959,2.3365553209471472;332,3.9941422617114286;84,2.0408042246157008;232,1.2940753320856093;707,2.7571734351175823;559,5.618832904529611;240,1.7599203581159217;58,2.1964713338748334;131,1.8548270441551147;537,2.518874248502948;779,2.8305320136661294;998,2.324509433865868;727,2.3473178743638687;67,2.657150126068443;447,2.407607362631814;878,2.9715455907818016;991,3.8618690711392607;24,5.5975031376439475;493,6.333487717789533;760,5.976770930068183;501,5.837707685748393;795,6.142223679341671;291,7.8035356954874135
439,0;866,0.13508874214290045;881,0.81485486886906;845,1.1106031173512503;822,0.8990470705105023;628,2.0219150734077393
421,0;797,0.7192854292477827
293,0;598,0.37617507976769743;840,1.4992343087450561;686,0.21274933341544114;31,1.1252368517353186;49,0.8367726927187887;323,2.533593010136509;63,2.928546179796808;616,3.776924461010536;576,4.072063959349168;86,4.454293324613588;18,5.064566021403267
684,0;738,1.9911102840001689;918,1.9930965638321207;461,2.535842159186034;58,2.069571542785181;734,2.420006952305201;998,2.7190503610126693;813,2.609711611848912;731,2.660588563735087;447,3.0675084667380137
488,0;141,0.8676732114368565
86,0;18,1.1572875570922618
162,0;128,0.4502962101625317;743,3.892054674005714;955,0.13606326621505888;240,0.5397795941726534;797,0.32443345722802364;684,4.531815148235106;523,6.2824338854958235;738,8.864870958593706;609,8.595673890540917;811,9.900495748247668;745,9.705849006379477;734,10.494222914826526;510,9.775335362204414;778,11.512605555748198;813,11.792113665937356;731,11.113592225707876
96,0;703,0.09671903987260498;477,2.4041486911944188
74,0;497,0.88332546002615;935,0.16441023843190716;1002,0.43104677815036413
446,0;974,0.7811877604034398;914,0.8556657168576339;167,1.758982778547037
703,0;477,0.3769652386099447;164,1.2693986841315839
1018,0;738,1.072795355213356;504,1.041062021457501;770,4.195270870898553;918,1.0855683824996254;745,1.9079912944406339;734,3.731383379903569;731,3.7454741107510623;102,4.61951085454632;747,5.887150887643429;373,11.054513806993135
841,0;494,0.3181900209204343
644,0;560,0.25525264646204077
485,0;318,0.32150922235699286;762,1.5989679698080261;475,4.563024456503582
236,0;189,0.5433235867402735;734,2.5810067732318522;619,1.9793319014865056;731,3.6699339252241954
705,0;424,5.242470535596898;66,6.135281447387664;572,5.611548462436349;513,5.767896748564766
720,0;407,1.2656103416051732;932,0.17492586424643158;666,1.101441665813228;174,1.9982401654089563;189,2.0095369950402584;790,2.1911648012394305;578,2.669874884270935;734,2.0303794844423004;619,2.189830001509877;295,3.164391404620354;813,2.9363019989920827;49,2.8927062332264035;343,3.5268570619881183;827,3.423624323374368;709,3.625697492745328;912,7.746941674713783;1009,8.619610663769933;365,11.359396526287387
768,0;971,1.6405393557356112;594,1.0519704790251152;405,1.123409114086254;668,2.10671097585021;1005,3.0835806436699684;65,3.1656671456881273;356,4.301761711831065;221,5.768975902040279;86,5.558793241385423;18,5.941711272840456;975,6.589867134910674
845,0;628,0.08043592898264776;201,0.14538366356269866
455,0;892,0.5523270650958844;330,1.336679406013205;735,1.7223159897415343;906,2.2213529603132374;187,1.8950927439935175;636,4.215206470459093;359,5.191365476600718;847,5.0795189904107465;903,5.636681226678986;704,5.184078069126698;65,5.389854165630565
460,0;869,0.08593711174178022
241,0;738,0.8280342779737601;274,0.10547781801030785;996,0.3698667925204448;971,1.2717401368728254;745,2.374771238773136;734,1.2752433487525852;225,1.9196275057880552;813,1.5430719402446005;731,5.6630495313215885;857,2.6800932130091164;629,1.9940656682402125;642,2.937501213426963;510,3.2399873288635477;636,2.6842674227820016;847,3.977510256774269;916,3.3303881867791874;478,3.500834370229254;484,3.649264984567427;605,4.089485163835228;82,3.8188336034732124;633,5.522068929459558;85,4.225229695716595;458,5.894316321276178;124,6.1634354402412;797,10.68889667844141
492,0;488,1.0798249752847484;213,1.71683457340536;433,1.6173259439497518;141,1.8374038765374834
992,0;912,1.7099878713387295;1009,1.7698038180445073;365,1.880561822860743
644,0;560,0.27318221976777585
176,0;503,0.633557749724502
507,0;435,0.2963389792576664
805,0;970,0.5111642199707214
467,0;554,1.13307966409965
249,0;322,0.4339057025991925;616,1.8629478142111977;474,0.48462256691398503;427,0.5611720196241909
321,0;555,0.07473783816654901;626,0.486030094644429;412,0.7518689666171102
401,0;68,0.6575640894640059
486,0;562,1.945584099507092;67,2.594981330696013;173,2.792075230186841;447,2.831466890601898;236,3.567078405428662;975,4.000511259261966;861,5.032710031040538
784,0;941,0.2781551020219703;658,1.119610621107981;380,0.4070250525827449;669,0.576133459890324;53,0.4168602728701171;835,1.0462197181171597;237,1.4507410495315174;868,2.574104699863353;1016,2.5795595020448046;451,2.987776427379422
1,0;735,0.09421269278383526;512,0.5358119962110688;728,1.3499096090785123;611,4.75180995504352
821,0;483,0.25341352034867193
55,0;617,2.7885116370877405;98,3.0550210123009762
438,0;718,1.3312286500066048;986,2.467628912014983;136,2.9142360406437238;72,2.9154503950611366;169,3.020224125617496;435,3.0726912784105034;234,4.102429575058862;285,3.8340599314391643;533,3.956513367312537;62,5.199546328501167;888,4.555158586914534;780,4.144735992999502;416,6.324104385953812;947,8.201592128373003;710,9.242134973191114;965,10.10019815247966;725,9.675924282253543;5,10.262764055333845;422,11.418173996331479;638,11.481132647321736;172,12.19114835363748;326,12.614593854015892;364,13.332714432738069;295,14.015993523775077;781,13.779353759746675;103,14.014985530083807;827,14.702394110461226;709,14.172081547879928;308,14.193435109369652;824,14.382438820652002
927,0;125,0.006006974696270263;107,2.7479638544842993;72,0.44203124342084704;741,3.225251474287962;169,0.7851101748893609;554,3.4485105206721727;48,6.350575401912773;955,6.392240251910554;840,6.4850020987425285;473,6.966717974476578;139,7.277741895018262;203,9.509499992632517;678,8.863671196168113;360,9.692405436015822;474,9.862421547525498;350,10.047096064977048;427,11.358316351584985;935,10.00599696026965;1002,14.460017331845453;192,16.036672164835025;460,14.847559576435964
32,0;171,1.435724101303852;914,4.4326227266369465;167,5.996286302578746
209,0;775,0.8461031116465297;142,1.7337169458018091;21,1.0674129711611886;708,1.9442601086100257;430,2.1453914723649343;327,2.20707945387291;1010,3.6260846936379956;871,2.8350856105586777;225,3.099330022494348;29,5.945585882807807;857,4.1207645965311865;629,3.5783204481188573;157,5.9445845420285695;483,3.7293928291529217;979,5.659093850901723;307,5.96471432919665;92,6.746402214418164;580,6.284405883727304;852,6.031647967883462;508,10.578329586979397;572,6.271830208442525
1020,0;1012,0.3419040278995669;972,0.5173020408548347
359,0;892,0.4847902698534423;244,0.9252337171391365;318,2.3876199165866474;486,0.5261043692929678;562,0.7175450617876278;509,1.1940882901757424;791,2.0418552490068587
294,0;517,1.1121279354766407;212,1.8660726766887141;19,1.1809679493144813;881,2.3014691007380517
263,0;685,2.2257284023049215;379,0.8667479682779544;474,1.3728583435647876;935,1.9430112105834403;898,3.98444326002;370,5.059046858969628;2,6.309843022013329;744,6.742378866810137;977,8.139746171533233
470,0;430,0.8233737934818773;157,0.1281370770812437
633,0;458,0.30318794641771296;448,0.3303381427956366;124,1.1248019817117627;797,0.46214357276905604;1016,1.8990952256274254;398,3.233614785586389;193,2.238329679678085;456,2.967124576420179
119,0;955,1.3567552216481995
994,0;516,0.6287776315396992
961,0;102,5.0587553909198215;596,2.2280697995766925;493,1.5409181223012836;352,2.6003216732358;117,4.298727929840329;376,2.683731367512271;45,2.926396943274663;664,2.772335275880505;879,4.411713584452671;1019,4.45279986742203
132,0;973,0.017914496570932015
847,0;903,1.41436199083889;704,0.050957788849187356;65,0.8801127364158877
567,0;381,0.11095441593774455;725,0.6612400223785825;956,0.6183656600931723;838,0.45075542904865284;709,1.3665696282484636;308,1.5046626470770872
230,0;498,0.08463632233642798
623,0;998,0.40839376887958456;531,1.1117570976578508;472,1.969742656386599;561,1.2995069901010674;898,1.3454293731004883;62,1.1297778860131629;443,1.1947321338743402;710,1.7635152292936742;620,1.5606967815098522;812,1.2045562681908604;81,1.232042273619075;240,1.7169817243866177;375,1.779183187796342;247,3.4655748870292316;944,4.096842290939916;131,1.729231703970526;537,2.379802826125977;965,1.8841451949651513;725,3.4083056636946796;5,1.9336152091406171;780,3.0300583085528228;422,2.364068641063364;638,3.480782383658175;172,5.4945602518630565;154,2.6981984055112065;179,2.609136239431547;203,3.5951700432220672;424,5.351721140046761;481,3.909601579010717;394,3.7202568965766964;350,4.261650952991708;325,3.9771409010863374;658,5.3193481288856725;735,6.118794621654775;885,8.31019330369657;393,4.258546085009726;521,4.412189013771788;726,9.209850401415727;410,5.240643676483598;868,6.532970349522613;867,5.784715447366922;66,6.268170690653075;326,6.838800022414194;382,8.735630595745496;276,6.249053561218959;11,7.511133861394878;267,8.49266352555161;869,9.363444741017492;1012,9.801899852742867;691,11.55876214613166;972,10.29978088743807;888,11.388923631078999;246,14.14866895238022;754,11.704888640267907;516,13.267332250808915;830,11.754273130068865;943,12.657769802435162;1001,15.238771131157488
761,0;726,0.7113246598742746
493,0;799,0.6728682012802618;954,0.613836443031861;352,0.1437726337499351;117,0.5154175138152666;1019,1.6990442273523494;825,1.0123631713425607;344,0.8053340355415274;311,1.1965304969812296;869,0.7492237703791047;840,2.631224938192582;20,3.4303630748797813;323,4.864025807265529;328,4.539622028036115;831,11.370399262436713;63,5.2702968931381085;748,5.963433490486364;93,11.443109566887593;24,12.629646809629705;305,11.672851220716502;295,12.544116834177219;78,12.382214315028346;841,13.212512415667337;343,14.40530687438978;827,13.194118394749992;709,13.492823524078947;73,13.139106969308202;485,14.289977080166508;494,14.803419208195457;762,15.837490782963608;577,14.888955161388777;738,15.154778407381281;918,15.710431438315458;461,16.153331246366694;811,16.548409054511335;745,17.259083014589983;734,15.330635097627367;642,17.705803140053543;198,18.218213355590716;916,19.85899474501069;871,18.367848136454466
648,0;47,0.36886285388517326;749,0.7058328700366944;629,0.431481163765134
811,0;778,0.9217138581345764
920,0;342,2.3611143924374134;748,0.5362577994389878
27,0;656,0.6346185444542876
437,0;65,1.1531316844458819
32,0;269,2.1720224235771384;171,3.949521259289031
780,0;394,1.5123272551235607;325,2.4743324727079665;658,3.1654996435832503;867,3.706386438736861;276,3.862088391665136
818,0;201,0.3618031232916737
866,0;881,0.5614548379663171
853,0;979,0.23589394072886474;307,0.6195704501148234
734,0;731,0.897280288621961
556,0;413,1.0411238536449097;994,3.044673702832306;416,1.8833464202110486
225,0;857,0.31859871472229895
69,0;449,0.2250677514590442
425,0;487,0.2610406652298057
243,0;899,0.08521203735661931
26,0;677,0.361981507099205;439,0.5807512799475556;304,0.823203685392088;668,2.184630351216322
941,0;278,0.25744453376221377;964,1.8375737289157812;737,3.530674227159559;313,3.6543947323628;594,3.873556519338908
325,0;658,0.6529503019393939;885,0.41472103829237544;393,0.7311298500397977;69,1.8375025220393741;267,0.8625538660128782;835,1.4245582961176886;449,2.129704928612837
160,0;708,3.4258186624850198;327,4.659830458101951;1010,4.134040399072802;993,5.2577348827173775;225,5.531110739343734;857,6.251294683628599
682,0;999,1.017259108172007
648,0;536,0.2079562601457015;152,1.274899539697533
792,0;515,0.23352236484057054
294,0;517,0.9729515935499495;212,3.429612573280348;19,1.5811213064020946;881,4.492717772204815
293,0;598,4.957855295359002;840,3.3274233185879285;473,3.707084774879379;20,4.527993997859644;678,3.8785400242678483;360,4.251490450404109;328,4.664091156159819;831,4.950699011845623;93,6.965250202700743;893,5.647480224143825;49,6.974347819774815;295,7.088006503610105;827,8.835724956927706;485,10.01520426946417;762,10.106584393897192
556,0;413,0.7845770446334559;994,2.858396395187377;416,3.4983693565526144
711,0;13,0.3838013065646813;268,2.605744717583088;284,4.456253863337105;98,3.2576344102335026
640,0;658,1.360192891922694;555,0.2729782381421707;626,0.3288703504621937;868,1.5223500435372461;451,2.1905528489758592;291,2.392399585744486
982,0;10,0.342012636514568;73,1.120280587020046
713,0;402,0.3874055947151406;956,0.629314908632322;356,1.1721954596492423
310,0;654,0.21322026311481954;936,1.0019415482581697;469,2.2645961974428492;825,0.5884051301604142;594,0.880983853013786;405,2.278989620471352;835,1.4868607253912631;160,2.6592224086247667;668,3.402713363987999;1005,2.442152481151763;65,2.55329372086177;708,4.584675916412706;327,5.645586428675349;1010,7.176939348730812;993,7.344393107770374;225,5.660175535410883;629,6.461250470635136;157,6.481417749382802;328,7.60296339959633;404,7.606536588883459
777,0;660,1.074600004933437
910,0;20,1.4670699216128436;34,0.3270657267296129;328,1.9877507840324593;721,2.2427738046648624;831,4.888166449583092;581,3.3165810713882697;93,4.986913697794584;295,6.291681784391957;343,6.347335544958887;858,6.988992170443;709,6.513790348274813;912,9.409665724925674;577,6.414630793474095;308,8.430870274741961;580,7.266605112048204;824,9.022866766154412;689,10.152453075744715;792,11.035310565764798;1009,10.13458529790652;365,10.528911980469074;636,10.576277252645308
481,0;316,0.8499584008194419
261,0;921,0.9820535976806836;1,0.13406563409503622
408,0;983,0.6537446003360151;350,0.28795764547111646;405,0.7292344927722693;61,1.4265293730843172;798,1.5493951659262812;482,1.9929163217191963;339,3.0833606808874423;850,2.642142848290222;234,2.0185156603254084;780,2.3408647491682615;394,2.8125081129836387;416,4.122209200695293;598,7.338095868681271;840,5.57645647501119;39,4.102488093585603;64,5.081757603042154;873,5.195421668667347;473,6.52955287797213;20,6.723174429209497;139,7.64286210670771;203,8.063848613545128;328,7.2625949197096915;49,7.367893212430527;911,7.9756253800886325;194,8.7831323349109;375,10.198268468898918;913,10.299442486760185
470,0;430,0.09098034243678788;157,1.4727832617993097;670,2.2133420335774416
97,0;782,0.3107457376251005
827,0;485,0.5029147831522841;762,0.88294112757808
180,0;982,1.015800386305405
978,0;915,0.7008444111116504;332,3.553941057791317;84,4.690880417970429;507,5.317221794019652;337,5.733303760198409
729,0;443,0.17136120902073085;900,2.3287365550900545
685,0;370,0.950565272455075;833,3.559938394031447
783,0;489,0.7310181835166272;782,1.9569611855618463
226,0;308,0.940321117047173;725,7.959994378553745;31,9.169595641039955
949,0;964,0.4038533975878689
662,0;580,1.7705966064383816
136,0;72,2.4874597992436835;169,4.702386039712566;385,5.721525682453015;249,5.258563464098044;806,6.428274516207985;616,5.748829786646801;152,7.295431692185901;576,8.293892147214786;578,6.783007830057727
974,0;914,0.5093921284721752
318,0;174,0.4659352400841162;570,4.923514816458501;790,0.8383155935993127;578,0.5994237901255036
467,0;554,0.0017565883574821672
466,0;501,1.6114668734681281;708,1.857790339028828
15,0;508,0.9367833396095411
601,0;564,2.85657234029443
273,0;427,0.3076573081667187
347,0;514,4.120085094478226
787,0;98,0.7862538630198138
14,0;1001,2.339819537741555;129,0.6935337015153572
160,0;708,1.0538855565931533;327,1.1724803004365942;871,1.1328910785572384;29,1.4562962615777622;993,1.3648707342037247;225,1.2329483518662379;328,2.0107369702707834;944,2.459485833233879;580,1.5169348110240763;852,1.6197803340585997;572,2.6383627716785094;521,3.537638932401257;726,3.924470971492201;149,2.803744248262687;513,4.24314162315791;282,3.5828959959372115;510,3.44774532588362;478,4.024635896386903;664,4.1994166785088165;805,4.463169344923482;657,5.128255229400216
788,0;705,0.755337174211796;424,1.3790769910159821
662,0;580,0.8368066480776333
640,0;555,0.35767150427966266
571,0;315,1.4749558522894226
613,0;341,1.8432955133805338
330,0;906,0.21472790717659665;592,0.8713748171984725;359,1.049981560709239;318,1.5739102367781435
189,0;295,0.656100027195116;343,4.120471868774689;858,2.213269444048263;827,1.092446279347051;709,1.5088688293266075;308,1.8358336827000281;580,3.006871036864563;912,5.338686525450793;1009,6.288304238095197;864,8.086083350159253;365,7.617717363370023;36,8.520003956000018;4,8.939104641399151;795,9.505899979945323;291,10.119562682175998
462,0;350,0.3118361101757251
711,0;13,1.0866683509656274
460,0;869,3.861124584040895
901,0;2,1.6480018538358379
612,0;512,0.9485702760252609;611,0.9989746793819387;251,1.929219526312286
684,0;738,0.3454019609428075;58,2.708138613324643;745,0.5289647668386274;642,0.9573389047277088;916,1.5488174504166592;998,6.828449471508405;67,3.167968461212106;189,3.337327310290668;878,4.251447716142361;734,6.829854282247235;447,7.863299658797643
830,0;943,1.7368651836530604
557,0;752,0.32568429406158855;1017,0.024600727993010395;950,0.37738612391127685;593,0.29158427526218056;36,0.8857386287161294;399,0.9442619468085804;539,1.1412642082437519;153,1.14381278032055;105,1.6844256367503991;702,1.2074845893929964;100,2.4073388114820373;427,2.1716142118559723;421,1.5988866181543426;789,2.942939658302641;721,2.5029327394935117;629,3.890128215990282
32,0;269,1.377318872083371;171,0.1419189017680623;914,1.3445059853786734;626,1.6984430140033544
199,0;60,0.17122415376182856;319,0.44740371633581794;212,0.3845981369534407;19,0.8471005692771835
374,0;504,0.27523985739322054
388,0;7,0.5539506995697476;894,1.2761240700461465
155,0;398,0.13718424183356698
709,0;308,0.04730105839007508;824,1.3866063281804355;689,1.8632182207694559
915,0;332,0.6246387959701699;991,1.6019669175096154;760,2.3173800821251915;513,3.772110146602061;196,2.8288997196652605;747,3.4872529637483325;864,5.063301892017243;373,4.56249972007085;19,7.116355532200989;36,6.173153627598779;4,5.2350983625689285;105,6.421039570083847;238,6.479957355852516;789,7.287895126308476;721,7.423189208895905
941,0;278,0.05562796500681055;658,0.2570733145647508;964,0.847120154436714;868,1.1669819151054277;867,0.5139847678678957;737,1.3378528848507614;451,2.5392477995274447;313,1.538235653928182;403,2.6674983615953933;594,2.692193330243186;812,3.1685234976682497;358,3.2706973719698524;400,3.319794628852856;4,4.760681092051422;153,3.858669449674344;795,5.785426824868896
686,0;31,3.8479432749041376
164,0;847,2.514107067723012;903,3.4807931274247146
158,0;121,0.49017706524382915;680,1.8371244517612493;193,4.3617797082448995
702,0;360,0.6853573947286744;427,0.06336688646572253;740,0.41743202776518656
627,0;131,0.07483189628828255
860,0;106,0.25685681465387655;622,0.7301120679815509
1020,0;1012,0.9901777912837544;437,0.09011840663155739;65,0.2964842806633403;691,2.8798995206322484;888,2.3949221491753163;947,2.431128697777787;754,3.918944344123715;897,5.4985596561883785;405,3.994244359842944;830,4.6135845964215445;798,4.6657149287752855;574,5.513806856505903;373,5.247993407388882;339,5.591441778729429;19,5.629141760506177;626,7.454396019657249
624,0;814,1.3833385202583663
535,0;670,0.2680741708472023;223,2.3510595794178055;292,2.9192424152933816;791,5.320632884125602
979,0;307,0.20085381730294016;508,1.0658648977473637;337,1.4234743876126106;811,2.770171676661722
50,0;876,1.4910075129090734
699,0;686,1.1418683051617458;795,0.8154742507910561;291,1.4767551213912498
442,0;752,1.5949806737087209
798,0;373,0.8342526720810897;339,0.15578176491868242;39,0.792779551776024;19,2.1859377914682554
320,0;308,1.381897149461417;824,1.72626791634082;689,2.381643914440122
587,0;510,2.3785471449189592
706,0;297,1.2584651524633528;677,0.2717941659904925;259,1.7275043452008767
34,0;539,0.3941004866683609;587,0.47172527718981383;241,1.0503655923829283;616,0.7930792869089521;738,1.6371082168568023;918,4.208852631577084;58,1.964058369960418;811,2.180124626870998;745,1.8699695708022752;642,3.472647739234978;510,6.397177279179896;727,4.248767917882555;67,2.577090171179992;198,7.769509809388667;916,4.290622416181863;478,7.130522376614225;805,8.188972158746177;605,7.748777437086037
546,0;817,1.226827806963631;788,3.9844511312863546;175,2.22039155388811;86,4.65230767862363;705,4.4116082218659685;18,6.528716358503947
1020,0;1012,0.1870295444295191;437,0.4047720338565709;691,0.5602449830351409;972,1.9578685732834769;65,2.8894864319099143;516,1.4021812716489892;405,4.439015270841072;246,2.21064346651038;1001,2.2172420799679515;493,2.31719513220277;954,3.267684554119568;825,4.201877642864521;311,3.7050993459358383;554,5.773622833934811;798,4.752080129565324;1005,5.805978651727459;339,5.351805992704432;39,5.839278904947548
388,0;7,1.4398046582417967;598,0.6785781796766925;894,1.0002142809857675;486,1.657359648924556;213,2.9149440579543087;2,1.8759422089045452;562,2.375188324976681;509,2.366329511357141;744,2.9545405625555263;162,3.0289443595979675;852,4.6206350774335805;977,3.966097838703078;128,3.311597398165632;955,5.486442796145708;102,3.3593625431373306;3,5.522258083172525;151,6.513433796557305
704,0;65,0.3398907400246893;600,0.015556600122074488
1005,0;65,0.3469409586407411;356,0.05131680813093678;256,1.2815633799631678;86,4.259300521056362;18,4.44208564125818
519,0;769,0.4975641418428941;404,0.8486537639426348
253,0;641,1.2651485067718413;352,2.515376424523714;438,5.426645241011917;45,3.784157982049169;718,9.67720773344989;986,11.589824099625424;861,15.34412512111858
604,0;695,1.5593194803629014;874,3.1208566570845746;597,2.6173577246709456;646,1.5730338531081722;634,4.789018232157948
508,0;194,1.1694647708104173;337,2.6788635992486745;375,2.6638633362873234;780,3.452408151929708;913,2.6761941667191946;209,4.342248733114136;123,5.047919537824079;394,4.373249190822166;22,4.762662063203129;775,4.843641513041831;325,4.503637574315393;735,8.134444338391488;885,4.810158817034355;393,6.003953157598257;69,8.412363734830029;526,4.5664657450389985;267,4.936520837293261;224,5.447494238219113;21,5.470861300402451;270,5.055955396081084;782,7.258127250563262;999,5.175990443291864;219,7.510192473605579;512,10.517376045245426;728,12.371866762873436
124,0;582,0.21057297222756635
882,0;74,0.432637528517396;672,0.3106680035982663;497,0.6631825138033602
981,0;988,0.37798007332761235;394,2.015353977868951;88,1.577873042329739;245,1.966821911921272
408,0;983,4.52376116033057
574,0;5,0.13601159155087092;402,0.6442504239754516
490,0;530,0.19274754183717047;745,1.0725055571972724;721,0.4245062778643913;581,2.6162664774110747
845,0;628,0.8777354955058059
998,0;447,0.3979440653601544;907,0.9860866963300635
378,0;148,0.48328137809641447;334,1.00599273894224
693,0;931,1.2456347415378781;269,0.45445050714661145;626,0.6697321664375364;254,1.803610256503208;313,9.15997019373738;594,9.881409092450475
961,0;596,3.106106259485196
478,0;664,0.2058040392836236;805,0.08641685908389281;657,1.5640081410151165
650,0;499,1.681012765156503;937,0.6616684699350917;119,3.1490708170002453;488,2.2203852595161138;433,2.4211724410697917;830,3.1179995087993566;540,3.8023058990667224;955,4.652810136580419;322,4.743024520421258;929,4.217612099417933;797,4.871286126721964
1014,0;835,2.9912306624933627
744,0;977,0.06281882716789455
47,0;749,0.7617471621792642;365,1.990292174433615
991,0;24,1.490048757819966;73,2.4357310706964115
180,0;982,2.5204975036117414;10,4.407880451568099
362,0;331,0.22708232351568344;496,0.6234844742429476;354,0.4877686811940386;822,0.6277379487211805
223,0;292,0.2771074528309277;279,2.16641112791391;791,1.0024813454124177;781,2.999848068680551;103,3.0105144165083075
130,0;20,0.24108007004296594;328,0.7318767488205801;721,2.1280864602066822
979,0;307,0.5698811825769894
910,0;34,0.23076760383423492;313,1.546380066395786;594,1.7623568294597431;405,2.16900309045974;668,2.5743760422431747;798,4.464693163669656;578,3.864851953492721;373,5.385112232407677
525,0;984,0.1525891966668336;881,1.5172907768667216;822,1.6931714880495807
501,0;795,0.4983490490434308;708,1.5948433231769672;1002,0.5742358360966751;291,2.4793947562808736;192,2.6074553758135535;460,1.7200715422296176
157,0;92,0.5122321771409906
543,0;908,0.04047284997786521;657,0.4829580996210222
569,0;1002,0.24805149967852386;102,0.48009946865892217;216,0.5970072475106252;192,2.8153878137225146;287,1.5560806702040724;588,1.9812855452800948
983,0;405,2.386651785552068;61,0.2776101089070447;482,1.4411414801656344;234,1.5428739449589084;888,1.6031006662979905;78,2.904458468962086;876,2.1889876731616824;947,7.492009898172291;668,2.5419557690937022;578,3.811209014740643;49,4.911040468498517
584,0;726,1.1072156713195063
232,0;707,1.3043915378391575
940,0;6,2.472980495398466
47,0;749,2.5607407162843883;365,2.835715602383293;636,4.998344814204366;847,6.147937460606464;704,6.8418240456487345;65,7.3517259828168005;600,7.002162258391077
525,0;618,6.094167831036685;984,1.9184188259089903;515,2.2631896233302324;195,6.931545036721279
845,0;628,0.4203732824184134;515,0.5298112217074904
991,0;24,0.5649616007588643;552,0.06083921407989578;73,1.0536128466396784
59,0;564,3.124912668490348;52,0.10049248734943439;71,3.8510852802875157;775,4.775462593367681;247,4.174786945083391;142,5.628513762497332;21,4.90041834101644;708,6.538124000069235;902,8.778457327470297;515,6.24365473819378;1010,6.630290565318342;871,7.296648750152302;29,8.522031132076195;580,9.452899274692337
249,0;616,2.7989300397050787;576,4.029971604690894
419,0;595,1.2715009141482236;398,2.8666335135831664;575,1.5743880374526902;914,1.7925506869860397;167,2.293955994386493
577,0;883,0.3336854557209358;421,1.2609733500759548;797,2.4694990740723677
292,0;279,1.6253746538131335;791,0.5745406439271096
836,0;399,0.30701965584307994
781,0;51,0.11958850640467653;965,1.013063438115873;638,1.7702992757352796
49,0;485,2.567919106160723;318,3.217922389549522;762,2.6193794617844675;475,2.6295528882264976
311,0;427,0.4165485113671146
571,0;315,0.462800833993641
176,0;503,2.542615712610116;520,3.61192344616929;700,5.763948160116652;980,6.810068709376328
178,0;744,0.7495760209350502;977,0.7986167198116515
80,0;364,0.03826450051516941;781,0.07659029744741506
159,0;48,0.8010625836762606;955,1.6449336950703901;95,3.723776090338617;624,2.7742742371177016
251,0;802,0.2990975688627441;264,1.0881562200674884;112,1.1818874270770126;983,2.1509330223752956;58,1.0978470417426827;998,1.7329515609635293;727,4.18700706126514;232,1.2533961915208862;707,1.2979051248208728;991,1.8655272311703248;907,2.253501090424368;24,1.943410447549309;493,2.2047225447800005;552,2.2649140717258134;405,2.296279598410746;798,2.7344356027440044
446,0;359,1.5722696307759167;974,2.3378431227449736;512,5.49880378733741;479,2.760241344972693
675,0;531,0.9240426924785233;600,1.3429953042531684;898,1.2613428675961083;62,1.990825944926065;2,2.561863653527404;620,2.8330386938937253;744,4.219318363729354;680,3.428372785077519;650,2.8884257292308084;944,4.094647617294063;430,5.498834808937519;521,5.359395995407948;858,7.401418192017573;648,5.140001379435331;152,5.1750697818301665;580,7.707360385129136
933,0;402,0.3498404169740032;956,1.1366903515575522;356,1.3523711237000322;221,4.511322576265254;256,5.2811857340924;86,2.0355056286222357;18,2.3644464947131865;618,5.324449140877101;195,7.068811113672403
510,0;478,0.10255759469067958;664,0.21109815797586778
10,0;73,0.7773369059713697
931,0;364,0.10564278604679608
760,0;513,1.6735713049729173
645,0;103,1.3981309840263998;390,1.1024826041138147;218,1.6067650260847413;925,0.5713180062223969;718,1.779848255785522;767,1.0781475344417784;635,2.9215700704998167;224,1.6615929617100127;656,3.578521389515116
955,0;797,0.3581228378735294
775,0;142,0.9160911982170926;21,0.67500994883586;902,1.4816292226409622
129,0;745,0.5425711291342845;195,0.7637480328864384;642,1.5656936456142827;198,4.931029278773593;916,4.852148642630618;871,5.271526924701921;29,5.2983122549233945;580,5.866839074235176
132,0;973,0.049846516828889874;249,2.0872759510371224;155,0.8748589152172607;398,1.3648053438038625;616,2.1998254029892537;576,2.8583940592662165;86,3.046641138644446
96,0;703,1.8275056472282345
1013,0;385,3.854881841773776;920,4.169512522992638;342,8.441366970020393;748,4.7493758257350915;468,8.523857912967571
122,0;238,2.5354650466645956
102,0;747,1.6396285394392132;513,2.472329115746508
951,0;353,0.1134430342090619;802,0.266509412335467;1,2.9367579829787958;710,0.45696514448288883;112,0.8623043507720122;725,0.7316554859601547;5,0.784931675401302;402,2.0992776939421045;232,4.655036216704282;735,3.061664734670803;512,6.645628610673682;707,5.4592642276556145;991,5.711613368774265;552,6.715555748561455;728,7.004068908424776;611,7.900174137101226
623,0;210,0.5910606047673435;531,0.46947978579835653;19,1.4021141025451247;472,2.082980735063966;600,0.6419349982285384;561,1.086452437079768;898,1.2184892205688265;62,1.3915308361101741;972,2.4975237725332473;835,2.3413127760076615;247,2.217241223068395;2,2.5810204167800173;352,1.638554370295267;597,3.8174676332782447;710,2.8030757943996307;620,1.6758655223950472;117,2.382941582926618;650,2.054776754134212;944,2.631082888312242;937,2.3111481187606846;97,2.4170866477328112;1019,5.014753202465301;782,4.586020179842261;744,2.9039891569293506;858,4.307618937912835;726,3.9864210869092966;648,4.069829030737324;977,3.123305627994844;536,4.354480672782579;47,4.43283466007901;580,5.585520144895101;394,6.520655551822085;292,4.736612752617416;749,5.517896140037155;279,5.485954328378084;781,6.029140265720077;103,6.620715391812311;325,7.328327181852615;224,6.723582633986229;664,7.146638482580226;735,8.904218310723087;885,7.611053858168842;393,8.545131729063177;526,7.714205452923937;694,8.261880491259015;834,9.646340222833338;1005,8.769943995550394;65,9.502408147758866;512,9.281572798307163;611,9.336922353989506;251,10.238525097723238;895,9.694152449328232;876,14.992794906477306;802,12.389141449920425;122,10.988701989146163;238,11.06668031153163;112,13.642274125335566;232,14.756694567330067;707,16.504307783284766
506,0;272,0.09266313844449871
159,0;48,1.2961128298164708;955,1.518928438812371;95,1.6154558976215392;840,1.4275458052655345;624,1.8178661495559212;572,2.5021926719767014;323,1.4695335403947516;797,1.5513007532484235;814,2.285452474810765;282,5.038764773710831;789,2.8421200414316132
533,0;62,1.5163894665610886;352,3.873043328588593;620,1.7021319666255816;944,2.020600851947498;430,2.349083411501697;648,2.388515875827717;536,2.7597578323640453;394,4.116178321134787;117,4.763634921536728;438,5.240682396690781;879,5.680442793214556;1019,7.378509257668176
718,0;986,0.20258887265830622;861,0.5910963440572177;136,1.3930606981701625
941,0;380,0.6241394048049749
308,0;824,0.6597050440325033
450,0;311,0.5678042673454398;427,1.0835750116842853;740,1.1463319372871517
151,0;452,0.020795703628589884
668,0;578,0.8007339788349931
470,0;430,0.22570781889611646;157,0.6391469869399365;1003,0.8033433181179275;92,1.5514500231248458
474,0;935,0.29257570558365753;1002,0.7686123225694168;377,0.514016462012125
666,0;520,1.0606755852033547;174,1.4065400944687727;189,2.832828123463437;578,1.6696950404626705;295,4.059989313853532;827,4.283563211845662;485,4.760712160328394;762,4.848045785019809;475,6.8989406619960345;995,7.39573853109442
847,0;704,1.0668260491277637;65,1.8786263784960742
310,0;654,0.4202925312627069;936,1.0289108668716105;469,0.4911803794687589;144,0.48945861556086656;825,0.46335421982287606;554,0.7784496498628959;160,0.8217304745488345;283,2.300523818052085
567,0;52,0.4522697216863821;725,0.06247848582680006;956,0.4659235367902042;31,0.333172007771522;16,0.8738808516984156;846,3.4709610744652517;356,1.658031124140197;221,2.308487289663556;256,3.3305580774279813;975,3.6474899784468797;861,4.1650155753718305
382,0;869,0.2375004465212559;1012,1.952438418070153;972,6.40450134759813;888,3.2044052247616355
613,0;341,2.287770476869141
928,0;998,0.4600748095212036;447,0.6919733329098412;907,1.2110376433633023
930,0;807,0.3945720168578453;915,0.5499116186000311;959,1.4825136911913472;332,1.2990264598833798;760,3.3648899078276537;513,3.6730976520044356;196,3.7042508026234406
734,0;813,3.0858600267519654;731,2.766308568703177
1017,0;593,0.014304294853781976;36,0.6983509415352261;238,0.96810165313458;611,1.0335194645309593
1006,0;150,1.0026018074753862;442,2.2279340362906344
287,0;536,1.7901788822649092;394,4.652900618006538;325,6.086423684055241;885,6.349969065396294;393,6.403441916449825;224,6.9147157120062275;410,8.050083719742743
77,0;702,1.0890230741717393;421,4.12665750911336;797,6.559488728247803
428,0;999,2.3439709373483195
923,0;656,0.7467953534122154;911,1.8746555891163947
714,0;160,1.9073124637790773;708,2.3186766184023786;327,2.955434137924627;1010,3.431854506090758;871,2.667514462014997;29,3.100927495924952;993,6.130139736993728;483,3.8384395717968873;944,8.143085467925756;726,10.491707446745917;648,8.209971160626885;152,8.295891930981815;47,11.226589952557408;629,12.770426949026767
416,0;64,0.3756997467226617;873,0.39986248985931516;129,1.9951819882626127;745,2.8899882345613097;195,5.6904571820856455;510,3.427511573180371
836,0;399,0.6112982384151389;146,0.355466144754945;202,0.9719338990884271;837,2.201807818015925;535,2.581648833210877;855,2.420504848594294;420,2.7442789582952027;670,2.6620342016032095;839,3.4755755701134174
216,0;192,1.7206319925900797
469,0;283,0.6160464404767171
645,0;307,0.5917127097861714;925,0.18382912839181756;718,4.091941509618719;508,1.1288095336770079;194,2.182707832894052;293,1.5160683803525123;811,2.019558598519789;686,3.1898445379790856;778,3.7199861673166916;463,4.110437641291161;31,4.173829857820903;986,5.2502925564720595;136,7.874413337988687;72,8.94029752057982
614,0;79,0.5548712476321128;241,2.203152617666118;715,2.7416596438549465;249,3.818801389874997;322,4.105284582330994;616,4.2645731968143545;576,4.967997489047309;86,5.213463075162132;18,6.708414106216013
395,0;665,0.1863932604469265;745,0.19767608887477256;656,0.47227518029711296;710,0.4886783813936493;642,0.5336813792706239;965,1.1283147661535322;725,0.7633732487874902;916,1.395560638877793;31,1.1861823145639687;638,1.7659143888486777;16,1.5447797812280055;1010,5.83946180442595;735,3.2295584621188986;512,6.568500049449392;483,6.003303485585971;728,8.119369582935311;611,9.299333039375314
707,0;991,0.11607713685936172;24,1.910364653298597;493,0.3786490380537934;799,1.3733327981705925;954,1.0161552911665843;352,0.4627806096715677;117,0.46898012456471716;438,2.155772716891024;879,0.8356800621497753;130,1.910776057030593;896,2.2662330664742134;344,1.0224710548751295;869,2.6564716942988924;810,2.8365218545207047;73,2.653277331833617;718,3.5599692236010663
420,0;58,0.3141335089453377;727,0.8137444019814475
501,0;708,0.28311554291210705;1002,0.8910507743923756;1010,1.448177190554757;192,3.4810976814495853;460,2.7623154072143206;483,1.6837482727545807;869,5.2068114490702895
319,0;234,1.369823730148991;893,0.0033349252280297937;78,1.55807381804724;876,1.5116998977085028;841,1.611795805640403;494,2.4300332605121735;738,2.4778839652092834;734,2.731626477789537;813,3.1971030705378527
677,0;443,0.22502681282708625
480,0;130,1.2453204605421548;924,1.2959042302581938;20,1.7229448528169518;539,1.8412289066087832;587,2.3271217297632454;702,1.8517850947829577;983,2.03318535668857;427,2.3675445930149452;61,3.477194692823501;616,2.533304261773151;482,3.5195501171989805;850,4.09592572876221;115,3.656332863993575
58,0;727,2.6770658224838506
48,0;955,0.7815910057241892;95,0.7333608237925112;624,0.3450917101543853
313,0;594,0.05148289151755622
325,0;658,1.0825679557936572;868,1.7447265784133037
956,0;846,0.8880162588094297;356,1.4474151744585515
155,0;398,0.6452788118038671
901,0;2,0.2879516219601413;744,0.41583098501484606
891,0;835,0.3336260082066403
772,0;729,0.5101922351148078;443,0.9176855683985745;900,4.191624370853672;812,1.6280538296588318
196,0;747,1.0846449892524865;513,1.1119596810779846;373,1.7095949443680691;19,4.348783225665071
484,0;875,1.2844307898294511;162,1.9806535798298266;240,2.4133977939929654
795,0;291,1.6404109205044923
651,0;573,0.12281452046193092
20,0;29,1.9875869833767108;328,0.08596233446742754;404,0.5003216377063181
745,0;642,0.5413493948433277;510,0.4932175187483658;478,1.1512112228116613;484,3.1002059791837695;805,1.4160708279971908;970,2.300536030851905;657,1.521070790580516;497,3.2464324976459134;82,3.1675945417622153
459,0;413,0.16897032109528287
1015,0;1007,0.7022816182678491;220,0.7672629210447962
875,0;826,0.24079712610604534;162,0.7980848230087676;341,0.4473183825624515;278,0.5784354527633377;128,2.6879775086545448;565,1.2557150588145125;240,1.6184499846044833;698,1.7123512813136754;102,3.3606614709651295
301,0;635,0.025924422988141353;656,0.2607250905695941;215,0.698028764723856
839,0;469,2.3681806071765923;37,0.204309166731215;728,0.3185152754100925;152,2.6015793496979924;160,3.1370499228211837;708,3.274204179421715;871,3.5409718228377534
144,0;622,0.6351386030580674
223,0;292,0.17749272660670007
780,0;416,0.43974594239827763
685,0;370,1.3125788505893274
996,0;838,0.9165358007999282;709,1.1828166509912073;402,1.5286160616655642;308,1.9853744535744768;199,2.7740997869829913;824,2.958715781126795;689,3.7740345382438587
804,0;37,2.165015779203967;728,2.5641144256055903;152,3.373631512373545
762,0;475,0.5274257378864949
310,0;675,0.029538337049593303;936,1.1573337588258479;531,3.219015924325145;561,4.133909001639869;443,3.858999034819452;900,6.852032590370524;247,4.971815391327375;409,7.217356491404107
949,0;964,1.3856966355568403;737,2.8628789164689126;313,4.959302067022028
428,0;240,0.572805850333525;187,0.0005922534447152188;778,2.1683614247766534;918,0.5612809085330195
488,0;433,0.9863693289293024
310,0;675,1.8787002068839902;654,0.06541059733319603;144,0.670482811973414
356,0;256,0.5835746499842972;618,0.9844657627082855;195,1.1098133664516765
8,0;366,0.11858236720333418
569,0;1002,0.7631344140325045;102,0.18249151742065228;216,0.3135462464019471;974,1.31468319824987;192,0.9071458153721375;460,1.2696487962221383;914,1.378338405969297;512,1.8132287896259147;479,4.3387028329807285;647,1.5945504208777654;195,3.143303999681729;251,2.4411460679075097;802,3.159830277033593;264,3.8337048206337014;112,4.354648756246653;983,5.299417529165744;58,4.521147278215075;314,5.036782643222222;998,5.673308959484174;727,4.570340499253647;67,6.141273345436293;878,6.8980539088962125;173,7.897640725682972;447,6.47577908025861;236,8.19240135159409
47,0;629,1.3830649487680633;157,1.4272670778269032;92,4.072749253306008
840,0;139,0.37425981784003876;911,0.5965066893227902;194,0.8527780345032021;375,1.8799635049902006
974,0;914,0.8338657423815028;512,0.5074343365563457;647,0.7181501225199952;251,1.5200056401973763;167,1.9048780210745955;802,2.9105955784653568;122,2.837684742578599;672,2.030198572393098;38,2.0486847767173275;174,2.1786549261479413;189,3.2288484483968993;790,2.9338592781443786;884,3.078374690947911;238,4.305449094032504;264,3.836069872008723;112,3.461067501629297;611,5.475220531945427
188,0;600,1.1719962648748112;391,1.179387010173632
585,0;87,0.5951859619918114;389,0.7078757846248243
249,0;322,1.2712589402520078;616,1.2524236231955097
147,0;962,0.22133129266118454
121,0;193,1.2627286733958771;456,2.9905469505644238
803,0;799,0.010760342964975434;847,2.4808740762167094
575,0;209,0.3274295735635775;22,1.7586935494384088
913,0;429,1.9140612952831464;209,1.4035128272276922;22,3.5705469968841532;775,1.6426638160546583;142,3.5011870821285958;21,3.3544302547940994;708,5.448891242404804;902,4.574546452792503;327,6.296954066229852;993,6.982053809896433;328,9.943957959776197;944,8.33057825037411;858,8.759173858404422;726,9.502894777379387;648,10.09740998713881;721,11.49897001083998;831,10.827217730991993;536,12.083132671342835;152,10.506816827740725;47,10.185613679742834
16,0;650,0.44930147453660413;1010,1.5244467203133703;735,0.059484444881461554;499,0.8593424971465521;119,1.4610169526680559;488,0.9981449430155773;830,2.4501122118761907;540,2.361520488133771;955,1.7985932241868299;322,1.9749791457235277;483,2.5396182748877463;797,1.890709065643562;474,2.904611100724692;639,2.471864076326921;979,3.1372013982534446;307,3.5590066466451353;508,4.370356396043868;337,4.725867392248556;811,4.557568505459667
372,0;783,0.6926821767464917
471,0;374,1.762082664761748;660,2.377064798999171;25,1.9948062700097349;772,3.4249908990775078;698,2.9851730600870905;206,2.424981237045367;386,2.752958127541965;729,3.866384055906133;45,3.8773233192543692;801,3.9913245035238027;335,5.491072186476076;750,4.90844138007879;256,5.8991684993421325
149,0;605,0.4683274236629526;85,2.3081408360268187
649,0;150,0.7615300316785615;256,0.053113398954877884;618,0.6618719785751955;195,1.260656107658322;442,0.9933396239203387;752,1.1164317122718015
204,0;990,0.2628597618727919;460,1.3114679166907435;875,1.7280140632830854;869,3.229869011859058;826,5.280230803709019;1012,3.8035719408853916;691,5.594749012529683;972,4.153336039737614;246,4.2634736748554865;341,5.712267153899669;754,5.91397309390127;897,6.778520520803363;405,7.790487095699202;830,6.909429613987895;1005,8.617873011406871;356,10.645488284480004;221,10.716294867881723;86,12.114003803115768
854,0;866,4.197870316686743;881,5.089745883313292;845,5.76501154053468;531,5.8653143632340115;561,6.391072166914461
787,0;98,4.410613118331211
36,0;238,0.08610160127609777
583,0;931,2.094954956022003
171,0;914,1.41053526118626;392,0.2965856699660628;470,0.38565173403890507;430,1.071276443131696;157,0.9701843468367354;1003,1.2405939157790373;670,1.8135302337609402;223,4.757756033858774
514,0;786,0.7047130796553122;266,3.5435722403021437
572,0;149,0.5867485282940235;513,0.7020440915611578;282,0.4091964817287698;789,1.1787403310095306;510,0.8289326718328233
705,0;424,0.7403133129906003
648,0;47,1.8898617978208148
250,0;129,0.48027145279741745
799,0;869,0.05819508719992752;1012,1.3763899013695948;888,1.379812459146183
234,0;780,1.0753373030603013;394,1.5060164155757363;416,1.7320624340037916;325,2.4325940090516274;658,3.125420253886411;69,3.0101740294632524;526,4.007046791201467;449,3.726094659403689;867,5.445095550324308;251,4.500881636477704;834,4.311582739517397;876,4.952232001759926;729,5.624566519178307;276,6.221037458709921;146,6.409338631779077;443,7.72995564611751;11,6.763783326345759;161,7.4136285853647745;900,8.933679346038415;812,7.995158488480726
998,0;907,1.0823981229770583
948,0;570,0.829431994046665;204,1.1806623557286615;986,1.294935553011092;136,1.3346941953592686;72,1.954933360826739;385,2.6976938297512456;920,3.917434335858367;748,4.1494494765309256
712,0;254,0.5949753101607429;313,0.8940559534556896
587,0;241,0.9277888355651325;622,1.5903168204915694;738,1.9757320302229562;918,2.9262753811707354;461,4.169657195826191;811,3.4276495759550283;745,2.478502395835918;734,3.144954668620673;642,3.2091959159328045;813,4.260539384059047;731,3.6157834573693535;37,4.498971319454125
654,0;469,0.43163172454896753;283,0.6268043311526444
649,0;150,2.76006449784517
210,0;972,0.18173260903137853;949,0.20746420974382412;246,0.7925645091047239;1001,0.8033068174434871;493,1.4926032157000715;352,5.862483186262704;438,10.12382744769047;376,5.960237355545778;45,6.952370426759925;697,7.977157029378248;193,9.52656744421264;1,8.410524104934238;735,8.504905835001194;512,8.955588827520062;728,9.488695511378165;251,9.373785060016495;802,9.396183192394446;710,10.526106630975576;112,10.333175096271255;718,10.942779030049895;232,11.413411702864781;5,13.168981170980562;986,11.209122106948412;861,11.289867752907671;136,11.62048204882934;707,12.355983702872466;991,13.34055164201709;402,14.626882281444114;154,15.494288300887295;552,15.131489746073036;956,14.700716737596023;846,15.758510964861037
869,0;1012,1.5975690165044858;691,5.097311402093253;888,3.221774686567434;947,3.953042766761405;754,6.051371275709811;830,8.611640429299143;574,8.798589565824004
502,0;149,0.7292723873387914;510,4.246763046060336
908,0;657,0.1186020955160672
46,0;812,1.656768542001217;765,0.24627851996185438;81,2.0267130776112605
55,0;617,0.3935770511753336;98,0.8743346688700433;509,0.8547013501577467;644,1.67142514582128;560,1.7460770990423273
1008,0;1019,0.534531993975528
965,0;422,1.9650664386890646;638,6.218059777221882;172,0.35254858192063665;326,0.9914851542326515;382,0.3817180247076229;364,1.275171277766352;203,2.8236350502309797
653,0;561,4.007357544009245
193,0;456,1.0733427307297345
343,0;577,1.6224654076058096;883,1.6556361747952264;778,1.927965868266496
25,0;772,0.1965114396939046
926,0;882,0.13948804325839786;672,0.7434506821727327
511,0;291,1.5773771251401627
425,0;487,0.020502470339424587;110,0.2582391301431491;860,0.906627601486194;106,3.13464875918369
332,0;991,0.12652526182580928;760,0.5265999344492269;552,0.1468010451572385;513,1.0967315219217855;196,2.9080916504504897;747,2.9785842101975213;373,3.5215744516238003;141,2.999925245685136
766,0;316,1.4448053469122517
665,0;710,0.10785709582462176;965,2.562992185380008;725,0.17649485016816405;5,2.425485613810562;31,0.9275515852481117;402,5.9892603928347405;154,3.4201775367207032;638,2.935138715935229;172,3.0476003828586915
647,0;195,1.0202052424283008
243,0;899,0.9359736694279063
981,0;394,0.5217790028502507
993,0;328,0.23455954772620194;831,2.1699737499395866
490,0;745,0.05852709192525265;642,0.7057131000022472;198,1.2105119417807892;871,1.4694791772567912
744,0;977,0.4904863328362949
841,0;494,0.9419006353279603
812,0;81,0.46475300256927154;400,2.4642725208332115;470,2.692294340910723;430,4.483454768256848;157,2.864310259045546;1003,8.032278419902095;670,4.779623837093041;92,5.227254772680734;223,6.8789009891920285
104,0;360,0.10340372793302623;20,1.0717432930596835;328,1.952704451199263;721,2.7337942211157475;404,3.6036568347627114;831,2.038098322912334;893,3.739908802837845
706,0;297,0.17707779922389943
427,0;740,0.29808605611468975;729,0.7361039972113866;146,1.4409432947032332;443,0.8440892503549092;812,1.1167488159651862;81,3.618274725876492;400,2.238328906514245;161,4.11835499383637;375,4.204540348852634;170,4.403919876645264;913,4.205757266770809;209,5.095932012378274;498,4.2383679383771415;123,6.49481887814297;710,8.353452655885253;22,5.510619712061446;782,6.497292244694978;999,7.033552398336152;965,10.329209801927979
111,0;167,1.3424635336306665;672,1.9525265080557799
767,0;635,0.075014786572648;656,2.254280584925509
738,0;918,0.83473529410177
614,0;29,0.3683513520629358;852,1.2183466442734554;572,1.589214472897698;149,2.3761371183490922;513,2.5643408022000207;510,3.27541512750677
250,0;129,0.28995937576043745;87,1.4025802711890132;745,4.576233749718374;195,0.4047479810138266;642,5.203691369562385;510,5.940751345606239;198,5.659826972404478;916,5.3315140892542345;478,8.950227719673324;664,10.010242256912848;605,9.080782184408882;85,9.56879981144565
689,0;888,0.15287107241412468
133,0;190,0.2714803936591023;384,0.361454516235447;723,0.7513934274847953;26,0.7403542676146946;439,0.9877508850190126;647,1.9678397198413533;848,1.1533839439410767;304,3.419612673788322;866,1.3044308192108969;751,1.6128634093312377;637,2.0908617642473035;443,2.3312444500566607;336,3.0247032540230423;812,5.400447129636748;1,3.685242640169609;906,4.840302379082202;592,5.294979671464852;400,5.421528556568691
373,0;19,0.0660958936239598
566,0;159,1.471318771480638;48,2.4155894500747106;955,2.559622032627793
25,0;698,0.04045894206646242;319,0.8199359345244014;234,1.4387874921137396;893,1.1171633322413468;19,1.3483421134961193;780,2.1516931593877344;416,2.659240341948789;64,6.727863654416738;873,8.614882244349559;129,9.458817916301792;745,11.198945875440794;510,11.364453505546113;478,11.447394738301877;664,12.149501083223619;805,11.669103466459543;970,14.755337052378371
155,0;398,1.2973795750408619
836,0;292,0.05134591298053787
130,0;784,0.3338024183882313
975,0;861,0.5837894778500491;524,0.36937177470706106
412,0;287,0.46697800039645637;588,2.5339954495953476
62,0;352,0.614569673246268;597,0.718576941277419;710,0.6882737667870851;620,0.20914582527952286;680,0.2100052907730219;650,0.573648776453092;499,1.079818460526095;937,1.14950658445399;438,0.9244341066823231;376,4.422992105175304;45,5.584515277309036;965,1.3959425651205875;718,1.1964324074488752;986,1.5765124964353558;422,2.2561600215628004;172,1.4060742551388137;382,2.266046897817809;861,3.0398096560340164;203,3.2616501682970647;869,3.253429564920799;350,4.43433090429627
868,0;451,1.2770069335782293;291,2.6899018501680887
459,0;413,0.5144373030587426;994,6.1368167216602165
531,0;600,0.8748249756314036;561,2.5273569533925;898,0.19908181446172185;443,0.23569726041152086
718,0;986,0.90493062582897;136,1.0196638555918434
713,0;402,0.03140932230202827
761,0;22,0.23693816204485865;297,0.1020647466289075;259,1.2507314313072406
284,0;209,0.36090126947540474;775,2.901350880179203
987,0;331,0.3696549334587182;925,1.2599129731314436;718,7.692885658595256;767,2.601228971052405;533,3.523504969467937;62,5.081687111862433;597,6.241940766728604;620,5.2746669296756945;430,8.841153994297805;986,8.581039942853172
67,0;878,0.06433218333805553;173,1.5850315618795008;236,3.1767575123579075;975,4.2125513260792875;861,4.561083316694813;524,4.4505609911410735;988,5.325416756290507;557,5.436138289605607;523,5.563226850869135;88,5.947141536021334;752,7.1496375971986055;1017,5.58006060825508;609,8.001156118527858;950,5.647840382303936;834,5.691442581095477;245,8.110524227844852;399,7.70998719862712;539,7.895715592524308;587,8.346870139459593;702,9.074618272649124;77,9.802834948815946;241,10.54797777375409;616,10.131968315088717;421,9.210401484634684;715,12.091150740866093;513,12.318987757163443
506,0;272,1.1346216067840025;505,1.1631570477337698
167,0;672,1.638514322056513
176,0;711,3.1914246621106814;13,3.5864269093013017;268,4.750480233979824;103,4.533692366157072;224,5.4642517595737585;284,6.654486706773032;98,5.3271058448001;664,6.983023555405506;209,7.352086487667077;283,7.988433586941442;710,8.391792550992466;725,8.95961322762214;31,9.142374272876399;16,9.76477854763933;1010,11.017394195916498
499,0;488,0.6360356750960733;141,0.6836804065264299
425,0;487,0.25761117393778904;110,0.7882951478208575
20,0;29,1.9418581078157593;852,6.4543811902211115;3,9.088970087181604
834,0;876,0.6296078567798834
136,0;72,0.6139001378521337;385,3.5409683023996696;875,6.586802315249882;920,4.4443222529271145;748,4.910210136666567;355,6.589984973990297;131,7.589219070599289
572,0;149,0.15962623999697453;513,0.9815016972411503;282,1.0336121351502248;510,1.237148717383986;605,0.27544404185026183;478,1.317042566697941
493,0;954,0.22959636396464558;130,3.444550123105704;896,0.28844359603693565;344,0.8646146939230422;311,0.38038559795385685;427,3.127002449604505;504,3.488330096492099;840,0.6208003113231515;20,0.7404521578944068;139,1.1307943454981726;194,1.6811061717885565;375,2.390381611614175;780,3.031855443594646;913,2.6224381261604215;429,5.0795934892713905;209,3.8161782059858798;123,3.10100096161074;394,4.096567611774994;416,3.5288748256957994;782,5.3626163792284895;740,4.062212440001152;784,3.95932623307907;64,3.7517230609833088;873,4.487018056874884;662,4.237209099200119;941,9.398347741774574;729,5.23687115390549;325,4.125404149000713;658,4.516383750919591;735,5.069499932915203;885,4.390858091465008;393,4.962693615933594;69,4.374607309175468;580,4.950378463998925;867,4.82308727678932;276,5.687888214446209;410,5.39611160644324;512,6.734759201744501;45,5.382847018114273;146,5.434788932581865;801,6.024675724734187;11,6.431828203926898;335,6.575762430673428;948,7.44390802108652;750,6.189864108939307;290,7.052584093710332;611,6.795645587236278;895,7.478377355361395;822,7.629838541952511;204,7.878850971216556;990,10.075811408058273;380,10.588590874524824;460,10.800384829197021;543,10.762201431052022;669,12.010447489449897;53,11.551797138863273;908,12.436419596545774;856,12.504858075659728;657,13.300214124237014
981,0;988,0.8750429284767346;557,3.325529871281016;88,1.941697189779192;245,4.540188399132661;1017,4.280323148949123;593,6.285122315045584
387,0;1000,1.3942494650544321
250,0;129,1.0174731305568396;87,1.7307257409794012;745,1.9284735962644968;195,1.626229377378694;389,2.808144711128659
711,0;13,0.6647306450909196;268,0.14368011847100182;284,0.4134101692235047;98,0.3968770269638749;209,0.6943011161167776;283,1.4359697847632553
451,0;291,0.24907192149255275
93,0;24,0.24712482701049462;305,1.9753876469367861;295,0.20725145324249158;343,0.35803833896631976;858,0.4061029687921853;810,0.4286575161078893;73,0.6919967635065932;577,1.174864163488362;580,0.7174495096320874
843,0;40,0.4107717509095082;443,1.5761635332309878;489,0.22926845667796109;782,0.4131924420539248
473,0;203,0.6107334308900171
559,0;501,2.7067826200259955;795,3.4514595644815023
788,0;705,0.4817795404196159
61,0;482,0.5680363265168711;234,1.4553031474083786;888,1.64799218419535;78,1.4660176625759518;876,1.8376318659233002;780,2.0979760337605664;696,2.168978280228488;841,4.126600032788701;947,1.8262892273787492;394,3.177773824771406;325,3.2483900482242083;658,3.594328604288234;885,3.6243510702474;393,3.274866264891599;69,4.4384632590335364;410,4.652570711918619;868,5.380340718173469;867,3.599387449623611;276,7.051132883707598;694,4.456205688271641;267,6.182256677849519;494,5.867965921688203;449,5.301229636769207;1005,4.874172306118494;622,4.938717852797644;65,5.970464560955028;251,5.433473966419031;451,8.265036240661148;738,7.139961731158961;461,7.413321867902152;734,7.545802864710911;37,9.855774082334438;813,10.041192518710014;152,11.543659378776336;845,10.90634327389299;531,11.75491551836516;898,11.821209941232835;2,12.201352865324605;744,12.54231636806886
644,0;560,2.460016237076936
666,0;174,0.7032907144311797;570,1.2881886298881944;189,1.855954357555699;790,3.8507833434544656;578,1.3511117861550495;734,2.6752190637752062;295,2.996837436926973;813,4.8094527937030005;709,3.6231188186316827;533,5.501339492216708
349,0;628,0.15800156515858033;201,0.9067830619121452;515,0.17300825777162593
1003,0;612,2.709651895835905
660,0;206,3.0762999321375006;386,3.185440681513072;988,4.007289640305146
418,0;186,1.3564838665778216;799,2.0461671320939554;573,0.3326011454392822;563,2.1353540535350684;978,1.9534541338764393;915,2.396883695201719;319,2.9032631115678265;893,3.3001728778097554;19,3.655073490926707
230,0;498,0.1447520146423415
151,0;452,0.9498237332650816
633,0;448,0.006682266278128058;1016,1.3009622246270036
485,0;762,0.3152993352347476
543,0;908,3.3777732034176435;657,3.629199252473805
668,0;578,2.6423852197713344;49,4.12028928414203;485,4.410466234356255
27,0;656,0.849152380149114
191,0;532,0.19017331935924237;694,0.2972233002472032;1019,3.9979451208174286;276,0.5283488750710936;1005,0.7520425486729414;356,1.3005295762729467;221,2.4417236409187266;256,1.9739592048123016;86,3.218721551535483;975,2.786329673861494
436,0;250,1.0752169378762682;129,2.333850929973707;87,1.2243867210929582;389,2.630325617228839;195,4.2225850810448495
604,0;695,1.6738990635901765;597,2.230326447406015
151,0;671,0.11515167847136895;452,2.495451727738447
768,0;971,0.11482759096156292;594,1.8728873085934998;225,0.5071612746133191;857,2.3690798932023984;636,2.5975814578840866
294,0;517,3.1092836534211914;19,4.305701303562959;881,3.362470221089898
1014,0;863,0.1277297293220417;835,2.5545853108635352;276,1.1335903760012742;11,1.2229083139697488
467,0;554,0.8822592651130107
912,0;1009,1.2938413953295962;864,2.716357948579671;365,1.3041259098577362;4,3.0031769926465115
363,0;193,0.4289530825153437;456,0.8254186788470461
220,0;222,0.17504392393259266;876,2.632770597710704
979,0;307,0.879668416782924
915,0;959,0.3624419746747998;319,2.542998469251697;332,1.3405975534411052;84,3.1165762084219994;991,4.79483781017572;507,2.0776394958417006;760,1.4912591345683648;435,2.992112764419322;893,4.186479558054606;133,4.039208385852084;190,4.1704162909515485
395,0;665,1.4246173043659072;656,0.3169681682602918;710,1.5062640216519305;5,1.6448557820852108;402,2.4506988252028705;154,1.711573097710832;481,2.204005771965444;956,4.033635128541911;356,4.7062169705126955;221,4.77104068396909;86,5.683935666622576;975,5.583443366189496;524,6.932174342226484;18,6.096696775990251
681,0;348,0.07148984417321724;650,0.15924765670325747
557,0;752,0.7563445598845591;399,1.6401965058119714;539,2.7094264708038494;428,4.333382434367422;983,3.148713775064891;187,4.3443447844652985;999,5.461361322042098;778,4.583612580368062;636,5.346309191965679
130,0;784,0.3603357670691253
58,0;189,0.1841631652407901;734,1.2513030888532126;619,0.7691172331492278
530,0;721,0.7424907871116239;581,1.2533161856981825;896,2.7719613255159343
604,0;27,4.234856153324961;695,1.6473616972144727;646,2.0149156270758315
405,0;668,0.7112693346353878;798,3.2391579804872195;578,0.9316437962688032;49,2.9210259415284425;485,8.647938045764997;373,4.357187700556983
852,0;3,0.2343042376405986;572,0.7708436148062258;149,2.9753216148332715;282,1.5361751357016453;605,3.178156215211235;85,3.357500737169253
438,0;718,2.7883800044597544
