0,0
1,1
2,2
3,3
4,4
5,5
6,6
7,7
8,8
9,9
10,10
11,11
12,12
13,13
14,14
15,15
16,16
17,17
18,18
19,19
20,20
21,21
22,22
23,23
24,24
25,25
26,26
27,27
28,28
29,29
30,30
31,31
32,32
33,33
34,34
35,35
36,36
37,37
38,38
39,39
40,40
41,41
42,42
43,43
44,44
45,45
46,46
47,47
48,48
49,49
50,50
51,51
52,52
53,53
54,54
55,55
56,56
57,57
58,58
59,59
60,60
61,61
62,62
63,63
64,64
65,65
66,66
67,67
68,68
69,69
70,70
71,71
72,72
73,73
74,74
75,75
76,76
77,77
78,78
79,79
80,80
81,81
82,82
83,83
84,84
85,85
86,86
87,87
88,88
89,89
90,90
91,91
92,92
93,93
94,94
95,95
96,96
97,97
98,98
99,99
100,100
101,101
102,102
103,103
104,104
105,105
106,106
107,107
108,108
109,109
110,110
111,111
112,112
113,113
114,114
115,115
116,116
117,117
118,118
119,119
120,120
121,121
122,122
123,123
124,124
125,125
126,126
127,127
128,128
129,129
130,130
131,131
132,132
133,133
134,134
135,135
136,136
137,137
138,138
139,139
140,140
141,141
142,142
143,143
144,144
145,145
146,146
147,147
148,148
149,149
150,150
151,151
152,152
153,153
154,154
155,155
156,156
157,157
158,158
159,159
160,160
161,161
162,162
163,163
164,164
165,165
166,166
167,167
168,168
169,169
170,170
171,171
172,172
173,173
174,174
175,175
176,176
177,177
178,178
179,179
180,180
181,181
182,182
183,183
184,184
185,185
186,186
187,187
188,188
189,189
190,190
191,191
192,192
193,193
194,194
195,195
196,196
197,197
198,198
199,199
200,200
201,201
202,202
203,203
204,204
205,205
206,206
207,207
208,208
209,209
210,210
211,211
212,212
213,213
214,214
215,215
216,216
217,217
218,218
219,219
220,220
221,221
222,222
223,223
224,224
225,225
226,226
227,227
228,228
229,229
230,230
231,231
232,232
233,233
234,234
235,235
236,236
237,237
238,238
239,239
240,240
241,241
242,242
243,243
244,244
245,245
246,246
247,247
248,248
249,249
250,250
251,251
252,252
253,253
254,254
255,255
256,256
257,257
258,258
259,259
260,260
261,261
262,262
263,263
264,264
265,265
266,266
267,267
268,268
269,269
270,270
271,271
272,272
273,273
274,274
275,275
276,276
277,277
278,278
279,279
280,280
281,281
282,282
283,283
284,284
285,285
286,286
287,287
288,288
289,289
290,290
291,291
292,292
293,293
294,294
295,295
296,296
297,297
298,298
299,299
300,300
301,301
302,302
303,303
304,304
305,305
306,306
307,307
308,308
309,309
310,310
311,311
312,312
313,313
314,314
315,315
316,316
317,317
318,318
319,319
320,320
321,321
322,322
323,323
324,324
325,325
326,326
327,327
328,328
329,329
330,330
331,331
332,332
333,333
334,334
335,335
336,336
337,337
338,338
339,339
340,340
341,341
342,342
343,343
344,344
345,345
346,346
347,347
348,348
349,349
350,350
351,351
352,352
353,353
354,354
355,355
356,356
357,357
358,358
359,359
360,360
361,361
362,362
363,363
364,364
365,365
366,366
367,367
368,368
369,369
370,370
371,371
372,372
373,373
374,374
375,375
376,376
377,377
378,378
379,379
380,380
381,381
382,382
383,383
384,384
385,385
386,386
387,387
388,388
389,389
390,390
391,391
392,392
393,393
394,394
395,395
396,396
397,397
398,398
399,399
400,400
401,401
402,402
403,403
404,404
405,405
406,406
407,407
408,408
409,409
410,410
411,411
412,412
413,413
414,414
415,415
416,416
417,417
418,418
419,419
420,420
421,421
422,422
423,423
424,424
425,425
426,426
427,427
428,428
429,429
430,430
431,431
432,432
433,433
434,434
435,435
436,436
437,437
438,438
439,439
440,440
441,441
442,442
443,443
444,444
445,445
446,446
447,447
448,448
449,449
450,450
451,451
452,452
453,453
454,454
455,455
456,456
457,457
458,458
459,459
460,460
461,461
462,462
463,463
464,464
465,465
466,466
467,467
468,468
469,469
470,470
471,471
472,472
473,473
474,474
475,475
476,476
477,477
478,478
479,479
480,480
481,481
482,482
483,483
484,484
485,485
486,486
487,487
488,488
489,489
490,490
491,491
492,492
493,493
494,494
495,495
496,496
497,497
498,498
499,499
500,500
501,501
502,502
503,503
504,504
505,505
506,506
507,507
508,508
509,509
510,510
511,511
512,512
513,513
514,514
515,515
516,516
517,517
518,518
519,519
520,520
521,521
522,522
523,523
524,524
525,525
526,526
527,527
528,528
529,529
530,530
531,531
532,532
533,533
534,534
535,535
536,536
537,537
538,538
539,539
540,540
541,541
542,542
543,543
544,544
545,545
546,546
547,547
548,548
549,549
550,550
551,551
552,552
553,553
554,554
555,555
556,556
557,557
558,558
559,559
560,560
561,561
562,562
563,563
564,564
565,565
566,566
567,567
568,568
569,569
570,570
571,571
572,572
573,573
574,574
575,575
576,576
577,577
578,578
579,579
580,580
581,581
582,582
583,583
584,584
585,585
586,586
587,587
588,588
589,589
590,590
591,591
592,592
593,593
594,594
595,595
596,596
597,597
598,598
599,599
600,600
601,601
602,602
603,603
604,604
605,605
606,606
607,607
608,608
609,609
610,610
611,611
612,612
613,613
614,614
615,615
616,616
617,617
618,618
619,619
620,620
621,621
622,622
623,623
624,624
625,625
626,626
627,627
628,628
629,629
630,630
631,631
632,632
633,633
634,634
635,635
636,636
637,637
638,638
639,639
640,640
641,641
642,642
643,643
644,644
645,645
646,646
647,647
648,648
649,649
650,650
651,651
652,652
653,653
654,654
655,655
656,656
657,657
658,658
659,659
660,660
661,661
662,662
663,663
664,664
665,665
666,666
667,667
668,668
669,669
670,670
671,671
672,672
673,673
674,674
675,675
676,676
677,677
678,678
679,679
680,680
681,681
682,682
683,683
684,684
685,685
686,686
687,687
688,688
689,689
690,690
691,691
692,692
693,693
694,694
695,695
696,696
697,697
698,698
699,699
700,700
701,701
702,702
703,703
704,704
705,705
706,706
707,707
708,708
709,709
710,710
711,711
712,712
713,713
714,714
715,715
716,716
717,717
718,718
719,719
720,720
721,721
722,722
723,723
724,724
725,725
726,726
727,727
728,728
729,729
730,730
731,731
732,732
733,733
734,734
735,735
736,736
737,737
738,738
739,739
740,740
741,741
742,742
743,743
744,744
745,745
746,746
747,747
748,748
749,749
750,750
751,751
752,752
753,753
754,754
755,755
756,756
757,757
758,758
759,759
760,760
761,761
762,762
763,763
764,764
765,765
766,766
767,767
768,768
769,769
770,770
771,771
772,772
773,773
774,774
775,775
776,776
777,777
778,778
779,779
780,780
781,781
782,782
783,783
784,784
785,785
786,786
787,787
788,788
789,789
790,790
791,791
792,792
793,793
794,794
795,795
796,796
797,797
798,798
799,799
800,800
801,801
802,802
803,803
804,804
805,805
806,806
807,807
808,808
809,809
810,810
811,811
812,812
813,813
814,814
815,815
816,816
817,817
818,818
819,819
820,820
821,821
822,822
823,823
824,824
825,825
826,826
827,827
828,828
829,829
830,830
831,831
832,832
833,833
834,834
835,835
836,836
837,837
838,838
839,839
840,840
841,841
842,842
843,843
844,844
845,845
846,846
847,847
848,848
849,849
850,850
851,851
852,852
853,853
854,854
855,855
856,856
857,857
858,858
859,859
860,860
861,861
862,862
863,863
864,864
865,865
866,866
867,867
868,868
869,869
870,870
871,871
872,872
873,873
874,874
875,875
876,876
877,877
878,878
879,879
880,880
881,881
882,882
883,883
884,884
885,885
886,886
887,887
888,888
889,889
890,890
891,891
892,892
893,893
894,894
895,895
896,896
897,897
898,898
899,899
900,900
901,901
902,902
903,903
904,904
905,905
906,906
907,907
908,908
909,909
910,910
911,911
912,912
913,913
914,914
915,915
916,916
917,917
918,918
919,919
920,920
921,921
922,922
923,923
924,924
925,925
926,926
927,927
928,928
929,929
930,930
931,931
932,932
933,933
934,934
935,935
936,936
937,937
938,938
939,939
940,940
941,941
942,942
943,943
944,944
945,945
946,946
947,947
948,948
949,949
950,950
951,951
952,952
953,953
954,954
955,955
956,956
957,957
958,958
959,959
960,960
961,961
962,962
963,963
964,964
965,965
966,966
967,967
968,968
969,969
970,970
971,971
972,972
973,973
974,974
975,975
976,976
977,977
978,978
979,979
980,980
981,981
982,982
983,983
984,984
985,985
986,986
987,987
988,988
989,989
990,990
991,991
992,992
993,993
994,994
995,995
996,996
997,997
998,998
999,999
1000,1000
1001,1001
1002,1002
1003,1003
1004,1004
1005,1005
1006,1006
1007,1007
1008,1008
1009,1009
1010,1010
1011,1011
1012,1012
1013,1013
1014,1014
1015,1015
1016,1016
1017,1017
1018,1018
1019,1019
1020,1020
1021,1021
1022,1022
1023,1023

453,0;840,1.047260387630331;20,1.366889236980139;29,2.0949000201312;328,2.4530832049397464;852,2.5758007154011557;404,2.5796352214818996;831,2.596594442887386;3,5.242348031457851;572,4.245862263638137;93,3.3637876358315824;305,3.78257236632952;789,4.674818397918379;151,6.3249085717790425;671,8.470363455476935;452,9.027619050266244
199,0;282,0.034915499448651834
106,0;622,1.7190451524210033;422,0.23839507000758664;203,1.7701447134165909;350,2.2782433089737406
542,0;269,1.2061374079860232
81,0;240,1.0428935271569406;375,1.3672335980415125;131,1.418012446046232;913,3.0299272571125764;537,3.538388747703542;429,3.0781692948589514
758,0;445,0.6495379015277294
96,0;703,2.1387947128498013;477,4.810669944964209;164,2.8679251661786536;847,3.4920606581665794;903,4.071178901593012;704,5.687480491036315;600,6.1418636492526675
308,0;824,0.10248180171438481;689,0.5997864135215164;888,2.6031907538440198;947,2.6150446848151794
457,0;71,0.18742245441275707;247,0.6067325414514066
644,0;560,0.6631438884634223
604,0;27,0.29256111248602024;695,0.20297569235607935;597,1.2370761018580732;656,1.053950244517679
718,0;986,0.8238654357860563
503,0;607,2.39871174570477;458,2.9510874713714483
736,0;767,0.32799058753942223;99,1.372230251040326;533,2.4138631659454255;635,0.9762983825722177;298,1.8697614372754647;62,4.4461995155418865;710,4.567855662480192;620,4.757968459622638;725,4.808341099357033;944,6.096536010540607;31,5.972579488042907;16,6.247930508392275;521,7.973314842572267;858,7.803637409103031;650,6.252816937113277;937,8.833096423005701
800,0;1013,0.8537635038539204;533,1.436475429209162;62,2.6831180773657572;597,3.0174349022100904;710,4.429823149759269
673,0;525,1.9530952285907277;731,0.9235271279139838
104,0;336,2.743130130222331;971,3.8838779952470754
117,0;879,0.16601348972141278
595,0;398,0.3578140386545647;575,1.9645609289766495;914,3.0356871160015944;209,4.775636559074201;167,5.000995584119439;22,7.917848377428474
567,0;52,1.5220983262636825;725,0.5729743315602286;31,0.703431760721424;16,4.394290365525336;650,4.72747404199813;1010,4.847142062196241;735,6.8375864982838745;937,5.355496010665267;483,5.170316874606421
32,0;693,0.9430447555675853
359,0;892,1.6843316690842967;318,0.17412266674644356;330,3.517310873590163;486,1.8553682573177688;562,3.814597305081376;983,4.9239012895146255;906,5.268610794331165;67,3.8599735370733494;878,4.801375243694019;173,5.4665125244163795;405,6.070305248694128;761,5.488096634609371;236,6.51740664121083;297,5.58318831120907;259,5.6075404114569745
187,0;636,1.5101891950106505;918,0.894472199627328;847,1.8091563225274694;903,1.9166145255402036
509,0;741,0.30131556296502693;554,0.374725300173115
499,0;119,0.8674965682996392;488,0.8946356355602318;540,3.486010985934051;955,1.1378049726548864;322,2.7652070210642545;433,1.45541836384082;830,1.9790304170693513;141,2.0300082528352297;797,3.0489430554749433;574,2.956530175919153;474,3.6262724850645096;929,6.573581457927791
479,0;314,0.1379019149540109
132,0;973,0.6234997845701973;1010,0.7847802925000458
269,0;626,0.026288104929715318
942,0;1012,1.8399863682226567;691,2.124983424248151;888,2.352040488966412;754,2.3911744524343015;897,3.70969387090138;516,3.8982228267244747;405,2.303351980718521;798,4.0993859549007805;1005,4.646767854125145;830,2.7203522289186832;574,5.3588829678844565;943,2.7628488373910844;225,5.033866077391167;626,4.130418584158953;339,4.5270920660246095;412,4.684262699315287;65,5.090418161621018;356,6.262008859886567;287,5.338512405536761;857,8.61941396358231;536,6.634564509051244;588,7.8130911202758515;521,8.38677752200882;221,7.698892662198437;256,6.600386117089324;86,7.04868804057315;394,7.764163564988078;292,6.941414033832896;279,9.36642193022741;791,7.229739790474811;18,8.95267246259162;975,7.821005534416505;524,7.901162372155773;636,9.179891372032804;847,9.733256715282318;781,11.606382415782015;903,12.486563992071485
624,0;814,0.02919912462967047
488,0;830,0.6378528441917006
803,0;444,1.2225725410511705;799,1.809110042265794;847,0.5253719786775799;903,1.6101153911329538;704,1.7905028213852718;600,2.1666132156808113;869,2.897211300948827;1012,6.740216091424793;691,7.1447009361206755;972,7.913011505250958;405,7.863483836080919;668,8.911053865279435;798,10.86861370273505;1005,8.913607821511574;246,8.525333320140607;1001,9.061072426747469;493,9.739726573505548;352,13.41608129245401;339,11.380272005113035;39,11.514503888146752;117,14.033077624158825;438,13.690604425231342;376,13.540154284916113;697,13.766737405657548;718,14.121910257072368;193,14.182842764528193;1,14.240085275466193;1019,16.261360228267968;986,14.273554344644422
919,0;893,0.7687750128886545
137,0;889,1.9934737934488829
951,0;353,0.7063838475801903;802,0.1659357771698675;264,0.23849248233418457;710,0.5406144141566943;112,0.47523536143727874;983,0.6561720564433766;58,0.3353552705344824;998,0.5625643709082956;232,2.6194027027652007;965,2.317532208240451;725,0.5557314919338887;31,1.5362227740660626;447,1.5443989750223293;405,0.8467690541733898;901,1.5787019505659206;668,1.3658185956718616;1005,1.0852255812877478;65,2.403661028961207;356,6.395968966314911;16,1.811065698043105;650,1.8430529509669;1010,2.018333037855489;707,3.9115606252907567;86,10.483392004809662
435,0;133,0.5501383962957141;190,1.2943875773366385
692,0;880,0.423151856369558
474,0;427,0.2848543620233115;935,0.151127362921004;1002,1.0025924579466963;898,0.18763099687539497;740,0.7548892875761107;460,1.672300648817325;869,2.483933123024132;1012,3.6770385616067403;691,3.9367614582100368;972,8.573451639231578;754,4.39884242602963;897,4.837062803001261;516,4.162767522362309;405,4.0661959264263166;668,4.752475552980669;830,4.666153204901336;574,4.720028917388931;943,5.567014331828693;5,6.527099687909123;578,5.454781443918496;246,11.884949641269808;1001,13.103672160143532;493,13.146463243472315;799,13.883498338648728
983,0;61,0.23254594849442184;482,3.1984179809907674;234,4.998264649655203;78,5.921506492124732;876,5.911781196073978
35,0;237,2.1136937648214276;1016,3.6750254467852717;731,2.6703319445941176;398,6.174573472515167;193,6.885799568126949;456,7.1835294709548005
942,0;1012,0.9240938812434466;691,0.9925685052219801;972,1.7135706375335489;754,5.064067576783997;516,2.2438974010194306;246,1.8663940643857997;1001,2.007678013193178;830,5.678755210876835
920,0;748,0.9112809743457503
209,0;710,1.4046314280243988
575,0;236,0.5399052435988182;209,1.071549440499486;775,1.0719518424072456
800,0;1013,0.3794432585338968;425,0.40091761643227286;408,1.597688872393979;487,0.44381656422476623;983,3.831783591377021;350,1.654563956096543;61,4.100181039051589;482,4.924188685801037;234,7.803020089741682;78,10.334561057432444;876,7.908324547169903
506,0;272,0.1481548563235697
205,0;718,0.5032743237038647;986,1.6805601933388075;136,3.085054908406992;72,4.51006206303291
275,0;675,5.001104466946919;727,7.422478039915758;531,5.128730247188071;443,5.374448875141178;812,6.716964689717364
249,0;322,0.8156188516452846;616,0.12889673172266297;576,0.9441073319458066;474,0.886926566511962;427,2.6941951067410583;740,5.352408130795702;729,6.711098601335634;146,8.69505802963102;443,7.782556159702801;812,7.963682201963324;161,10.311191022208376
418,0;762,0.31582971471833426;186,0.4590034516962174;573,0.9261721861257778;563,1.122624380438518;978,0.6071281160848732;915,0.8720514965811849;319,1.3176700927501406;332,1.3875279999789338;84,2.314508634468707;234,3.5629307772022494;893,1.3585365321415859;19,1.3934897845871859;991,2.4522265787368935;507,1.508216789237427;779,2.6224172421716405;24,3.6697764276660614;493,2.533855214250269;552,2.6867774448460957;799,2.71210505357797;917,7.719003712399113;869,4.193734394903174;888,4.206359760011179;876,3.7443839182193126;1012,4.338854577553132;947,4.725055790062838;691,5.051127667139049;972,8.226231916774037;754,5.302533546046253;830,6.338490533890596;574,6.72672622957678;943,6.7601567744646225
189,0;619,0.8009545315186717
809,0;297,0.7589929600177763;259,1.7085898950693577
944,0;521,1.3586074809166853;858,1.0610928968395936;580,1.3053201154625649
549,0;256,1.4177219716592229
752,0;399,1.6722694519960826;539,1.1698992325098583;702,1.4285631061809476;428,1.2297132303447222;983,1.8980267170116758;999,4.26096642246012;778,4.710144213349926;405,2.4172880983137173;61,4.671147850339308;1005,3.4355528472277204;65,3.5199127628524267;356,4.605158666077993;221,4.906054549416852;482,4.8729977444947945;850,5.059022915020525;115,5.187127191429277;975,4.924322793995351;861,5.723032753315044;524,5.24590228771212;988,6.688423981864646;557,7.78880048143904;88,6.743793823494016;245,7.346930442474827
830,0;574,0.44983270666204217;943,0.004346201848836698;5,0.843592796799242;402,2.0808980162251363;956,2.3307770288116907;846,3.839309296836471;356,3.653143260531073;221,3.728767514738075;86,6.7735402502688915;18,9.619596894911101
752,0;539,3.2226120876861533;587,6.0143102420078645;983,3.7797497473127857;510,6.019923405466974;616,7.393286398831034;478,6.102422065462664;664,6.340246154805179;484,7.157484703014031;805,6.443460691576448;605,7.45069894165281;875,8.487540081279777;576,8.612220960849877;675,8.70643895851355;826,9.079912098170325;162,9.283024860864057;727,10.255522087750933;278,10.624463077347745;559,10.612607885933595;565,10.126154398111638;698,10.820113656089744;501,10.92505082552584;319,10.989013710597785;234,12.274684746407322;78,13.403439915300604;780,12.725421664573386
802,0;710,4.5912759788801045;112,0.3262705523999751;5,4.673048588021845
522,0;405,5.212008043140326;668,5.805619723047579;798,5.250301030206448;1005,6.406349314430525;373,6.091335016413545;578,9.351677198749794;65,6.708520735553104;356,7.3205449408731855;221,8.462830494041462;975,8.796142325906853;49,11.951947989713599
317,0;931,2.5533381068269025;364,2.92819173632784;295,3.8116376905265588;858,6.271390763685387;580,6.573591558049879
268,0;98,1.526964075609807
651,0;181,0.0030339539687314287;573,3.6490511186500063;135,0.5122233058856336;261,0.5922508130268963;991,1.4903477230354243;921,0.8128088853934307;24,3.683631886350213;493,1.5499605275912036;799,3.3413568987007594;352,2.0438541737203773;438,3.160685343278144;376,3.0744819607496394;45,3.381722308243085;869,3.4126464625382544;801,3.5507803377548104;335,5.317465787686286;948,3.9876243685481807;73,3.7752143651918826;204,4.3085143028872395;990,6.264217042251801;125,4.434897785419775;107,4.9046465122437946;72,5.304173550994142;741,6.104989250087792;385,5.53820483827403;256,5.611717798377857;290,5.453413485167844;986,6.69747538176957;822,5.720818410761076;875,6.3240483658339315;152,6.764841821298073;460,7.247023365033545;675,7.116263686715097;826,6.538205424586958;500,9.106612621227901;861,6.96580247355424;727,7.441993243300894;531,7.214958471804956;600,8.497020083454656;443,8.579187775057536;812,8.8039067464626;81,10.393182972590921;240,11.018003868796008
52,0;654,0.5877480470856296;144,2.3449722325312172
535,0;839,4.002608219868769;37,5.121078679189239
982,0;10,4.158132575156033
50,0;876,0.09631406879800304
803,0;444,0.813959372344656;847,0.1970737080266062;903,1.1684458888388314;704,4.137684752578903;65,6.210155701494326;600,7.030031539894506
413,0;416,0.6948874606989809
374,0;25,0.6225659496319509;772,1.2009533119497058;729,1.7322042168064224;45,1.8776770876511673;443,2.71480642993702;801,3.2215349787582817;900,3.6461720534088022
130,0;784,0.10585880181004023;662,0.3589893732608205;580,1.2982491841070902
985,0;589,1.5048609018144496
780,0;394,1.2820014125542698;416,0.17920057021643074;64,2.8232018660882345;325,4.431749575754176;658,5.968418241379395;735,4.7987975942218295;69,4.7002555427830055;449,4.853326354124559;867,7.721758516858493
586,0;583,0.0888404652294726;159,0.6053332417067497;48,2.3259166310490405;955,2.7470299685621313;95,2.35822598949086;624,2.697542961432193;814,3.945369948971149;797,3.036215293562329
606,0;298,0.6411485154576956;553,0.27759233922689663
427,0;740,2.8042297140289913;729,5.837740041273175;45,6.631546247985967
293,0;686,0.15578779789989294
687,0;486,0.1779797990323615
70,0;518,0.6929957117488242
721,0;581,2.873197731484973;896,3.2913577280688693
307,0;508,1.9427169432719023;337,2.02584596624688;293,2.618133352715528;686,2.7652332875703163;463,2.850506090943097;31,2.767065331657216
717,0;238,0.9389663897163335;611,1.0489597521335803;895,2.9456287256895743
706,0;297,0.5666733092207397;997,2.3749386071422203;677,0.29713129150771517;443,0.711629745222638;591,2.48591666119489;588,3.702790080694087;56,3.599606964607898
783,0;489,2.972813872345863
365,0;636,2.1760687434571673;847,5.036953229153799;903,7.708568909637471;704,5.251592966561459;65,5.80118975896255;600,6.486113349448062
569,0;216,0.15038969377259806;974,0.39912004357587794;192,0.7412230729255991;287,0.5638207152539108;914,0.4331055866365577;647,2.7340560775585017;162,0.873046420218191;128,0.9631915603046489;559,1.3279678795448637;565,0.8857411903782152;698,3.6995990699251915;102,1.2152697299240973;747,2.080995790064791;513,4.4099135311617035;141,3.954224753925576;195,7.8496860933939825
67,0;173,0.035935163401551756;447,0.16634465821562838;761,1.127897747919674;236,1.0024466235159808;975,1.478118573069727;189,1.41266535425034;726,2.6795204836153177
203,0;350,6.518918816074118
1020,0;1012,1.4272899496025093;437,0.7530881053548141;691,2.475581712538381;897,2.9069052758224;516,2.9923576362332205;405,4.3387398119180975;225,4.158518023153205;629,4.49997990833781;798,4.349247733945143;373,4.7545637563081184;157,4.5589517715968615;92,4.715203086435774;19,6.384130093628791
396,0;797,1.073068857945815;535,0.6400644594913428
569,0;216,0.5986477698181003;192,1.8419883939175794;287,2.4426081772028265;588,4.209745663382219;521,5.186822558657633
986,0;861,0.02503977072204558;136,0.7909784793154475
84,0;779,0.3449268510700935;917,1.2088123502342443
831,0;93,0.5602640677337054;893,0.5142655091367748;24,1.7605229978440369;305,1.4994166074619737;295,0.6023714794688515;343,1.4846015283874339;858,2.5225982601129338;709,1.6047745139605416;577,1.962243383727391;73,2.7001645992017695
168,0;855,0.05214681726636658;452,0.987989585154529
933,0;402,0.16403902809220663;956,1.353141150869251;356,1.5199820466709224;256,1.6763367130138338;86,1.5825366191731476
524,0;988,1.579300040386372;523,3.109272491933293;88,1.6830741157346973
105,0;789,0.9701766225666745;721,0.3624510288121668;581,0.7081831206531295
800,0;425,0.20013212468616334;487,0.3000165014279354
975,0;861,1.7873714906108735;524,1.655127298085231;988,2.2195663237916365;523,2.2785801420142957;609,5.133917363059375
562,0;67,2.417979976692335;878,2.5536976255491064;173,2.9451179919279484;447,2.629605804253917
898,0;2,0.4951279587425312
1015,0;1007,0.500175145133892;764,4.205906853861167;220,0.9990410752762415;222,1.706690853466402
321,0;555,0.5400264515381237;626,1.1609093141167515;412,1.2082852746354502
230,0;498,1.7176093614997927
3,0;151,1.0564627744339588
43,0;787,0.6443374831341209
854,0;884,2.77770281010563
413,0;994,0.995663571353536;416,0.4448769564084244;64,1.8649227965736563;516,1.1072151193311668;873,2.599192675048746;129,2.863940688346429;745,5.2101976280388875
1013,0;533,1.1149833273882759;408,1.1416328061421999;385,0.990607835686222;920,1.5191242661973985;62,1.4035002515340769;983,1.526435101867653;352,5.928805916149463;597,2.704401068806261;117,6.620296655601208;438,6.592260646078164;376,6.86573170116473;879,7.291599638562118
147,0;962,0.6325259001228615
984,0;881,1.7127296718933707;515,4.131727507772313
346,0;313,1.368876720426225
205,0;718,0.19698100380553019;626,1.0983025557765298;412,2.03301174130905
108,0;824,0.2109268428774749
501,0;795,1.3817264222096097;291,1.4115039456877616
565,0;698,0.3095194142088565
332,0;991,0.16187840588516159;507,0.4181517940920144;24,4.059755624023084
74,0;497,0.6710378856881516;935,0.7636295937800284;898,1.4352164292311027;377,0.8393720564374362;571,0.921083926510365
673,0;207,0.05830543126070804;525,0.7858652301372546;70,1.8535678333170758;801,0.21550527148767168;335,1.2063428326321062;750,2.1578313737717423;618,2.007903578953518;984,0.8234381195068163
840,0;139,0.1257943495194883;194,0.9494514658236517;375,5.327587179080805;913,5.62279242870955;209,5.687439966950048;498,5.961428275568045;123,5.882786554493934;775,8.956861458273872;999,9.316055146124077;142,9.335680753360316;21,12.864087067634772;708,10.584318437259515;902,9.561912493001184;515,11.781641814461828;327,10.753862269709774;993,11.492355476623889;328,12.748653924154913;721,14.571855312890342;404,12.843170193540683;831,14.512128172848948;93,14.911444903963568;581,17.220575421798394;295,15.488029495717527;858,17.316496750120088;896,17.296381370180494;580,18.23593451083048
888,0;947,0.9841718898181823
888,0;947,2.378985360129284
872,0;266,1.0735697827323323
241,0;365,0.1267413286096019;738,0.47176166123437596;58,0.589117019451048;727,2.0474498420319565;67,3.5155629307419316;189,0.8741540033056946;619,1.2976838570666762;878,4.490761267108317;447,4.929629593862618
275,0;675,0.6115553506545023;531,2.07223583434808;561,2.6610523996023687;247,3.176316814960953
173,0;761,1.613600666699386;297,2.37847764792368;726,1.6456819446406834;259,3.7477567503806917
478,0;664,0.5777969627173499;805,0.6632327706751826;605,2.3347000042401165;85,2.4202305480812796
623,0;998,2.030019328385127;210,2.2265398945154717;1005,0.7185684918435024;19,0.10608026992035632;472,0.07715802691750101;179,2.5060817058437608;447,4.395772060828063;972,4.823082269602837;835,3.103829802927386
49,0;360,3.222822755595189
12,0;588,0.8057007368072566
362,0;162,0.11089980982112642;496,1.442494951799009;743,1.0240583924900442;565,0.2502561080244449;955,0.8675892635432045;853,2.699837387674272;979,3.9360781328565126;307,5.4449225110097546;508,6.069189860404423;337,7.408899600477701
13,0;103,1.07436410608321
669,0;237,0.6790850260865425;1016,1.324457557001633;731,1.1510354054653118;193,1.5955790977138344;456,1.7707604415844111
787,0;98,0.12267895813401516
702,0;360,0.38451259749469274;427,0.9537130838549612;421,0.3447328166038963
869,0;1012,0.20373914273527402;691,2.3209105281692306;972,0.4967584507720373;888,0.4716061141912574;246,0.6855785257518429;1001,2.5595133203983353;754,2.4398507376180127;897,4.565566005248855;516,4.6080592423636695;405,3.821405945748186;798,4.996918221414497;1005,5.056185040057391;225,8.686401900601982;857,8.879332897739515;629,10.014586396724576;157,11.135919650530875;1003,11.143496412476193;92,13.714049052134738
267,0;835,0.7993154610632648;270,1.1133048859691905
559,0;501,0.25618767286789657
272,0;505,0.0749584365474857;126,0.2789164658064406;211,0.5910747751004515;990,0.9564753017963317;875,1.1274331719318804;355,1.2380970693994766
310,0;654,0.6277251879923589;936,1.2178485373266348;144,0.6597233470289123;825,0.731209885875909;622,0.8737524904783612;554,1.1899819551790987;835,2.953724143521237
654,0;469,2.402175039162266;825,0.03338055867333435;594,0.4951272411721393;160,3.0772582649937275
990,0;460,0.8102963942330728;875,4.301777383666995;675,4.790305521040563;826,5.123207963080351;278,6.891255234181806;964,7.133921292941018
682,0;999,0.9970377236147071
1005,0;65,0.13852756345280226
601,0;579,0.4709211125115553;78,1.8527362933156655
377,0;571,0.7453195821900646
836,0;802,1.0565915401147543;198,0.0006911219816298586;112,2.084888963107505;232,3.2262025173044013;707,4.771574311795474;991,5.498881316777744
2,0;744,1.4598550277172206;977,2.629036989622052
812,0;81,0.7324167186320476;400,1.632313907862022;240,2.1240658670032673;470,2.3096046711952;430,3.0602667312928786
449,0;251,0.2532106428699994
316,0;679,2.2770787393300265;789,2.8776662730990745
278,0;964,0.05034552867153498
511,0;291,0.37147021791663787
325,0;885,1.1719232461290887;393,0.20788067244542688;410,0.2637086948808253;694,3.917050154641297;267,2.5980718050702256;224,2.1009416633703646;664,2.325324075531025;835,2.9575774487639124;270,3.019648185852227
384,0;26,1.9785030791329874;677,3.418578520006384;443,3.8406062367992377;900,3.9228440616612206
336,0;1,1.7242167128646977;735,2.000595283576597;906,1.8486967729721497;359,6.251553903791904;318,7.466559880065888;174,7.987446628847855;189,8.072944513241385;790,8.659034336701827;619,8.25110985089653;295,8.876038540471061;343,9.571268889098171;912,9.68018044662188;1009,12.910832070149235;864,13.625883989129417;365,14.246756939110847;36,13.797486199290685;4,14.54320460743017;238,14.140114025504477;611,14.920277441398325;795,14.618913928906624
790,0;533,0.720786794114291
167,0;38,0.502649883241344;174,0.835695679880722;570,2.858512537825197;578,2.7078555102243236;49,3.045707780507685;360,3.2310391799271883
848,0;751,0.5765233486747113;637,0.4910995153350969;336,1.3611977243237128;973,0.5838434044955219;443,0.8593754308434525;155,0.6315791019120552;812,1.6876282282292614;1,3.4400209082323476;971,1.7183726577240794;81,3.970709045580204;400,2.54652572958452;735,3.763693393798052;512,3.8639080809843196;251,4.0455517494541375;240,4.043090871125539;131,4.31491135223267;802,5.042280544655677;537,5.434977880192736;264,5.3686017109056445;983,6.804522432336774;58,5.88720832109939;998,7.833240092574803;727,6.398083718401301;907,7.8477489406980405
380,0;543,1.6540706409983208;53,0.01171451555604333;835,0.21728584111306587
479,0;314,0.034623260500972294;143,1.9789671118438232;652,3.812089147919083
262,0;120,4.12655147985142
874,0;634,0.7083911811574772
108,0;120,1.2489713582682707;651,2.053381659634684;181,2.1232564229749693;573,2.3144001728087082;135,2.459675697374194;399,2.6940150854451037
935,0;1002,0.6773978587559147;460,2.0634246852397435;869,2.621122296625524;1012,2.714116043695498;972,2.957605381226016;888,2.841619965678548
821,0;483,0.8519013267927605;979,2.268693193222274
99,0;550,1.0840658393968863;298,0.3118456308996028;318,0.8508057743727978;174,1.5337932825974672;189,1.7151740086149534;790,2.8146784750102514;578,2.9852644796052394;734,1.8152044224719468;619,3.649798653607933;295,5.235033258668935;813,1.9742001657137898;731,5.0474977997427395;858,6.757764696566581;827,6.313219798617053
32,0;693,1.8412550670918304;171,0.44767366095786415;914,0.6257542485724317;167,1.3491021127734424;672,1.5104845783730307;38,2.90591053344511;174,3.8927753245243517;570,4.422605060850838;189,5.360088035197704;790,4.502078508039459;578,5.216205673795695;49,5.893610410985531;734,5.903446925700851;619,7.429590489902239;295,7.959026209631546;485,8.739003179183673;731,6.048859325884221;858,8.10194904974471;827,9.346036522856487;318,9.143764059313332
316,0;679,1.0481263744746439;789,1.3632145904284676
202,0;837,0.06655807757277658;535,1.201697621334773;741,1.9430018776962776;855,1.5270694806077467;420,0.12049200281573595;58,1.760903255216049;670,2.50215800674227;727,2.5550987041962987;554,2.2466392235800754;223,3.3911952231799103
892,0;330,0.2306984496158016;906,0.695460927070246;187,0.2828239554789143;592,1.9468457831430448;304,3.156474074972401
829,0;807,0.4415610392723123;287,1.688242120357474;915,1.2786650000905586;319,1.475608481530974;332,2.3896096273880474;536,1.7291125272686467;588,5.731555445149978;162,2.767680206840019;292,2.949449868732418;991,3.072015289350548;507,3.8084819376152668;760,2.9252841903107676;128,2.872013831724191;559,5.525456409970417;240,3.912878661895633;513,3.7964130068442423;791,3.6171856958378306;24,3.8770654467257426;552,4.885048902157648;131,4.311664808626769
164,0;847,1.134665266278318;903,1.555062044269461
63,0;748,0.15433740535301393
635,0;656,0.052066170042554885
303,0;501,1.2667086698815506;795,2.001568983902564;708,2.8256496182707442;291,2.3043479165999647;327,4.840977967704078;871,3.3393722452291055;225,5.131779978623779;857,5.165455348238838
486,0;2,1.0798899840555234;509,1.7189218777390962;644,2.5330823647117855;560,3.625360575618444
57,0;896,1.0198205921231984
174,0;570,1.8792863612798558
900,0;409,1.5701953580294727
197,0;572,1.244295654231331;149,1.453102639753974;513,1.3637488289705055;282,1.6368676797426789;789,2.4431755746408115
649,0;150,3.0280790713846977
251,0;802,0.4914050096731951;122,1.3782713673067195;238,1.8223547661851398
983,0;405,1.3044117450371981;61,0.5427660052499748;482,2.985798049044921;668,1.8765013296474269;578,2.714501540420115;850,3.2208270583714547;234,4.344505468087992;598,4.339527319874394;49,7.605125153974891;78,4.367810834870116;360,7.990408861165711
132,0;973,3.4931221843043314;249,3.8108089369800586;155,5.248074356488905
941,0;278,0.4227027386081694;658,0.2690796685619457;868,0.817841751024182;867,0.28122120729023187;964,1.7452239924454245
96,0;703,0.05649243795670497;164,0.7008144033568307;847,2.129760182860716
300,0;170,0.2208570060157119
525,0;618,0.6840779277347344;195,1.3863711281450037
887,0;566,0.02252366583686795;271,0.8115896206064861
574,0;5,3.483968917423935;402,5.649265317775715;154,3.7010292516380137;956,7.309693619053205
543,0;908,0.7180777286185931;15,2.2741971091348283;657,1.3166915059791697;664,3.205541818345853
295,0;343,0.19086143737780095;827,0.28377043565417276;709,0.5903430457626695;577,0.74107371609179;308,3.9390429452533096;824,3.941478416721951
568,0;987,0.03150756324882025;382,2.453441081006195;331,0.6326075117663293;925,1.2666548317601063;869,2.9633272771107104;1012,4.446777314360764;691,4.642239373976354;972,5.6577506430049525;888,4.765924717495887;405,4.745554614413126;246,6.0491756001963894;1001,7.4062658248386715
1016,0;398,0.2878901191165718;193,0.37368695754381015;456,0.7132221451069507
829,0;802,1.1117339149780703;264,1.7258792672579768;710,1.8081212663344213;983,3.0013332459290316
627,0;208,4.3784804837335125;131,0.31074705474676173
759,0;20,3.6175959755842593;29,4.086519761999584;328,4.4888999851046;580,4.297643692312634
395,0;745,0.29817537970126146;642,4.626287336499096;510,1.0171981848288725;478,2.7595951803352623;484,3.279097329669099;605,2.8107404084417036;85,4.496883970501037;497,3.853253838194292;875,4.2162950502289265;675,4.845006023811421;826,5.2221931741679315;355,5.382209157248526;916,4.629063985962944;727,6.528747250939416;341,5.658343792589606;278,7.108150723280612;131,6.70208897055122;537,6.765935828812159;964,7.438430868917899
462,0;350,0.6900063107579555
229,0;214,2.475825111491334
431,0;705,0.212869622334047;416,0.17244546467714902
850,0;598,1.478954596622134
125,0;107,0.8383880607519192;72,0.17872334428328746
490,0;530,3.2101164342888535;745,0.06276517480624297
608,0;77,0.21389955984360334;702,1.406982994839647;421,3.1946939429865426;797,3.5363927004973448
181,0;135,0.4645660110223157;399,0.43663015236221653
540,0;639,0.9078499117162399;929,2.788896185307192;433,1.2946321818981288
57,0;814,0.8287185133926579;896,0.9008160166321606;99,0.8733048222571577
190,0;723,2.2080795946183867
25,0;772,0.7984754229194679;698,1.7156691812674119;729,1.1131305822580528;45,2.141882264689002;319,1.968790986687777;893,2.099563579578904;19,3.2515778478819497
1008,0;1019,1.3430579615363103
38,0;174,0.6360971418741742;189,2.8684504764735848;790,2.717752907817002;578,0.8152271976582082;619,4.189677098961273
645,0;307,1.1432330617861317;218,0.8421469873027245;508,1.4284493201464554
147,0;962,0.6964532179230518
563,0;814,0.007992192580918125
149,0;605,0.07225693387188974
340,0;417,0.6426814265572819
870,0;7,1.192698165826975
220,0;222,3.022943890468886;876,3.5790262634223193
647,0;195,0.6000759948303991
323,0;974,0.18968750003878018;63,0.3054605208806101;479,3.933337790840713;616,0.42711199504441366;314,5.594298993949875;143,6.382148069631799
484,0;497,5.043447065669513
681,0;348,0.2521751523367282;650,0.29998084413190584;256,0.6297595301254596;618,1.293035046934398;195,1.3436801688431188
1009,0;864,3.0185738705669247;365,3.0346751078353966;4,4.809654420437945;795,4.934561358849636
374,0;935,1.1686570066720128;1002,1.9315609711898258;898,2.1877905033275367;377,1.3455718006343742;192,1.9559506305636019;2,3.1625575707621567;744,5.509037617799448;977,5.521580437624237
171,0;392,0.07004301008308148;226,1.1226739734189304;470,0.633644667394229;825,1.2581010053268022
751,0;973,1.9514469522983215;443,2.256320684668704;249,3.77048628696775;1010,3.8068106365954666;616,4.537482923498304;576,4.57657000954232
63,0;748,2.115198965186094;616,2.2679958698981277;576,2.63900319644409
443,0;900,1.4648965895456454;409,3.0533197822995284
17,0;862,0.16875526872285376
983,0;61,0.3687105649727894
269,0;626,2.4724434163667492
268,0;284,1.0254347518460318;209,1.0526972815353401;283,2.715398905342778
627,0;208,0.7313436586877218;131,0.27455291827748746;537,0.7023366495462848
507,0;435,1.8623397827929227;234,2.9566015994026116;78,3.8289202515491136;876,3.139820476099494;696,4.739998042370172;841,4.725320517511479;494,6.246566022714604;738,6.887642390911393;918,8.648003856581827;461,9.407582556937125;58,7.02408545584586;811,7.412553099332118;745,7.291603176123798;727,8.884701963875406;642,8.928318917307191
128,0;102,0.43071334698160546;747,1.5263953935697843;513,1.5685923293773332;141,1.6026062221432127
586,0;583,0.12540905023466523;931,0.9823596549576149;364,1.0325592279058011;254,1.1746062104483426;313,2.6096696893558065;594,4.687563793730927;405,6.043073683496481;668,6.9328827608758985;798,6.3759546128888065;339,8.878293366852292
480,0;924,0.749095945997738;539,1.2685974819410255;587,1.7528666677743767;428,1.427652691529448;983,2.66461211794275;778,2.86092685561069;61,3.61779603863829
342,0;528,0.21373869794673991;468,0.5344546291390726
815,0;309,0.0656026548986052;897,1.0327276548817572;225,3.2914046393865175;626,1.609130184651304;857,3.5502873828024413
484,0;82,0.31756720092006785
483,0;979,0.1683913704183048
531,0;443,0.3408780898877551
55,0;617,1.7750190419302643;98,6.039983834990342;509,1.7815837667468548;741,4.324182344450726;644,1.846419589392129;560,3.5643200428894604
275,0;114,0.14259001102732294;924,0.367661529612753
156,0;255,1.9756091313579094;322,2.6265608495664505
320,0;308,1.1298506943427256;824,2.908235863955949;689,2.9294095297993
705,0;424,0.13010186634697923;66,1.2440944977664703
675,0;727,0.43295410834708686
885,0;694,0.21374439890546812;267,1.700133365420382;224,1.1324528720851823;664,2.7116548458488348;835,4.1002570868245884
125,0;741,1.6278823100494633;554,1.7229451709750847;48,4.540915988198342;955,4.720587242848029;95,8.087587583606624;840,4.640127075133447;473,5.844385277022189;20,4.827276923244353;572,10.438429430250906;328,5.053976282414613;404,6.335334772418756;203,6.3182166688924575;678,7.007187414146365;169,7.656208406354856;249,8.337661575674366;435,7.804049735567173;806,11.126412054672924;285,8.536787423378428;322,8.36476374258687;616,8.574991131271965;474,8.444259276486411;533,8.956059013386882;758,8.612267126869543;576,8.704021823836683;62,13.116309445044863;282,12.451469985057294;789,10.951700799859424;597,14.43522729013446;710,14.292154657916853;620,13.23470315358616;680,13.568993993801055;650,13.344973297358662;965,14.925624976482123;422,16.15978203891445
832,0;657,0.6703926482497806
747,0;513,0.7205856108652905;373,1.4690142128589179;19,4.145988244010618
852,0;572,1.9020746496637952;149,2.238197345604273;513,3.0425502590422786;510,2.5560920717591795
520,0;700,0.26728925236296747
920,0;342,0.39100856246892635
785,0;540,0.119989833829365;639,0.4951062570676721;929,2.652176195120153;857,6.06837822971695
97,0;782,0.9298226923823156
742,0;520,0.40322328041674343;980,0.6688446955394693
771,0;93,0.10204216458780868;295,0.1578734724475186
417,0;285,0.5791038974849301;758,0.7058867348534017
241,0;274,0.5147499836606155;996,0.7500609559622067;971,0.6560182681051978;851,1.4024957462295982;225,1.180458211934672;857,1.4906475706778581;629,1.6233360510069148;174,1.677182727630222;157,1.8541251409363118;578,2.4396332609252442;1003,3.418144096536261;670,4.006561697834211;92,6.23915504917556;49,2.6488637396049017;360,4.318426474565757;223,4.09353091047722;292,4.632005466729522
572,0;282,1.7222214356844188
327,0;993,0.31340142479599786;328,0.9284133071099343;944,1.404106511154164;721,2.4633586331632538;404,1.386104130552959;831,2.819945695913674;858,3.7682768767384363;581,5.791316777598995;93,4.0828241882020455;580,3.925630548556859;24,4.818792273025152
74,0;497,0.5260427815496893
408,0;350,0.17492670450669756
485,0;318,0.13524956608472272;762,0.7741997239430102;174,7.523311783140378;475,0.9467987272636244;995,2.1857101165208137;570,7.906418020788141;790,8.53648481031375;578,9.664749570046313;49,10.124633575036484
29,0;580,0.6481545955728789;852,0.446829210928757;3,2.3278682126827492;151,3.163618565149333;452,5.037175921999786
853,0;401,3.1773542412113565
53,0;835,0.5581156089317061
5,0;154,2.2723863036284944;481,2.593811625039244;316,3.391631896228371;679,3.5097734203939916;539,3.8277677698046815;587,6.020893901626865;702,4.605180052976649;428,5.418553093547236;360,5.384601199417344;421,6.134403941470586;187,5.726816223316957;636,7.489112495377757;616,6.211595601360725;797,7.74161733855338;847,8.222897279013665;903,8.920980173174884;704,9.113478900831554;65,11.79501410763847
332,0;507,0.08142340847716;760,0.15337515089575798;337,1.5462612696535094;196,0.30787791466967507;727,1.6147297337442759;864,1.421031253087259;36,2.6199263151483176;238,4.548532816305205
297,0;259,0.4744335155188325
648,0;536,0.05201071918514809;47,0.2634013222058478;394,0.16451947299969683;292,2.4370655830632257;629,0.7276354617624212
831,0;93,0.4814156451940283;305,0.5099194239618805;295,3.1727945737864336;343,4.23329344199591;858,5.114989173100961;827,3.3732927949159897;912,8.425387684632788;1009,8.717497243023464;365,9.566001012315034
793,0;931,1.2456284363883239;254,2.3532870945679285;313,2.4771175507758914
747,0;141,2.74414607948937
875,0;675,0.12350436418015684;826,0.801589658506318;162,2.180978037101125;341,1.5949521857113234;128,2.64534530670616;743,2.295842150271859;955,2.2759647228517372;684,2.3769359315529197;853,2.7224375253010096;738,3.808914906136213;102,3.7867831955340177;747,4.057919671875132;461,6.890003678859118;58,4.706139441298408;811,4.938165205953283;734,4.000740750373562;141,5.856410542903657;189,9.214582913060884;37,8.153880097127615;728,8.52175873358387;152,9.69083884149271;845,8.922030274878766;628,9.250254973592565;531,11.014440835354685;515,9.454846232097216;561,12.112107769856799;62,11.055153199397745;443,12.592397291719463;352,11.976864024965877;597,13.43148987227529;710,11.313134125664691;965,11.772808778093241;5,12.70862177540573;422,12.172589500084532;376,13.399147638440914;247,12.457726753970984;900,12.9268349694804;154,13.706496674998512;409,13.36126598774114;697,14.15043761165135;481,15.160290354145138;1,14.794987360662452;735,18.797979410122707;906,14.905283131553428;512,23.77198627756888
276,0;11,0.17706507820261494
62,0;352,0.8035974112874982;117,2.27149610665807;376,0.9747714300133267;697,2.969658465854158;1,4.364414630481969
309,0;897,0.4165285013656011;225,1.0016445059447665;626,1.9262085971184895;629,1.3098004203580946
343,0;577,0.8647828830532781
376,0;697,0.7024715750308038;193,2.9393126178718307;1,1.157842170927005
882,0;74,2.3822416586948334;497,5.890567252177762
724,0;626,1.3846624134362173
225,0;857,0.4703100575901939
886,0;295,0.2936386836217028;827,1.042210311204005;485,1.5156552571240418;762,1.7669930965300873;475,2.0740219745623;995,3.574664269022134
383,0;893,0.045009434137333715
438,0;718,0.6561222067459207
629,0;157,1.5721993807513621;1003,1.6645709478193975;612,3.626506482153654;512,4.2626574802835036;728,4.502101482273978;611,5.4927939320652195;251,4.502266980623653;122,4.868629541703276;884,6.408664460449405;238,6.149227524226733
32,0;693,0.3438580774521032;931,1.2091605987755956;269,0.5399297411928838;626,1.487544712644025;364,1.308789221714632;295,1.3120929940631902;781,1.4420655747913147;858,3.905742346976636;827,2.0515888462732956;103,2.1271694172414395;51,3.250899774411656;485,2.4285750935657524;224,3.8785170456050726;318,2.7135829287632194;762,2.676207926518367;174,2.967256795217577;189,3.4559118245258054;790,3.228029857375093;578,3.038757105535925;533,3.693165820720342;734,3.464091864539917;619,3.873275645612665;62,4.6069129627961;580,5.903007872785337;352,5.989463963558092;710,5.04004064412313;965,5.8278911122586035;5,5.603712756556025;117,6.625067974068292;376,6.281587905153867;664,8.062817861970672;1019,9.673400394449214
710,0;965,5.148004878961549;638,6.315943380392232
309,0;897,0.6118015052812182
763,0;490,1.6998144184073265;530,1.8445652155205752;745,2.0659287519778737;721,3.896100215712144;510,3.1322822135165698;478,3.822448971859997;484,4.628898618700447;805,6.391879302887384;605,4.044798426971485;85,4.1063811668008166;82,4.791502728409124;633,5.6952965131320745;448,6.43239119952724;1016,6.869432358676753;193,7.67863389751519;456,9.570001047428429
941,0;278,0.7941509420872283;380,0.48309704751353577;964,1.5804313892426762
691,0;405,0.2143818060402567;798,1.623477976107746;339,2.0014833026923466
305,0;78,0.21417024916878324;841,0.812904411018629;494,0.9097612238049435;738,2.857692896997249;461,3.5282671484599573;37,4.16853079404305;728,4.310026237126223;152,5.562702040601282
132,0;973,1.1173359927433921;249,1.4402929448994353;1010,2.0871397438132115;155,2.2019534499672044;322,3.301862437785651;483,3.802385561880974;979,5.111292840951889;307,5.952595490437168;508,6.28591549369992;811,7.727418173373178;778,7.935539559298608
868,0;451,0.6492140129924518;291,1.3186725191828872
633,0;458,0.5237349660733317
355,0;131,1.3980653089007868;537,1.8984900434611989
784,0;662,0.13527532765215855;941,0.04141519453464919;658,0.3246950206884386;380,0.04382121758338831;543,0.7628571826835931;53,0.5824460234797181;580,0.4880531590289848;867,0.9638795976219239;856,1.3748307222164713;835,0.9236778950780519;908,0.7648004943653741;657,1.4310154078692552;276,1.5834812151419815
499,0;119,0.07446506373182964;322,0.08481246528660505
234,0;888,0.44904753600905895;78,0.03340205168391031;780,1.0398127589387562
577,0;883,0.584851211896263;421,0.7491419817549941;778,0.5876870333181909
13,0;103,0.036067782184414594;224,0.7653369506236971
493,0;799,0.5315058272679531;352,1.2880364594178177;117,1.630909357084916;438,1.7729919578706632;376,1.8739425267327134;45,1.4971883324677924;879,1.6711902559299814;1019,1.7909625869219683;718,7.065253398510765
531,0;600,0.15315237948235733;561,2.0002191072537094;898,0.5651922777309618;62,0.696570038432134;443,0.5982306509664009;812,0.7228209301423042;620,4.958081869642489;400,0.958997602963236;247,3.5106377522952874;680,5.942679510549672;650,5.49464254052878;944,12.033300107183452;499,7.027632384667546;521,12.115132275747703;726,12.058404605091273
29,0;580,2.3813489698248986
37,0;152,1.5798393256846137
180,0;982,1.4891549206554298
36,0;105,0.3471104886822035;238,1.024407154942089;721,2.213440335990585
509,0;741,1.5842044398205248
745,0;642,0.26923283630872225;510,0.9256494726754836;916,0.9996093263142569;478,2.928748943472174;664,4.341223269795991;484,5.10070711275355;805,2.954537101409847;605,3.66597966008416;970,4.869267375507318;497,7.371103875909007;875,5.211579098475011;82,5.4568546908593065;162,5.350579009001383;559,5.543057603065811;743,5.381724671918629;565,5.96958717677092;955,6.162774842491339;240,6.210360756324367;501,5.957645674038371;131,7.906772312311592;537,8.434047480841851
703,0;164,0.13003661813392486
161,0;170,1.2413239273597219
297,0;259,0.8054039104293826
627,0;208,0.8716119877816091;131,1.1355780847139978
499,0;119,0.344855326674098;540,3.0091810365098848;955,0.6877567585875985;929,5.0473689351568;857,5.626768891394563
624,0;814,0.05389925492217727
181,0;399,2.031611408710661
620,0;944,0.6335486455097418
606,0;553,0.5833194886724798
191,0;532,0.6904604059926452;1019,0.9691715159928134;276,0.9088958929767005;11,6.91242634073312
709,0;308,0.09739149611421269;824,1.060645982249865;689,2.067039511131994
930,0;283,0.2825634704461797;807,0.22675936781068062;83,1.4886201706274556;287,0.24677424554631952;536,1.9568995910774405;588,0.656941598822235;292,4.147854331323998;279,4.445476052241327;781,4.99632949138191;103,8.371297471072308;51,5.059386612567808;224,8.759588188908717;664,9.495437282521003
362,0;331,1.6717765374429652;162,0.21576059615696966;743,3.0915732212612825;565,0.7516172396265363;955,0.49911545008690217;354,2.4113984618162596;822,4.136124643222482
648,0;152,0.15252129526609245
159,0;48,5.143351838837209;95,5.360401036996558;624,5.292494673424878
628,0;201,3.232410038637885;844,3.554057875155385
881,0;822,0.6059340689703647
825,0;554,0.9915810654359519
132,0;973,0.17370957736562706;249,2.6558397841267753;1010,1.6912049475320547;155,0.6369362366137022;398,0.6809652642706608;483,1.979552504636995;979,2.3788931588574163;307,2.779562828132998;322,3.6276879268194344;616,3.7233188360451748;576,4.636163980519987
684,0;523,1.3329117088952194;609,1.792848696110791;77,2.4169993043057305
730,0;608,0.04800430396773352;77,3.6324247810044468;973,1.267372045101863;1010,4.093318312169864;155,1.3902442212874688;398,2.446433623010086;483,7.547483294172043;979,7.690871922826677
587,0;241,4.181942999966821;622,1.004891300054971;365,4.702068651855765;738,6.90168373499691;636,5.591034042025056;847,6.583716591253931;704,7.048985004962242;918,7.4586575418066765;461,7.119015309559901;745,8.175991088937934
100,0;629,0.9611246575337569;157,1.105795453177535;1003,3.3641755430758193;670,1.3294211137225684
997,0;591,0.14466877773985973;56,0.5086294376920771;482,0.8541553826075076;850,1.4476203892961246;598,2.7166532480652785;840,1.693529008949625;20,3.317130954448257;572,2.0298810246949373;139,2.016047089635008;282,2.030396105342577;789,2.4342188518952743;49,4.2741058243209515;29,6.072748559880877;360,7.244280378666318;580,6.4507067754970775;852,6.625300551805175
990,0;875,0.8057609268387577;675,2.7071890844237068;355,1.2705940617948155;727,4.563448327060116
635,0;215,0.2749847161037632
925,0;718,0.06264327030508439;767,0.7742757982098875;986,0.5060756484314871;136,1.2668979586942632;533,1.8220602592000175
681,0;650,3.1478578267435364;256,2.298547277733616;937,3.719160103201749
526,0;834,1.9894812650553761;876,2.8656739092838412
883,0;421,1.5163052775764085;778,0.40713976427334175
941,0;278,0.959045863004334;380,0.44742863242850717;543,1.4794561694629045;53,4.017155945833499;835,4.508998106283754
663,0;500,2.221020974997836
910,0;20,0.4420661535642437;313,0.2668263489142375;594,3.0289283996792213
46,0;812,0.06990678105766115;81,0.6302811473367228;400,0.9514049147302208;240,0.8979302915365333;131,3.9227686994932083;470,1.1282862095245452;430,1.8127580734260098;537,6.82024779541568
1018,0;738,0.7441386666826039;461,1.338106468571608;734,1.4164094661065876
650,0;499,0.8037639565784018
829,0;802,0.46052668124747276;807,0.9665076298540103;710,2.2924578142613394;287,1.8626264366647232;915,3.177158989016846;162,2.483241025112891;128,2.8613988652581726;559,3.3162072959262434;565,4.127676668772627;240,2.536647035995695;131,8.841466343963111;102,3.374387868460902;319,4.682206144590604;84,3.61982483188926;747,4.577912876558276;513,6.418449746424927;373,5.144053420419372;141,5.389879213694387;19,5.22221558645604
684,0;523,0.4467010086433906
146,0;161,2.3047336812852284;170,2.318059119454202
887,0;566,1.1042498552850708;159,2.239665989083711;989,2.929584500235878;271,1.6388562685258354;206,1.575899688385996;48,3.2387019335659613;840,4.001607657942789;20,4.787302017265949;139,4.280601359389895;911,6.592182472930579;194,4.33460561506796;375,4.98739185260851;328,5.325092261581846;780,6.831781237494254;913,7.040016000746977;404,6.406600030492797;831,5.876799139442481;93,7.323335535535588;893,7.104782196054857;209,8.918376054914493;305,7.450329770046138;295,7.434225810412707;343,8.259470375924337;858,10.798547088517038;827,7.854358331184159;78,8.465723929174692;696,8.525330255706884;841,10.494303195463566;22,9.08567001989595;494,12.137949551637817;738,14.507336749418155;918,15.162921499364298;461,15.596662770919233;58,15.596106552208283;811,14.720773119361718;745,16.315907411247313;734,18.2032651025736;37,17.19740317699177;642,18.799847529628735;728,17.31843816049479;845,18.163733760941366;628,20.56021270732024;531,19.26697005528679;813,19.997950208316915;198,19.22591872596586;916,18.870591326143472;561,19.74490803884585;443,19.351491821749264;900,20.839202938737717;812,19.579219726508217;400,20.28482690913813;247,20.963272337427846
609,0;77,0.20955699986857038
300,0;170,0.5888766827398079;207,0.27073990797839437;484,0.9171139269501518;801,0.36267912703946525;397,2.929901950923016;335,0.6537628495676078;82,1.6024741313440836;633,2.5029717444220227;458,2.6992603090714717;124,3.1004922978913934;582,4.937141467477018
585,0;87,1.0143829899423153;389,1.4187796205499024
204,0;871,0.8769650498973706;29,1.5710551692379817;580,2.405403446519137;852,1.7103073056277178
484,0;497,0.25851221422114845;82,0.6518261447417115
920,0;342,0.2355986952202106;748,0.4710807820621111
381,0;838,0.3516099167967288;402,5.376708475758734;956,5.8949158964594535;199,5.825316142920054;319,6.30472482851915;356,5.991642919274922;221,6.121401344857104;86,6.025833167811095;975,7.051460773936413;19,8.48318735475617;524,9.131611721068335;988,12.013147997702909;523,12.314945944148192;609,12.80893689136506;77,13.936505494569424
633,0;458,1.3189030518721767;448,4.348026650279107;797,1.6248570268854325;1016,5.1518297300015;398,5.420920847358851;193,5.3281918755657935;456,6.554190795033245
189,0;619,0.2441414012945997
193,0;456,0.15495754536089187
375,0;913,0.4881991634968155;209,1.279423131323653;123,2.214382059993405;710,1.572654459012726;22,2.3301705616946045;999,2.828566045919532
300,0;170,1.4197834743736053;207,0.39609857992844644;484,0.5892481996056551;801,0.9597306545931353;397,1.8834140743414038;335,0.9666499681438546;290,1.24123510887408;822,2.0818467841064683
873,0;129,2.1287402744602066;195,2.361606410021793
821,0;483,0.02746999466541799;979,0.3384368054766172
777,0;660,3.2915668047857585;206,4.51821916240993;386,4.23064629889763
915,0;319,0.009291019589000422;19,1.5451551906922167
213,0;852,0.06620137092708082;572,1.0075136428828944;513,2.8705792969619686;282,1.8107464304117276;789,1.1750842123113001
356,0;221,1.5661041511092333;256,0.13445477288183305;86,0.06510357275459155;975,3.4658732566758257
845,0;628,0.5619871316800199;531,0.07664163141261168;561,0.5159850406170141;898,0.35111618942502587;62,0.23325835306051496;352,1.67281790100306;710,0.23698424787625577;725,0.9535736845251832;5,0.4775418444394661;2,1.787707531443143;402,0.7146992746199777;247,2.740250186966711;201,2.580198157497926;515,2.075272776669382;956,1.037006999420597;199,0.836271440291216;319,1.1773594569617858;31,1.2264128701875616;234,3.0829186021196735;438,4.367326317565336;376,2.319102227255452;45,1.6938517503152526;664,2.389951991064637;844,4.381275971001085;888,4.103180816613517;78,5.903735094617136;947,4.493664090473132;841,6.855846098364566;494,7.341736297084111;738,11.494207398684566;461,11.512564554996683;58,11.822095532049554;734,11.60053006867035;813,12.103704340864784;731,12.443440263086142;727,13.357821582643563;67,12.110627347019769;878,12.570239257386607;173,13.280271125473549;761,18.716141762865195;236,14.555354037267067;975,15.114691027868043;189,14.751525332560844;295,15.504038841658428;524,17.67284723515458;343,17.374164519563426;858,17.855150986100366;709,15.572799077215405;912,17.582208326472003;792,18.271417253023472;1009,17.75686373867002;365,18.609360990297475;636,19.096876202566175;22,19.266201558957317;297,19.11905767447495;726,19.131376199685533;847,19.761841580441295;259,19.221128840128742
470,0;430,2.045734747052844
677,0;443,1.792229515587876
368,0;402,0.7888024312713137;199,1.825832988489489;319,2.109636115782778;282,2.434944159619209
255,0;369,1.587451561536569
183,0;62,0.6905024980192583;352,1.9471915646019031;597,1.0902367007748974;710,0.917011408746398;620,1.4309301162042694;965,5.07289963789472;5,3.0257089325919533;680,1.7263875093216252;650,2.327482616288276;376,3.1148696841360355;499,2.5184482019783965;402,3.3293361248674684;664,3.6930885068339814;199,5.578169351650073;422,5.137346469317235;203,6.375483453629837;60,8.920421282234106;282,8.128819566378024;212,9.841476223444172
806,0;578,0.4910168567943616
866,0;881,2.8294718377615644
318,0;174,0.06258543893968178;570,0.8570114641786277;189,2.7153814116117196;578,2.5010119815154104;734,2.9713120473543415;731,3.307818232868366
990,0;460,0.24163260985432986;875,0.5354685304453092;869,0.42398712289230156;826,3.4503613157779967;341,3.795756618634182;278,4.069798395004687;964,7.654058964254876;737,8.538281965254551;313,9.17187066471546;403,8.967821204779888;358,9.25486792664635;528,10.156456758985058
604,0;695,0.13691192366144267;597,0.37086993381504807;646,0.742841262794992
511,0;291,0.48588473604135635
16,0;650,0.3652278715263736;735,0.2532042183750161;499,2.5839682232613885;937,0.6099884964294714;119,3.782409695897508;488,3.2158413753651636;540,3.8634286421441386;322,4.293745588300573;474,5.0116548165037536;935,7.976540364540423;1002,10.013874037700923;377,8.125203798656255;460,11.283809567102663;869,12.681786626146629
286,0;378,0.5177172925561404;334,1.0302170341682977
307,0;508,0.9743016687888761;194,1.2127340093094177;337,1.1879992326882258;375,2.6335762838069243;780,4.228910057049864;416,6.192967172480856;64,6.813862124743919;873,7.2408301672643836;129,9.391244239621315;745,10.560485478965028;195,9.588744007465626
187,0;636,0.011523346532711783;918,0.2231793397329243;847,1.0182761593988132;704,2.351798592873741;65,3.192363597187377
868,0;451,1.293794804624319;291,3.5405377387772026
176,0;503,3.235106471932598;256,3.95705981432962;520,4.53902732689399;700,5.370257862821022
197,0;572,0.7489884729690385;513,1.0101781576348141;282,4.243726652973629;789,1.1280295553581106
670,0;223,0.0572805482630414
439,0;647,0.051972210737969225;848,0.5848776550778946;304,0.8884073460160171;866,1.5439738459673158;195,2.3322393318974974;668,3.067834610915936;578,4.0194186815447175
935,0;898,0.3975615109906611;377,0.7484938347532727;2,1.8845289613659337;571,1.2388455331634698;315,1.7935440070818007;744,2.445857557622153;977,2.695484715201322
63,0;616,0.316249985909455;576,0.6493939089504202
161,0;170,0.9869007373666382
1012,0;972,1.3153301407226237;888,0.629322548475792;246,2.897433514192238
287,0;536,0.23301492609751953;162,0.20549457357683715;128,1.4112590972626882;559,0.5949403346913902;743,0.9237279772462197;565,1.4000243909979717;292,3.0129977182197925;853,2.6914529757309333;401,2.7929373053412005;979,3.3417500432286875;279,3.2062846722750145;791,3.0848742628219687;307,3.624313391300148;508,4.504894211186559;337,4.613589359297564;293,5.37242375243586;598,7.647527767453049;840,7.539358557596892;686,5.561108451185397;31,6.662373172702048;16,8.425167222909735;20,7.70220578779316;328,8.104587667046262;721,10.620566138600491;404,8.18084969784617;1010,8.663503794065027;483,10.495687060383508
355,0;131,0.14185361903363214;537,2.1710409099362034
632,0;828,0.7061603140474491
113,0;370,0.19703305491767698;20,0.7375592404189767;328,3.100917334366002;831,3.3472410437756066;893,5.13094105086986
482,0;850,1.3514479260349135;115,1.3098311345764877;598,1.8068087390787915;49,2.8451506750898563;360,3.593236528114086
996,0;838,2.3872316825704027;709,3.0959757570308084
503,0;256,0.9317332418111421;520,0.10017703028985737;607,0.6103015988386152;267,2.7165807827232853;835,5.190678308959325;270,5.447483546135832
733,0;956,1.4061810846720944;356,1.57806687397221;221,1.5933727040634587;86,3.2077827462969735;975,2.0294545841802543;524,2.0809294224021633;988,3.425007554411453;18,4.012934785550219;523,3.71237762474526;88,3.9796376055402796;609,5.771300429784006;77,9.840988031725631
958,0;101,3.636535333166543
729,0;45,0.16955774391866776;146,0.6217294691164371;443,0.3627728703496669;801,0.910857160439812;161,0.813799909883208;170,1.0781669929489817;335,2.871547306163584;948,0.9809123926840568;750,1.9667303234342275;570,1.037740013244289;204,1.6375746156459567;871,2.18617564351419;986,3.981823617326289;29,3.2344400071011723;256,3.306101736838774;580,3.423989689045886;861,5.07789860900363;136,4.406556352662088
850,0;840,0.05955746454320511;323,0.43006727384480364;63,3.4497054909168043
906,0;592,0.3778543253224291;359,0.4244813094543841;892,1.402060703407904;244,0.8952217541610432;318,2.039846409812384;791,1.1939574500010481;330,2.5147194562341117;486,2.5001264198862447;2,2.790531402239396;983,3.081026296162447;735,3.20985587704843;187,5.240307696488296;375,2.742932680459743;780,4.608783772639379;744,3.986000383030449;512,4.242367123507521;728,4.470706661869918;251,4.392862773091546;416,5.933023596913487;636,6.373957808841203;64,6.083800975682625;873,9.984449242772339
147,0;962,1.0342372474320838
1015,0;764,1.74934698460916
1009,0;864,0.16311800407820964
990,0;460,1.2570489975827497;875,0.4222260178534753;826,0.5058699049271724
984,0;515,1.6876262023058934
435,0;133,0.8009376630203758;234,1.8414059506846376;285,0.015600674628753293;190,1.5042705530046885;384,1.312953401505288;26,4.0115799208188445;876,2.8336776111608764;677,4.040265437540142;443,4.728138266255154;812,6.26297032865444
685,0;370,0.4779083008501913;833,1.680619747386017
477,0;411,0.7641083154044317
375,0;780,0.8807132806833755;394,2.726814858845659;325,2.982458961122851;885,4.242608696973194;393,4.283789047654188;69,3.6901009432430127;526,3.9328479576649693;267,5.212778617029017;835,6.186750420793088
775,0;142,1.2196215821773901;21,0.05717546853051234;708,4.007652044462206;902,2.826187157745446;430,1.2371872277276499;327,6.073220908124165;871,4.871673027326056
472,0;745,2.1123741730744827
109,0;1018,2.221309230236025;236,0.2849812833312675;290,2.784221019649128;986,3.765032190721397;822,3.315689353177546
439,0;848,0.10961451997653446;866,0.7130906339768419;751,2.140875888492806;973,2.7018255599561214;443,2.6326390244138045;812,4.240178386052864;81,4.89918925157774;400,5.372143147037746;240,5.599897703060766
1016,0;398,0.15436776384890127
536,0;292,1.432226164487303
694,0;1005,1.1434939481394326
96,0;703,1.0916593052991346;477,2.0873852154113854;164,4.269245962280324;411,2.1469000051283085
402,0;956,0.8504528448617714;199,1.3993877765099523;60,1.8044196239288173
767,0;533,1.609111605023511;62,1.8332833880096202;352,2.841771627908151;45,3.124334294961755
255,0;322,1.1354543894541453;369,0.1259662232759252;474,3.226280190807574
939,0;931,0.13490072816235815;364,0.667344798131239;254,2.9308334754291128;295,1.0108687013285342;313,3.399572870370429;594,5.171463480924751;405,6.294616197080537;668,6.34953211968508
183,0;62,0.021112200331807794;710,1.3783809471049693;620,0.6533641142967601;650,0.878529389054821;944,1.6587058019695524;430,0.8808461817537107;499,1.603090382457541;937,1.2743876891781938;5,2.6680755578184416;521,3.322912380547205;648,2.045838269227866;536,2.175259875664504;47,2.1378512570707784;394,3.431752960217959;292,2.343520770861908;325,3.7652964190861233;735,5.505612630025896;885,4.745931233559792;69,3.903413806283311;526,5.429617319248504;267,7.187957660873019;512,7.063540987152554;728,8.792042818862223;611,8.887593063633263;251,7.260327436565787;270,7.861042956011057;802,7.3453549493882155;122,7.820357686760341;264,8.741582321163857;884,7.995236713520597;58,9.64996991178995;189,10.983206822905744;734,12.34019504273745;295,11.207327553496027;343,12.09299955748195;827,11.824745996073027;485,16.314738269317594;912,12.962406548042043;577,12.380589577854147;813,12.803376950708014;731,14.04162644420538;883,12.561040467508091;762,16.88810266583521;475,17.321038343567476
832,0;657,1.0201061260683637
635,0;656,1.4909800928132668;215,0.8969305647488893
448,0;1016,0.5466877128317367;398,1.4185481470705184;193,1.2019433044135175
166,0;860,0.9996056380081807;649,2.241421600596748;256,2.3579166989304925;618,2.4980426215961287;195,2.9650002954402486
62,0;352,0.6684103646281846;597,2.514919068237827;620,0.4448830112694015;430,0.5302122681452595;438,0.7894318693251532;376,0.9969059259388058;45,4.793649955533313;697,2.777736601951018;664,2.1066974353488552;1,3.1470398322955613;735,3.965050088716721;906,3.566253716382085;592,9.72716071883466
830,0;574,0.4788032194901033;943,1.6050007982893515;5,0.6521275404127914;402,1.592318871542977;199,2.095221406789238;60,2.435198261272544;319,4.211988191384679;212,3.242098302529971;234,5.1643399817755;893,4.439882341848117;888,5.182079810193425;78,5.56907772469103;876,5.363268123161952;947,5.49319303366471;696,6.789554428649578
37,0;152,0.4521137982453111
347,0;396,1.6487851162552618;514,0.05114878310835994;535,3.4129626790985377;839,3.570140986287162;469,3.744955955323496;37,7.207562959777775;283,4.938211044970235;728,7.611698680246514;845,7.537214048620159;628,8.174674658945069;531,9.833262819610972;201,8.540901590398109;844,10.171600922530773;561,12.967985841126282;247,13.364510562912594
1009,0;864,0.12902147055842458;365,0.2799047936902953
988,0;523,3.057651141725589;88,0.11687125947343616;245,1.270044349616922;609,3.299144829069447
583,0;931,0.1316536999436467
63,0;748,0.5553307731819607;616,0.5947077182612011
860,0;106,0.11967626884141723;622,1.032289134960097
438,0;718,1.651359715142765
241,0;365,1.070896640818663;738,0.5191617285229554;715,0.5569778374641913;918,0.6436026911275265;461,1.0753487325844344;745,1.0457850454126678;734,0.6040509298554417;513,0.8138487288517418;249,1.151142861627211;813,0.8131578072148067;731,0.7938480302674028;636,1.164594699471178;322,4.680986114326869;847,1.7777744860686489;474,5.605889697652723;427,8.536886433660461;935,6.817786830309231;377,8.109552063138283
892,0;330,1.5802720140201363;983,6.521957921514178;375,2.795301216201864;405,6.878682265239143;61,7.122419487962146;798,8.317869440423687;1005,7.606039939830753;65,8.802410589227437
10,0;73,0.33057576246376774
114,0;924,0.44796743256897253
801,0;948,0.6895309444521542;204,1.8204216572264338;871,2.6354499989077613;986,1.870587044050593
441,0;189,0.843075117453034;734,0.9579708480204177;619,1.269347715618906;731,3.0333517257110882
753,0;996,1.2632725128413183
829,0;802,0.27705420755454563;807,2.6878639929062027;287,2.8674707746496693;536,3.021316442903224;521,3.6615438003250227;394,4.4764429726213315
518,0;455,1.743457466211798;892,2.50089061578793;330,4.136810786525669;486,4.148076756208175;983,6.392167526578856;906,5.567993457887539;187,4.31368899659848;375,4.94814062400986;509,4.679886846434552;636,4.939624244603891;741,5.220639454874683;644,4.7295102760899255;847,5.837476277407343;780,4.998606592841764;913,5.148057050302584;394,7.3480762021601835;416,6.055390955881844;429,12.327924488530074;966,6.389944657580357;209,5.777002378434618;498,6.758808370052391;592,5.59316383193627;304,6.1047013475999305;710,7.474074008737375;22,6.171777715638474;704,6.367506771832121;64,6.126463888608562;65,6.872771934567092;405,8.397493587613322;917,7.307244552940304;325,7.90348186397234;965,7.48775186032822;725,8.067977677105548;172,7.511467888971884;326,8.789749447911158;393,8.35156179726187;526,9.245229930272576;31,9.028772533237614;410,8.401560636098479;668,10.111106417746718;798,11.925133718671724;16,9.635526437235338;373,13.369959929828989
286,0;378,1.66041221425844;639,0.2675653982087017;911,0.5661825897385437;148,1.7705888529856173;228,2.3196896003861207
196,0;864,1.8650711600025425;4,2.485769952444496
349,0;174,3.1896719092865906;570,3.2077945398518812;189,3.2148022445272835;790,6.11224269648144;734,5.552385505191244;619,3.7942903481301484
535,0;670,0.47065892221831235;839,0.810174868703352;37,0.9188704141419386;728,2.620785773990959
33,0;195,1.8941594825201753;752,0.09033562261220751;539,0.9219776822220754;587,1.0714002791937238;702,1.2315944431251085;622,1.166842171936516;616,1.6817061760485166;360,2.3605810098964537;576,3.1999785216918326
808,0;95,0.5699500473742474
413,0;416,0.42302132755832605
555,0;626,1.3038111632989797;412,3.83525010145776;943,3.9697300295602087;287,4.114282244558636;588,4.553355587943408;521,4.427392784618508
845,0;628,1.1995432346501065;531,1.737004526415265;600,2.12710842107051;898,4.1247213723845455;443,2.094964846649269;900,2.1750976294944095;409,3.538441511007358;2,6.514327083782812
915,0;959,0.0023705091639283004;319,0.4347748988737451;332,0.6142459504092145;991,1.623465173767821
425,0;487,1.11191641624554;110,2.890976542686544;433,3.2939045074144966;860,5.843038392953327;106,6.185300976815787;622,6.634385222213047
354,0;822,1.0426240537061533
163,0;32,3.651794516364297;269,4.3887335100778735;626,7.195962531095005
730,0;608,0.11508175060223004;77,0.882930435855577;973,2.3426882369709454;702,1.6259694848113244;360,1.6717204325742085;427,2.947667493557222;421,2.7443325852415383;249,2.648808611009498;1010,6.305191339049749;797,2.8868373712814535
512,0;728,0.48647543573266927;611,0.20189716744352307;895,1.5838948117009768
805,0;970,2.8637976308398563;657,0.2999329334602828
58,0;727,0.179535059279171;67,0.9971904354809198;189,1.4046544867772073;878,2.533586870141938;173,1.965183056291241;447,2.2285545797874136;734,3.7819288422630164;619,3.148092365818824;295,3.523369767952924;761,2.962126278587288;297,3.1180661948255506;726,3.2446064287381184;343,4.06647053157549;709,4.381207923987486;813,4.684908909609376;731,4.984290175435726;308,4.48109955077908
712,0;254,0.2239857618683164
74,0;497,1.0591968356540669
129,0;195,0.2926175289588319
199,0;319,0.7256053464788689;282,0.35209508499361314;234,2.2817747298566777;893,0.8066584915818602;78,2.8240838287832766;876,3.0680310896456664;696,3.0988375206699734;841,3.923641134305058
332,0;991,0.8782188821409042;760,0.3072672920502472;493,1.5091100692144885;552,5.154904564869374;954,2.639785520689301;130,2.932861736786831;344,2.9450799447905895;20,5.058163459268315;29,5.061930971691019;852,12.707310434728846;3,13.350866434325635;572,12.958302262713914;149,15.791236479748203;513,13.310378531905506;789,13.829222782467733;151,14.212887797247777;671,14.658737297443066;605,17.084985101711467
670,0;223,0.7332447673212463;292,0.8187301574021868;279,2.6026249868250506
510,0;478,1.0098301679231596;664,1.6198875398591037;484,1.01179584636939;805,4.09892403527565;82,1.3075594690926595;970,4.36547632367395;657,4.904652879179271
309,0;897,1.75252586898325;626,2.652856780420144
845,0;628,0.12841690455918534;201,1.0233795994063213
621,0;510,0.5863102114926269;836,1.5168585872029179;478,3.200201650147421;292,1.6711141303767834;802,2.104821537938382;399,1.6033786758804054;130,4.371760019476962;279,1.8827010454897963;791,2.9762565711832356;605,3.6891197989052382;85,4.827016638602789;784,4.697910868684129;662,6.351409515786871
74,0;497,0.20868113712065334
924,0;539,0.456829616389605;702,1.7571452107488894;983,1.0857705789718397;405,2.2805551540343485;61,1.2733756681592199;482,2.3370490463862366;427,2.9554303952232606;421,1.9484961569124908;797,2.680104807776547;668,2.532413723123414;798,2.642460931113768;115,4.727781869103997
318,0;174,0.3376441442457363;189,0.46326400376945165;790,2.02004407816705;578,3.7097016186477987;734,2.0731836687984537;295,0.8948938982014717;343,2.406760340749181;858,1.3235675292192925;827,1.399073627005607;709,0.9529514702550713;308,1.265344338750868;485,2.1584961930159454;533,4.781378266605257;813,5.6379474113814325;912,3.730361983355989;49,4.599781619107066;1009,4.02327925820742;864,4.43091182244073;360,4.981643803211737;62,4.839900809138896;597,5.465608543206442;620,4.874559208418502;680,5.873419801825473;650,8.340706073947466;944,5.89666823669578;499,10.20914028238836;937,9.729934278175461;119,10.32515032303701;540,11.478839081886461;955,11.185165175639668;322,11.784304088702267;639,12.966231618142142;911,13.320886123107579
1014,0;863,0.1938901960599553
450,0;311,0.35075635954639844;427,0.6828701319710824;504,1.1158831110639995;840,0.424322438237764;572,0.931535987793026;139,3.478862581653239;740,0.8420833251244192;729,2.974016569129849;149,1.7193373838171295;513,2.8082075028541227;605,2.396239594490625;146,3.8510989827570783;911,5.561435702571741
689,0;888,0.2698310634568157
1006,0;150,0.6263876028443806
140,0;499,0.8569885290243838;119,1.427607873871362;488,1.1323354288565293;433,1.4914554403943576;540,2.8386686433843478;955,3.7969219231645432;322,1.9149653561442528;474,2.1193680635112124;427,4.719179044598906;639,3.4376161405254484;911,3.584896710241008;797,3.954452176622597
191,0;532,4.040993692377614;1019,5.044598940298568;276,4.557995592896303;11,5.206113768991191
951,0;353,2.5287148850120778;802,3.9094761797578075;901,3.5035416917886835;264,4.3899738708875224;710,3.9731818124199667;965,4.490507449778658;725,4.910579631033519;5,4.0123499182795666;402,4.181103377553991;58,4.986579758649582;422,4.5749426735157455;638,5.426786714035014;998,4.993235701502673;907,5.3550555340262616
984,0;515,0.1843922912597599
743,0;684,0.5693914278792512;853,0.01999133848685089;401,1.046189422034623;979,0.20435429519821458;738,1.0202700007854841;918,1.722150630635618;734,2.1058654122471374;813,2.145638246897994;731,2.2342958923311436
587,0;241,3.610063516383559;510,0.41796190647839754;622,0.47243224529501143;478,0.5822949668269106;664,1.47734198895453;484,1.1074272830626932;805,0.6767587974528905;657,1.4718889026218616;497,2.2945286984912885;875,1.6775480793086563;82,3.012391587143175;675,2.5735241001251596;826,2.4475845164099916;162,2.304814443077107;128,2.40985129030953;559,3.4399148180236456;743,3.9152738974509798;565,6.566455701644803;955,3.180722133449343;102,2.663444224868982;341,4.639432148300321;531,3.679280534804402;747,2.8252730796235763;513,3.85635533754641;738,4.633188954519172;561,4.323614995609732;898,4.708324283616937;62,4.845390488604185;684,4.686791703912948;918,4.849910158821908;58,8.07839741687743;811,4.806731959986388;745,4.703066104305644;523,5.536119822074472;642,5.379150903268945;620,4.865579942565942;944,7.203060649980976;198,7.1243665223169925;916,5.435758509931918;609,5.711687546494646;77,5.8376647770774275;698,8.509317701210035;726,8.667777424552927;648,7.599016562590017;998,9.176140899748665;727,8.173675700582404;189,8.275159910407792;734,8.894990756450126;619,8.284893184758477;319,9.861475765616257;813,11.594975034286056;447,9.379452215281455;907,10.88613123322055;234,10.383259450442134;876,10.816443466353357;780,10.72959833675172;394,10.78541895465794;325,11.36508259791958;885,11.692388572626085;393,12.20966423092307;69,12.40160732981687;267,12.717671562657134;224,12.414772480218629;270,13.10935076468987;219,13.445821021883702
714,0;160,0.2370138325067158
912,0;792,1.5494539317624083
655,0;338,1.2952964060304628;498,2.328185848818361;285,0.17709635501186427;758,1.8860163038990172
586,0;583,0.17468701579300128;159,0.01068490005366331
27,0;656,0.3272308674849994
607,0;267,1.3055912384259933
196,0;747,6.022545513910607;727,0.002942751937822675;864,0.571311138636805;141,6.681594160254391
641,0;352,2.9691573105631743;376,3.179154081532897;697,3.6047881198598577;1,4.992100137668208
17,0;862,1.1474186015407242;273,1.4712355121944616;427,1.7729759036143027;740,2.1140074909911015
644,0;560,0.19626502502105533
335,0;256,0.2728236257301955;290,1.6083973357602792;618,0.30310900979257904;822,1.9416726172119287
230,0;498,1.992733936210541
708,0;327,0.4132484682328435
111,0;167,1.8508866747564237;672,3.878865895628334;38,2.6288700314994653;174,2.941145036907444;570,3.0689074654447133
964,0;737,0.8824475525210687;313,1.1885109449421523
567,0;52,0.050969563350827946;381,0.2781099342530435;725,0.12540478820059583;654,0.9388782956096547;838,1.8157120917385199;469,1.5911622208511367;144,3.161985488623799;825,1.7967817316557024;283,2.2519609153585756;554,3.0002236892692205
166,0;860,0.7469956338775068;106,1.2780193170337522;649,0.7665244584457069;622,2.2694599464110463
545,0;969,1.1104401326753996;83,0.36398580581190654;1003,1.0860896017963109;612,2.908407327450715;476,1.4444676375053107;390,2.782854539042625;512,3.2583980530961227
839,0;469,0.8997954472350115;37,1.968261314156806;160,0.9446912556994342;152,2.0544393791951374;845,2.846894830508991
43,0;229,0.24150618189203285;222,0.6082917201284115;876,1.7236901220182907
16,0;735,0.3782667742580608
26,0;677,0.5848139526699238;439,1.2206367729696503;443,1.812556039885703;647,1.553957664165959;304,1.8139724946927103;792,6.5243418477295325;195,2.115844767742435;900,2.496642278302457;812,2.40251796663802;668,3.551665840977723;400,2.4316335425039557;409,2.955683832925664;515,6.59551134901897
605,0;85,1.0924997839646553
913,0;498,0.060164580611120747
803,0;444,0.22069611684380805
930,0;283,0.1979442151024304;807,0.9023241437098817;83,0.23567060682011595;1003,0.49787626001118956;915,4.033963433620997;959,4.213436438437902;332,4.673414913467137;84,9.563355981672782;991,5.088685438961089;507,5.417963979483137;760,6.885408347930379;513,8.308481683060133;196,7.080001320371275;747,8.163169868741159;727,8.758423153347724;141,8.66424660235017
188,0;515,0.5074687345958456
460,0;869,0.488480373697664;1012,0.8009212704023141;972,2.2333334919967847;888,4.949754183214289;246,2.352216477398104;947,5.292868388347185
154,0;481,0.8583054648422271;316,1.9618471042300056
928,0;1017,1.0743931915226372;344,0.7653593164105393;834,2.0403642568090596;876,4.669806492887027;729,4.132481062740451;45,4.361057472251097;443,4.562048044309402;900,6.403637527358752;812,4.904310671605235;409,7.143458512895679
47,0;629,1.295351473678605;157,2.9408135666799224;1003,4.290754680114235;670,3.3737447096273647;223,5.159303963955836;612,7.691182911658517;292,5.509044662088767;512,8.801751555541616;728,9.18091476531195
467,0;554,1.224304649684624
982,0;10,0.09969602951504797
805,0;657,0.2005225340183213
446,0;974,0.34071933204772287;647,4.16092405212963
16,0;650,0.6475503523530683;937,0.9665787085399268
428,0;240,0.04272825895684549;187,0.09575463400062527;999,0.4883828868282948;778,0.3200809493371577;636,3.155684789733775
480,0;130,0.8211228327205745;784,1.728189646753634;20,1.1067979820781912;328,2.0822207108732007;721,2.1490657338657333;404,3.961021010508116;581,2.66541548901199
78,0;696,0.726706287541557
886,0;295,3.1074991724422247;95,1.3944665550649429;858,4.523005469669527;827,4.040833955639029
985,0;589,0.35885875597729344;728,0.8433023442691656
332,0;760,0.017477900729508333;196,1.9813646646904124;747,2.424294847348946;513,3.0701815484274304;373,2.5048762577830614;141,2.6208133643921445
289,0;428,0.1832630035742045;240,1.2251936740809701;999,1.4900132573764446;778,2.4188181082591393;131,1.272791883282818
355,0;131,0.39244202550398366
335,0;290,0.685048594664273
981,0;711,0.7840410575036906;13,1.5252237629677023;103,2.9886503172782812;224,3.8302499088236734;664,4.068492089481299
308,0;824,0.05653244413748925
793,0;931,2.3363069367153653;254,2.354893046615564
708,0;871,2.359139261290442;29,2.996945341673168;580,3.421997498153722;852,3.0375359091728185;3,3.7662196398832037;572,4.29319816054302;151,4.254942570870351;452,4.779550437802045;149,4.348429775263553;513,5.85708304127011;789,4.353863203948505
557,0;752,0.08462502864563091;399,0.12207434503866027;539,1.0224641762034072;587,2.3411467546149316;702,3.0199249495022906;428,1.866663541734296;187,4.690024789797313;778,2.5580142549745237;510,2.953510697398758;616,2.7165939854720915;478,3.3982835924822123;484,6.858944231307955;805,4.16281243219199;657,4.187203742277725;636,5.336509937435916;847,8.763250512418299;497,6.997196271757215;875,7.061873047442384;826,7.54880215637218;162,8.388257825629312;355,7.277970590674466;500,8.120020839353968;260,9.482337399734556;128,9.367924717392043;559,10.573386475776006;743,9.247738364637998;955,9.443853728660311;704,9.438799249939134;684,9.351843068989504;523,9.549021964296024;102,9.977657822553436;65,9.968397084488968
687,0;486,0.05385522859023774;2,0.9043893781300003;562,4.011994080750153;67,4.08731451032179;878,7.382214105600381;173,4.097142477376413;447,4.1863356719516664;761,4.161680247536661;236,5.5533339151827015;22,4.686688268606374;297,5.561650446725054;975,6.816356446223059;189,5.675730168017911;259,5.791757379748993;295,5.8020291982776095;343,9.071684491326302;858,6.401860958559471;827,6.282981046627117;485,6.942881258204032;861,8.225118694802056;524,7.37278108960745;318,7.455420702760096;912,11.006622096224433;577,9.63465258168481;792,12.548207849116867;1009,11.183707578186688;864,11.194918015605158;36,12.777559347919807;4,12.852584919305647;515,13.1937440738383;523,13.401690854588695;105,13.560864517589522;238,13.277661065300967;795,13.19960283661964;611,14.207250985474717;721,13.851785250319384;895,14.568775815702102
710,0;965,2.4088411048924594;5,0.00800255021050188;402,0.16393642631813124;154,0.133417508564259;481,3.1616781158585106;956,0.23019121947940424;199,1.0856120482255527;846,0.3629857901149426;60,1.1225278711251787;282,2.1886264497743992;212,1.8243573266927555;172,2.539534934701737
15,0;508,0.37969362885423913;194,0.7518062187948835;375,1.3625137196068182;913,2.863347871790727;429,3.2532312074212406;966,3.4597877198505893;209,4.599399649189761;123,5.580802540376659
93,0;295,0.04500124566954532;343,1.444968987523932;912,1.457291679892838;792,2.5302216588287028;1009,1.8343056725842892;864,2.3350744095087212;365,2.365456559209179;4,2.57810396589941;515,4.123403120396317;523,3.0046919722817353
278,0;964,0.27090922370545145;737,1.2824252752304792
908,0;15,0.480955403313872;664,2.438746118793529;508,0.4810995544137629
807,0;287,0.3054565690764785;915,0.06847740799041345;959,3.3468932138416156;332,1.891828433494605;84,0.44601192993868427;536,0.6671223152763304;588,0.48196422411483525;394,3.3912731038860664;292,0.7537819497635672;279,0.8082659776624858;791,0.9188222304512933;991,3.049344359479499;507,3.6849427376949313;760,4.878401559968225;24,3.0819790317761098;325,3.6229093173423528;735,5.022475795056103;885,3.6288319707427377;69,4.220867011699976;526,5.700282013249566;694,6.987939442166409;224,5.073240393810625;337,3.9298095213476936;513,5.901151131480024;196,5.66208540408934;512,5.637767175750271;728,5.833323184808623;611,7.2320150978188025;747,5.692049637544228;864,5.878363722279897;4,6.190760793738853;795,7.189965310855013;895,7.675166429680858
26,0;439,4.726669828402205;848,4.943015209940366;751,5.461825049172735;637,5.945823904681688;973,5.648447790474909;443,8.878237217498082;249,5.755727666004915;616,8.033586508687334;812,10.816017943162137;81,10.966729107761902;400,11.120518362516718;375,11.218458344331113;470,13.404363618937015;913,11.590987760498935;123,16.316574514003133;157,15.582782542775295;1003,16.636690744249076;92,16.365078960560407;782,16.616245252067745;999,16.795765644904385
910,0;34,0.5749903945195698
607,0;458,0.5308920229855665;124,2.7652949173526715;582,2.8631526647756242
325,0;658,1.4080815153479889;393,1.386360942301845;526,0.4111598038904981;834,1.3716752586466416;410,1.682214362990128;867,2.460855715138206;276,3.0215842293452786;11,3.3813929368323645
777,0;660,0.14765047191843994;386,7.1220258835906;988,7.618450721150351;523,7.685546087207037;88,8.762220289848072;245,8.920204452245597;510,9.809258995196018;478,10.99900886411339
384,0;26,0.16573800105972455;439,1.681391428559882;848,2.3151405211519847;792,3.263624970324863;751,3.757382568648003;637,2.324645093392778;515,4.4911815748670945;523,3.2683102022335606;609,3.335487762463264;77,4.507493372043944;973,4.28278337326964;443,4.284087483139873;812,4.52015771112718;400,4.613772429565103;470,5.370389427090632;157,8.065588649337059;1003,8.568204600791368;670,9.732711549741879;92,8.670325819083555;612,11.717581341683086;223,12.789131537877454;512,12.150278495722496;611,12.445139119277242;251,12.190285647201767;122,12.693202107114526;292,13.459611087251654;791,13.98367224395465
539,0;587,0.32046900207343054;702,0.17815771893030005;360,0.2408505806003946;421,0.7545062967204175;510,0.623859795863275;616,0.43313362841937625;576,0.9153825157260038;478,0.8973886073588142;797,5.680200239693851;664,0.9930071361370666;484,2.8167206983240285;805,2.6418156958293264;657,3.6498650651629445;82,3.4955594044337897
158,0;277,0.3598979351829094
854,0;866,0.5583104147461614;881,1.6131857062122177;845,2.7581524572868727;822,2.2528786714675673;531,5.366990768052725
730,0;608,5.852003781364696
820,0;782,1.2630758951797725;912,0.2071722496960449;792,1.3750852443532808;1009,0.22973711102834588;864,4.35440002289518;365,0.7279723777201125;515,2.8915660855116423;36,4.473232370464574;4,5.956802048292193;238,8.311305065559107
119,0;955,0.4935295503997602
359,0;892,1.1105143105100468;486,2.4751035201978766;2,2.878214159982953;562,2.5479339661869402;67,2.6762926440797545;878,3.4582611576161435;447,2.8330198273369946;744,3.707694678355978;977,3.722473167726718
735,0;512,0.7353411332630817;611,2.4991693829394936;895,2.6870504188145983
199,0;319,0.07592166374532909;893,2.7348173820728943;19,0.7391894227973005
462,0;446,0.4150805854964947
587,0;510,0.236543250246497;616,1.690264741004465;478,1.724350643245319;576,2.6533581586344397;484,2.3629743838414514;805,2.5381386596368327;605,2.924832709576554;497,2.5047850879003764;657,3.69349940564988;86,2.956565536206003;85,5.337073478101189
605,0;85,1.6106975904334502
140,0;722,2.0597272953804384;499,1.0908618038215792;119,2.3220394250212486;488,1.4025371995536628;141,1.4719942097566676;540,5.408811334004742;955,2.3711100472940556
328,0;721,0.7805125904338779;831,1.9731834017373961;581,1.1298749029035138;93,3.4240077311101356;893,2.0613451456878056;305,4.0357903066946905;295,4.310413996039686;343,4.799226288143527;827,5.754949343427831;709,4.368488088941633;577,5.0284159390990135;883,5.974336908246697;485,7.862928752810332;778,9.517940007401688
77,0;702,1.1357985731109106
60,0;212,0.14115069060070012
129,0;745,1.17097965659722;642,1.5336326607137902;198,1.619652597288884;916,1.9468143260093735;871,2.1269245779301187
929,0;857,0.47605813654442475;636,0.8041299203540655
469,0;283,0.6243903160135826
607,0;267,0.8966461820246238
1013,0;533,0.7128834130045772;408,0.4839532133254777;350,3.2769990211828;62,4.221519527151979;352,4.528665046835238;710,5.319598686508915;620,4.274687919307382;944,4.573519859490513;438,6.987481749084088;726,5.627206716119361;648,4.930820579257749;536,5.543285728547901;152,5.264208630274581;965,8.62740409333672;725,6.057984943674807;5,8.035358903842928;292,6.30232110189893;31,6.271985980477684;718,8.676069247443696;154,8.94626138416532;638,9.348202713933047;172,8.856806105338217;326,10.480664571033941
803,0;444,0.47630920803387106
225,0;857,3.9075703001587176;629,0.5817957331292595;157,0.8472348895502406;92,1.7202406155397403
1015,0;764,1.5725730934557942;220,0.2652143962589505;222,1.374834959322237;876,3.897765679561213
197,0;572,0.07966973272544958;282,1.4750304514631192
37,0;845,0.002637251676905912
237,0;1016,1.9885650820276919;398,2.661262142691142;193,3.4809373677876483
209,0;22,1.7268795525478973
418,0;762,0.5011071339247836;186,0.17622752409992598;799,1.9647914375019866;380,1.3769309743079567;978,2.809446377334697;475,1.3125992635988992;995,3.5646174238143695;543,1.488936052068925;669,2.575236298618908;908,2.4808712123488124;15,4.032539330999295;657,2.592804959140582;915,3.2357361344607423;959,4.184058452540701;319,3.818152033384152;332,3.4196602712124506;84,4.201286173746821;507,4.995994672283388;760,4.514246960138255;234,5.930795609189797;508,5.749738470959785;196,4.76498215827281;864,5.381572214773691;337,5.154772746345013;36,5.867337819668575;4,5.397632564590354;293,7.066778504591097;238,6.400712077124641;876,7.042403462681692
51,0;965,0.4505277361735801;422,1.1191590246033838;638,0.8378352575433932;172,1.2686130608504282;203,3.800828204042631;326,3.4532439506290267;364,5.777227582929356;350,7.534856426650131;295,6.6127015372006355;781,6.402259192029898;858,6.799037318664925;709,9.182816048728252
25,0;772,4.994366099784229
133,0;190,2.2461421605486778
565,0;698,3.128552479950233;319,3.3538985820501264;234,3.9092727042717157;876,4.61543984736986;780,4.190466795899242;416,7.82953821385554
720,0;932,0.026134014523547033;666,1.3295746220060929
623,0;210,0.1562267101793023;499,0.21682370421804673;972,1.6550410391101473;488,0.6213936986094422;830,0.9823136661713497;141,3.4469613985895204;574,1.284300469014145;943,1.1832785628020903;5,1.6238162479576583;402,3.7654413451122775;154,3.2495789097440766;246,2.739644305832819;481,3.537578531839937;316,3.66758614484306;956,4.20203029923499;356,5.842527786577359;221,9.703715891735662;256,6.496726199486144;618,7.314791551953115;975,9.887596421950676;861,11.178402289318235
927,0;855,1.5887663790053677
225,0;857,0.029361988433835844;629,0.1692151225117161
935,0;898,0.7197244074236784;2,2.2584810260806902;744,4.251672950466726;977,4.614293949615235
91,0;944,0.8156990313731814;521,1.021168324054865;858,2.1115568887126654
509,0;741,0.46197652124472205;554,0.9174759457485496;48,0.6916091266191501;955,0.8564091170884197;95,1.0447168800208608;797,1.6055887383990055
359,0;892,0.1469497675798833;318,0.13507651710568558
836,0;802,0.014119816924634316;198,0.39461844906854393;146,0.33508046468472186;112,1.9588329761364605;202,0.7321577361041949;161,0.854782463404591;871,1.0489655107702203;837,1.751685697329622;29,2.7652500549579817;535,3.434692954483841;855,3.1726412114983864;580,4.563628992908432;852,3.7614006193959826;572,3.7987380535825217;149,4.2130303782923635;789,5.324671880061246;510,6.034051069513103;605,4.663267318259029;478,6.0888167499919374;664,6.558922819875925;484,6.858994838480058;497,10.308054435971407;875,8.258697106122161;82,9.884726902723163;675,8.557404003132476;826,8.654963991674858;727,10.04382174205983;531,9.602941180664443;341,9.21629082693242;278,8.975482449110014;500,9.207971503751342;600,10.092977970786645;561,9.786235125071835;62,10.205367425206285;443,10.843915172815537;620,10.51085969722746;650,11.537918644066307;430,13.080864306944912;812,11.686891081696634;499,11.553465433541392;937,12.526912752915887;488,13.068819971928361
744,0;977,0.1614283527336252
