0,0
1,1
2,2
3,3
4,4
5,5
6,6
7,7
8,8
9,9
10,10
11,11
12,12
13,13
14,14
15,15
16,16
17,17
18,18
19,19
20,20
21,21
22,22
23,23
24,24
25,25
26,26
27,27
28,28
29,29
30,30
31,31
32,32
33,33
34,34
35,35
36,36
37,37
38,38
39,39
40,40
41,41
42,42
43,43
44,44
45,45
46,46
47,47
48,48
49,49
50,50
51,51
52,52
53,53
54,54
55,55
56,56
57,57
58,58
59,59
60,60
61,61
62,62
63,63
64,64
65,65
66,66
67,67
68,68
69,69
70,70
71,71
72,72
73,73
74,74
75,75
76,76
77,77
78,78
79,79
80,80
81,81
82,82
83,83
84,84
85,85
86,86
87,87
88,88
89,89
90,90
91,91
92,92
93,93
94,94
95,95
96,96
97,97
98,98
99,99
100,100
101,101
102,102
103,103
104,104
105,105
106,106
107,107
108,108
109,109
110,110
111,111
112,112
113,113
114,114
115,115
116,116
117,117
118,118
119,119
120,120
121,121
122,122
123,123
124,124
125,125
126,126
127,127
128,128
129,129
130,130
131,131
132,132
133,133
134,134
135,135
136,136
137,137
138,138
139,139
140,140
141,141
142,142
143,143
144,144
145,145
146,146
147,147
148,148
149,149
150,150
151,151
152,152
153,153
154,154
155,155
156,156
157,157
158,158
159,159
160,160
161,161
162,162
163,163
164,164
165,165
166,166
167,167
168,168
169,169
170,170
171,171
172,172
173,173
174,174
175,175
176,176
177,177
178,178
179,179
180,180
181,181
182,182
183,183
184,184
185,185
186,186
187,187
188,188
189,189
190,190
191,191
192,192
193,193
194,194
195,195
196,196
197,197
198,198
199,199
200,200
201,201
202,202
203,203
204,204
205,205
206,206
207,207
208,208
209,209
210,210
211,211
212,212
213,213
214,214
215,215
216,216
217,217
218,218
219,219
220,220
221,221
222,222
223,223
224,224
225,225
226,226
227,227
228,228
229,229
230,230
231,231
232,232
233,233
234,234
235,235
236,236
237,237
238,238
239,239
240,240
241,241
242,242
243,243
244,244
245,245
246,246
247,247
248,248
249,249
250,250
251,251
252,252
253,253
254,254
255,255
256,256
257,257
258,258
259,259
260,260
261,261
262,262
263,263
264,264
265,265
266,266
267,267
268,268
269,269
270,270
271,271
272,272
273,273
274,274
275,275
276,276
277,277
278,278
279,279
280,280
281,281
282,282
283,283
284,284
285,285
286,286
287,287
288,288
289,289
290,290
291,291
292,292
293,293
294,294
295,295
296,296
297,297
298,298
299,299
300,300
301,301
302,302
303,303
304,304
305,305
306,306
307,307
308,308
309,309
310,310
311,311
312,312
313,313
314,314
315,315
316,316
317,317
318,318
319,319
320,320
321,321
322,322
323,323
324,324
325,325
326,326
327,327
328,328
329,329
330,330
331,331
332,332
333,333
334,334
335,335
336,336
337,337
338,338
339,339
340,340
341,341
342,342
343,343
344,344
345,345
346,346
347,347
348,348
349,349
350,350
351,351
352,352
353,353
354,354
355,355
356,356
357,357
358,358
359,359
360,360
361,361
362,362
363,363
364,364
365,365
366,366
367,367
368,368
369,369
370,370
371,371
372,372
373,373
374,374
375,375
376,376
377,377
378,378
379,379
380,380
381,381
382,382
383,383
384,384
385,385
386,386
387,387
388,388
389,389
390,390
391,391
392,392
393,393
394,394
395,395
396,396
397,397
398,398
399,399
400,400
401,401
402,402
403,403
404,404
405,405
406,406
407,407
408,408
409,409
410,410
411,411
412,412
413,413
414,414
415,415
416,416
417,417
418,418
419,419
420,420
421,421
422,422
423,423
424,424
425,425
426,426
427,427
428,428
429,429
430,430
431,431
432,432
433,433
434,434
435,435
436,436
437,437
438,438
439,439
440,440
441,441
442,442
443,443
444,444
445,445
446,446
447,447
448,448
449,449
450,450
451,451
452,452
453,453
454,454
455,455
456,456
457,457
458,458
459,459
460,460
461,461
462,462
463,463
464,464
465,465
466,466
467,467
468,468
469,469
470,470
471,471
472,472
473,473
474,474
475,475
476,476
477,477
478,478
479,479
480,480
481,481
482,482
483,483
484,484
485,485
486,486
487,487
488,488
489,489
490,490
491,491
492,492
493,493
494,494
495,495
496,496
497,497
498,498
499,499
500,500
501,501
502,502
503,503
504,504
505,505
506,506
507,507
508,508
509,509
510,510
511,511
512,512
513,513
514,514
515,515
516,516
517,517
518,518
519,519
520,520
521,521
522,522
523,523
524,524
525,525
526,526
527,527
528,528
529,529
530,530
531,531
532,532
533,533
534,534
535,535
536,536
537,537
538,538
539,539
540,540
541,541
542,542
543,543
544,544
545,545
546,546
547,547
548,548
549,549
550,550
551,551
552,552
553,553
554,554
555,555
556,556
557,557
558,558
559,559
560,560
561,561
562,562
563,563
564,564
565,565
566,566
567,567
568,568
569,569
570,570
571,571
572,572
573,573
574,574
575,575
576,576
577,577
578,578
579,579
580,580
581,581
582,582
583,583
584,584
585,585
586,586
587,587
588,588
589,589
590,590
591,591
592,592
593,593
594,594
595,595
596,596
597,597
598,598
599,599
600,600
601,601
602,602
603,603
604,604
605,605
606,606
607,607
608,608
609,609
610,610
611,611
612,612
613,613
614,614
615,615
616,616
617,617
618,618
619,619
620,620
621,621
622,622
623,623
624,624
625,625
626,626
627,627
628,628
629,629
630,630
631,631
632,632
633,633
634,634
635,635
636,636
637,637
638,638
639,639
640,640
641,641
642,642
643,643
644,644
645,645
646,646
647,647
648,648
649,649
650,650
651,651
652,652
653,653
654,654
655,655
656,656
657,657
658,658
659,659
660,660
661,661
662,662
663,663
664,664
665,665
666,666
667,667
668,668
669,669
670,670
671,671
672,672
673,673
674,674
675,675
676,676
677,677
678,678
679,679
680,680
681,681
682,682
683,683
684,684
685,685
686,686
687,687
688,688
689,689
690,690
691,691
692,692
693,693
694,694
695,695
696,696
697,697
698,698
699,699
700,700
701,701
702,702
703,703
704,704
705,705
706,706
707,707
708,708
709,709
710,710
711,711
712,712
713,713
714,714
715,715
716,716
717,717
718,718
719,719
720,720
721,721
722,722
723,723
724,724
725,725
726,726
727,727
728,728
729,729
730,730
731,731
732,732
733,733
734,734
735,735
736,736
737,737
738,738
739,739
740,740
741,741
742,742
743,743
744,744
745,745
746,746
747,747
748,748
749,749
750,750
751,751
752,752
753,753
754,754
755,755
756,756
757,757
758,758
759,759
760,760
761,761
762,762
763,763
764,764
765,765
766,766
767,767
768,768
769,769
770,770
771,771
772,772
773,773
774,774
775,775
776,776
777,777
778,778
779,779
780,780
781,781
782,782
783,783
784,784
785,785
786,786
787,787
788,788
789,789
790,790
791,791
792,792
793,793
794,794
795,795
796,796
797,797
798,798
799,799
800,800
801,801
802,802
803,803
804,804
805,805
806,806
807,807
808,808
809,809
810,810
811,811
812,812
813,813
814,814
815,815
816,816
817,817
818,818
819,819
820,820
821,821
822,822
823,823
824,824
825,825
826,826
827,827
828,828
829,829
830,830
831,831
832,832
833,833
834,834
835,835
836,836
837,837
838,838
839,839
840,840
841,841
842,842
843,843
844,844
845,845
846,846
847,847
848,848
849,849
850,850
851,851
852,852
853,853
854,854
855,855
856,856
857,857
858,858
859,859
860,860
861,861
862,862
863,863
864,864
865,865
866,866
867,867
868,868
869,869
870,870
871,871
872,872
873,873
874,874
875,875
876,876
877,877
878,878
879,879
880,880
881,881
882,882
883,883
884,884
885,885
886,886
887,887
888,888
889,889
890,890
891,891
892,892
893,893
894,894
895,895
896,896
897,897
898,898
899,899
900,900
901,901
902,902
903,903
904,904
905,905
906,906
907,907
908,908
909,909
910,910
911,911
912,912
913,913
914,914
915,915
916,916
917,917
918,918
919,919
920,920
921,921
922,922
923,923
924,924
925,925
926,926
927,927
928,928
929,929
930,930
931,931
932,932
933,933
934,934
935,935
936,936
937,937
938,938
939,939
940,940
941,941
942,942
943,943
944,944
945,945
946,946
947,947
948,948
949,949
950,950
951,951
952,952
953,953
954,954
955,955
956,956
957,957
958,958
959,959
960,960
961,961
962,962
963,963
964,964
965,965
966,966
967,967
968,968
969,969
970,970
971,971
972,972
973,973
974,974
975,975
976,976
977,977
978,978
979,979
980,980
981,981
982,982
983,983
984,984
985,985
986,986
987,987
988,988
989,989
990,990
991,991
992,992
993,993
994,994
995,995
996,996
997,997
998,998
999,999
1000,1000
1001,1001
1002,1002
1003,1003
1004,1004
1005,1005
1006,1006
1007,1007
1008,1008
1009,1009
1010,1010
1011,1011
1012,1012
1013,1013
1014,1014
1015,1015
1016,1016
1017,1017
1018,1018
1019,1019
1020,1020
1021,1021
1022,1022
1023,1023

642,0;198,1.9221960867761598;916,0.9496979756321703;871,2.8419389205691385;29,3.2940908240115236;852,3.750989250889661;3,7.368004616477009
1012,0;691,0.33971953832990426;972,0.3098242730481609;888,2.217901371388846;246,0.8606721741553662;754,0.42801502046066914;516,2.085158087172565
365,0;636,2.5217904503898056
146,0;202,0.19969313642853515;161,0.46734996261137657
188,0;600,3.4295376868899963;391,0.1030890850838565
832,0;657,0.3312772509172213
635,0;656,0.696471832549861;215,1.5445746484757414
284,0;209,0.9380119196183201;775,3.164441944371744
128,0;102,1.855973109740556;747,2.965442504117039;513,5.242739931429375
165,0;488,1.4933626860939357;141,2.1684130637071783
189,0;619,0.22862949290807622;295,0.9988050328345885;827,1.9926444965433552;709,2.5485403199072887;485,2.228488257707878;318,2.2619364168394336;174,2.9454020307633115;578,4.616722045604922;49,5.468759800287804
261,0;921,0.6727761900670862;1,0.6689631583281911
396,0;535,3.5250428808341594;670,5.763789298094926;223,6.196479824716151;292,8.339819941777243;791,8.468608997957837
539,0;587,0.528436554535163;702,1.3522807779605643;983,0.8408607621851488;510,1.5604564841958626;622,0.8035210524314691;616,2.4352643695691407;61,1.4059580729485857;360,2.0546051535383114;421,1.6976800886343393;482,1.952956420978385;797,2.24580390558296;850,3.2532496061114635;234,2.453560229253526;888,3.408602645315235;780,4.37590181444608;598,4.734386598084178;49,5.196303430955143
644,0;560,0.49135417713523993
309,0;897,1.821681533241164;225,2.6394716131578746;857,3.407350431894659;636,4.136040352647079;847,5.389320661771296;903,7.15347316499653
201,0;844,0.23211818938100773
932,0;666,1.0181783006697056;174,4.773746031217696
187,0;636,0.7234123988922737;918,0.5179331699853656;847,1.3978529516334395;903,8.003073561870421
944,0;521,0.32662365552461087;648,0.5461000639794653;536,0.6305170025423149;47,2.0370970766074814;292,0.9186678556013252;279,4.696231393603511;749,5.2004341705921835;781,5.8619750981427154;365,6.379203581042602;103,6.343527202600647;51,6.271489558677468;224,8.013498819034947;636,7.024608709725767
792,0;515,0.14408542547858208;523,0.23551018166725532;609,1.0526954563457291
939,0;718,0.308031090975159;931,0.774257141512405;986,1.1772351221738708;254,3.0422757325189074;136,1.9378248216470522;72,2.9645635678257705;169,3.166018922054781;385,3.8644444513696543;313,3.213548899029175;249,3.397699732468153;435,4.054404110862133;806,5.930160382561002;322,5.633247236356022;616,3.3977489775907688;152,4.255200702911228;234,5.63117709767168;876,6.1916696602303745;780,6.477595500467959;416,6.919476044016504
845,0;628,0.421474873254221;531,0.43265301303105363;515,1.8904523267991389;600,1.4877336912360808;561,1.7629892670595493;62,0.5154817358552903;443,1.4327346414154118;352,1.9237036126015121;812,1.8423570342108802;117,3.3115299873288215;376,4.118410942741455;664,4.567444872401965
982,0;10,0.34592352875507854;73,0.6456966715570986
941,0;278,1.261512419928515
857,0;636,2.1278545548217758;847,2.841281303800004;903,2.8505126434788473;704,3.5218697543698383
286,0;378,0.04970098041391602;639,0.5130496646847394;334,0.3903111499364135;911,0.9847833306744479
887,0;566,1.5791565740981395;989,1.6881634158277745;271,3.618082595282858
805,0;657,0.23976022043968398
870,0;7,0.3809529232015267
931,0;364,1.0415275217531972;254,0.28546445381931884;295,1.0685119960756013;781,1.0453011343544978;103,5.668356606367857;343,4.147275466348391;858,2.338755883956366;709,1.1381578077647374;580,3.3856919819400577;577,4.183042229614852
48,0;624,0.03797372844665833
576,0;86,0.902416110518212
1006,0;150,1.6938680446881988;442,2.6553545706986044;752,4.080478218369364
149,0;510,1.7152132454357736;478,2.323595394674094;484,2.784577934921241;805,2.5234702033633654;605,4.159179030848776;970,2.7276611326358906;497,3.9284979017284396;85,5.169507708110496
848,0;637,1.122679320238839
485,0;762,0.472445667864242
840,0;20,0.5217672946364901;139,1.7848730932326358;323,0.48889015861301505;29,0.5413984097713964;328,2.9096619327087136;721,2.983598010054191;404,5.110054843140758;831,3.278479178761071;93,5.717756151938808;305,6.2930010896380875;295,6.223291450061465;827,6.861135231931117;709,6.779585941664145;308,6.970086623891369;485,7.904041202998279;762,9.55934548562482;475,13.312573080662865;995,13.569000890741622
490,0;530,0.048099952020252336;721,1.436077827345079
635,0;656,0.5298590509338775
987,0;382,0.2586833994153273;925,0.5586994340197582;869,1.1875683916325717;718,1.6851036827424801;986,3.765643783152389;136,4.050682025737378;72,5.646249646001215
179,0;424,1.019607265938286;572,1.7646352561841396;149,1.9297396112395058;282,2.2354039154923866;510,2.465389799527198;605,3.4976723847008353
998,0;447,0.1212374943867782
162,0;743,0.39513863724560633;684,1.7333299957991595;853,0.6043501461570797;401,1.4250393046045216
406,0;210,0.4399837012467318;559,1.5295432515043978;159,0.48795983153874056;972,1.9591341809759397;48,1.0863699756277994;624,1.715415395219439
160,0;708,0.8714586782166158;327,0.9851307702665931;871,0.9425869725964618;29,1.9105658044108358;993,4.211946906394178;580,4.51325304267184;944,5.6458324336741965;648,8.393911767047458;152,12.982549227600185
952,0;672,0.19540757393406524
677,0;443,0.25160935804509593;900,1.296849163445131
294,0;517,0.3803056104048634;212,0.49455688410370274;19,0.5184913757595834
64,0;873,1.1340319476463223;129,3.4639959668605194;745,4.532409295992657;642,5.577025330362692;510,9.488583708348141;916,5.725064415766913
694,0;1005,1.7011298256390994;622,0.002876526668344306;65,2.626246284679736;356,2.250703941137075;86,3.369741421599981
910,0;313,0.5010942267676503
627,0;208,3.5111307189708563;1001,0.13118364894884318
1,0;906,0.5992773042071121;359,1.6514559507022946;892,1.6755688920828091;244,2.0906517416878225;318,1.8348118230379273;330,1.975928737254048;486,3.661231705168725;174,2.642727334393918;187,2.916272585583779;791,2.260193819033204;189,6.6527982644672115;790,4.226481389017156;636,3.081174078925839;918,3.3362796345488164;2,5.437998923962107;509,4.200165757877942;533,4.708853566705471;744,5.455794845493018;619,8.232397989126005
626,0;412,0.048462610786859844;287,0.08984734323422794;536,0.7099443834259179
625,0;968,0.9203600693371566
802,0;112,1.8194691486033894;232,2.2845758439313206;707,2.2979033986486757;991,2.3292128722197347;24,2.3828668289073116;493,4.6840860921924055;810,2.8569846069423956
231,0;838,0.9932603213227712
531,0;600,3.6703635089231677;561,0.5297759919921362;898,1.8196861147324366;62,0.38102958411684845;352,0.6431076808563918;620,0.5046712111971184;430,3.2586677157639867;247,1.102903130568605;438,1.1964179081821493;2,3.104049450314189
807,0;287,1.0939508029163243;915,0.4609717697831984;959,2.7545583546660457;319,2.58600939605149;332,0.5504141473984948;84,0.5211692531594648;779,2.5459820972954565;991,0.657226910187682;760,1.1505352068199168;24,1.2193310406157276;493,1.470738157738376;536,1.6680433172088505;588,2.5801096184668166;521,1.2777478139896392;513,1.8946605405864168;73,1.8055592739568596;799,3.3965742240292442;394,2.6525959576592513;917,2.745445023807022;234,3.061741347227179;19,2.9298450978344803;780,3.5617031935998664;869,4.858412185153618;416,3.6484448901702975
722,0;825,0.09031348273651857;594,1.2166972923948347;554,1.303095704022552
749,0;365,0.0987260769958331
43,0;229,0.011739843201180518;214,0.9128707860256242;222,1.5049707967768822
301,0;635,1.1699280088731439;656,4.248950190169545
762,0;475,4.2587473062812045
402,0;199,0.03321404289438496;282,2.2451829125891463
500,0;260,2.40196121156308
643,0;980,2.482310017380116
641,0;352,0.12391705856194882;117,1.2711155742962577;438,0.18769295449093082;718,0.80066718523759;879,2.358934938640066;1019,2.7054083410512044
324,0;438,1.1541818120609209;718,3.2120644661394797;986,3.320250283073923;136,5.29031910474728
834,0;876,1.1322279290478485;729,0.5141531060930175;443,0.7496350112886307;900,0.8217072949404668;409,0.9918284303071941
221,0;975,1.5751266899752414
166,0;860,0.09007024589879985
686,0;463,0.5255329694684862;31,0.2459945307665949
303,0;501,2.568029109591454;708,2.720626510402982;1010,3.0692169213743545;871,3.6340109648274783;29,3.856114283589793;852,4.352047982983941;572,4.702417744374653;149,5.799321396239801;282,5.19721365095601;510,6.235828933582818
328,0;721,0.4493943044208718;581,1.0043249598977102;896,1.1678298547663852
54,0;405,0.05546092240642189;253,0.04107573885377806
105,0;721,0.7987791198774273
111,0;167,1.6941791129778185;506,0.39299529287112017;272,0.8021490296254068;505,4.8993810493644805;672,1.795748877932345;126,5.160602878934008;211,5.383780382010436;990,6.721205932656936;460,7.498453304193701;875,6.837914913532447;826,6.859047396123139;162,6.928972344278602;341,7.713308996520193;500,7.744138042859803;128,8.47926863236993;559,9.373423905261582;743,9.978856205399133;955,7.033447426001089;240,7.121992593802958;102,8.673433229063171;747,9.473066838415303;141,9.56722990268848;853,10.703786277463992;979,10.854538992760302;307,10.933504675523873
584,0;602,0.6060374603183513;726,0.7561888691678099
933,0;402,1.369374589664418
163,0;32,1.1670884679094544;269,2.173071553338602;693,2.260769221937039
882,0;74,1.784163816599537;672,0.223578171505676
590,0;693,0.4068051358600634;982,1.2207219477754894;931,0.4397538989262276;269,2.7600359328616344;364,0.7166946570437204;781,0.8020699183750221;10,1.6436416639037859;73,3.0532010438395925
993,0;328,0.5161523966080868;944,1.3866688034758197;858,3.422359652935021;726,2.3686745669658142
678,0;360,0.029936905074140888
499,0;488,1.162425962651071;433,1.4428982487040638;830,1.5406761569810856;141,1.6084952040919518;574,1.6548883290080425;943,4.199061561795654
576,0;86,0.8962811433879648;18,0.9499663506036596
650,0;499,0.2897248293241391;119,0.549607542155739;488,3.6916779726075246;540,0.5797119944224528;639,0.6410470286882788;929,1.1488096656816211;911,2.12176697462764;857,2.3906568400518813;636,2.8610929468891366;830,4.177391092725981
139,0;911,1.1812663910251893;194,0.675661362853276
473,0;203,1.0693391575377245
326,0;364,0.5236086615883185;295,2.5077929738084856;343,3.1685606195956986;858,2.6044239301367478;827,3.416992953585389
103,0;224,2.0113844360251463
549,0;256,0.1455796244846369
988,0;557,0.10090120879563666;88,1.3268937422184728;752,1.7184391076978585;1017,0.5614231670660742;950,1.7015429913985751;245,6.596312995515338;153,1.872559054891712;399,2.48924359827624;510,7.149942937912191
364,0;295,0.3354518443814611;781,0.9611493385594817;827,1.400834855686542;709,1.1231695733416758
1006,0;150,0.009316248790990942
356,0;256,1.085358384012166
64,0;873,3.041640827648867
739,0;610,0.18429471626026786;81,0.7951951482975294;375,0.9314899091518337;913,1.6561053457746842;429,2.19805992276832;123,2.1928215571314604
434,0;166,1.3861881809002357
530,0;721,2.993806461012895;581,3.410242307765705
974,0;914,0.020046480246338837;512,0.7280022710242926;479,0.3561201634247481;167,1.6731528502365043;728,0.8022042161598124;672,4.387270542164285
687,0;486,0.47726981603116037
61,0;482,2.0228357991345436;850,2.8058578968668844;115,2.459636191756046;840,3.3034489151265336;473,3.738356028206698;572,3.456392602965134;149,4.44942926963044;513,3.8000671055594655;203,6.3102041195450465
129,0;745,0.9783703653959136;195,0.47968613564254137;510,1.4365161515066247
45,0;801,0.7492901810998258;397,3.7732613515200324;335,2.1744639843124993;256,2.5950303426650656;618,2.6020537833262973;195,2.995331786848203
722,0;57,0.44791750655595025;99,0.5639698694879537;298,0.7649122517455448;318,0.578823057008722;174,1.6152545605702102;570,1.6854388647705238;189,4.003963590901471;734,4.995507760177017;295,5.362912551652714;858,5.545368416409818;827,5.4560228351998115
274,0;516,1.7510271976623089;996,3.9777731800424703
811,0;778,0.08612477043532583
105,0;789,0.6313017226160206;721,0.24163810674765634
332,0;507,0.4707489236905208;337,1.2928510350056674;435,4.566136191372901;133,4.909277130803389;285,4.927547790538117;190,5.183708587125351;533,7.562496845401335
520,0;980,0.8613701685007419
301,0;635,1.5085175227128493;656,1.976613361391412
979,0;307,0.3037847134552158;508,0.4159207041665446;194,0.7736508498639532;337,0.4615522862952679
505,0;126,1.6470175718131952
821,0;483,0.18613435629814712
330,0;735,2.564377874265485;187,1.6894615197293399;918,1.7045436721424938;512,3.0910365365009356;611,3.1616816490312516
809,0;297,0.5956177906804978;111,0.36847410091870475;167,4.598582236180447;506,3.0498583862688706;259,1.6853712891182484;272,3.4427249215837348;505,4.362656858755571;126,5.061038206691408;672,6.058072398187235;791,7.623851678906124
571,0;315,0.06600285883172849
900,0;409,0.5490846415628869
264,0;58,0.7416781903555649;727,1.3718308354010795;67,0.826059952369764;189,0.9693296900432797;447,0.9320354023039141;734,1.4176812904796237
1006,0;150,1.4493434491005486
187,0;636,1.918375349907161;918,0.8671061329958695
979,0;307,2.8246837975454646;508,2.962962795843837;811,3.2317388691257967;778,3.2648086456278285
256,0;618,1.2846112557181069;195,1.3289008483882288
372,0;783,1.4223661619556849;499,0.6457619103726645;488,0.764575261550458;433,1.1683497332272959;830,0.9237498277691577;943,3.123788293564139
293,0;840,0.11983987476504171;686,1.3862309848879653;20,0.8930029592387849;139,1.590482684081098;323,1.0308034757207207;29,2.207816878179843;328,0.9601278591154607;721,1.3666409556500394;404,3.1624553565240863;831,3.6772195994496526;974,3.593712853709923;852,2.287120833975028;3,4.323006562962165;914,3.6980469330759123;512,4.932985224565842;479,3.6261803990973496;647,3.811926779066201;314,3.82584323313999;167,11.250055277600206;195,4.947821592402729;143,4.866847011174144;151,5.468089030679518;671,5.766968119397684;452,5.797305267096626;38,11.65044724128606
961,0;493,0.6587339990405002;799,1.2592999388645372
274,0;516,0.9783788249851777;996,2.4446379202319055;971,0.17525216720226755;225,0.185588415080855
322,0;474,1.3511573584316325;935,2.0114370619089916;898,2.253013544146522;377,4.452748987614955;571,4.640441319853121;315,6.357876753654851
185,0;639,0.7673243407655748;911,2.191913564159516
129,0;195,0.18844687596962106
24,0;73,0.17616055804915967
1016,0;193,1.721510794516703
820,0;703,0.424915158216634;618,0.3948686083014052;912,0.8209262270230595;195,1.1134430422528458
839,0;37,0.2642546347909127
358,0;4,0.048653527288674954;153,1.019918460262423
56,0;482,0.27035101046997356;850,1.3011369587718216;598,1.4436236155492919;840,2.7757809284035666;49,1.450095420975125;485,1.5772368448136855;318,2.7925963043273585;473,3.5004741029792843;139,5.300418744405256;203,3.8954536082939946;678,3.9258254629990965;350,4.470919233184586;360,5.277656494516133;474,6.480057381411511;169,4.924494393290888;806,5.397021656424468;911,5.700769926788221;935,7.766465043704028
459,0;413,1.393078728550998;994,1.5805800965226138;416,5.482754171107507;64,7.950196186615626;873,9.717455762533469;129,10.086332727322977
108,0;693,0.012423529174678028;242,0.3379339735519934;931,1.935677116939609;254,2.4574228935817906
779,0;917,0.5566058795319188
628,0;201,0.6245123312048454;844,0.7248206947776628
244,0;185,0.08477757652409405
182,0;91,0.9579034898613082;373,0.20855045984925155;35,1.6264369172118274;19,2.555883300212954;944,2.04798489281796;237,1.9750060702427368;731,2.294641005760314;521,3.142481296201738
775,0;21,1.0036674286120322
106,0;622,0.857466697489584
207,0;801,0.5011428837644017
991,0;24,0.010593411720794423;552,0.2641360151615278
804,0;103,1.7473000303683894;224,2.76879048121099
543,0;908,0.049564392502223865;657,0.5343097738695737
458,0;797,0.6535741875504442
894,0;486,0.8349857333278776;2,1.0576259819134761;562,1.2453858337892962;744,2.847305428912856;67,1.2562157083738397;447,1.598454709193349
623,0;998,0.9841578423973891;210,1.2804704179703232;499,1.0063306264943925;1005,1.0334186670175007;531,0.8525922658815644;472,0.8179373034946593;745,2.1790593078388536;97,0.9816454050221408;179,5.011193456269754;600,2.005442582838017;62,2.3786447962477566;907,1.320020752904807;119,1.1468964051443584;488,1.442989580693688;65,1.0562108139730633;955,4.4573953611704535;159,3.1051325108659773;835,3.283483177328601;433,2.210694471076163;642,2.597143491952226;597,3.5830949159029384;710,2.779055887609192;916,3.4275089715435723;965,3.417135329371382;725,3.1578742295228808;48,4.073025877882832;31,4.642400520595815;638,4.8502754566164095;172,5.321780037119728;95,4.0845240096299795;840,6.247102913042845;624,6.685651918893759;797,5.339708984080182;424,5.649946655933084;326,6.773672840832237;382,5.42326292076609;572,6.611684613037155;473,6.2737445712488356;139,7.487989878255165;323,7.588743392672213;678,6.476408195800607;360,7.430771566905336;169,10.662465227547848;789,7.903396310107154;814,8.509071043091685;974,7.735395121392978;647,9.059228339243536;806,10.737623510548568;578,11.270416918946685
807,0;287,1.9821683563789316;536,2.925545555745888;292,3.181562683546959;279,6.338020153123184
527,0;733,2.272900915487845;114,0.8585926184421013;924,1.4817903529000378;539,2.4456605413492962;587,2.7568801657950677;428,2.7352126723879255;240,5.27693391893557;187,3.324393698861403;778,3.0498112154964643;241,3.936695881968176;510,3.094373202905207;622,3.3709661570263694;636,3.60668003040489;918,3.792685645617115;365,4.192063382792581;738,4.205798611591381;274,4.517008169475536;58,8.313888592064599;745,4.833806464810377;516,6.709023138645228;996,5.002537862451954;998,8.316794487498333;727,9.959813195842896;189,8.61917573665614;447,8.756607170883086;907,8.598084271689931;734,10.866471808835092;295,10.222552159091073;343,10.960644930760973;813,10.892467261133465;912,11.065853451775036;792,15.12207734302228;1009,11.525499521771073;864,13.253887370292707;36,14.331608532842722;105,17.56905053008236;238,14.501006735789923;515,15.68527280808876;523,15.468896592555431
523,0;609,2.0930474635928453
100,0;629,0.0072215361737649
756,0;411,0.1931822020036859
16,0;650,0.21517833380056497;1010,4.116264697367764;735,1.297685326961062;499,0.2972816069588694;488,1.1091815701958772;141,2.6301107873862537;512,2.1594306110023886;728,2.413578856668316;611,2.7583774612681022;251,2.76212662264049;895,3.7167184148442596
692,0;880,0.4765077392766925
209,0;710,1.052806008797998;22,2.8835536416390433;965,2.4834623872839945
80,0;364,0.06979779428133234
663,0;500,0.4400106124261716
245,0;510,0.26441955949481405;478,0.479874480272709;664,2.133979922583475;484,1.841019627115559;497,2.292554371733366
722,0;825,2.1771151039021754;594,3.3984853411286897;554,2.537681704375431
199,0;282,0.12692951419035067
747,0;513,0.3905559176550515
809,0;297,0.16266890941213571;111,1.0099015297146652;167,1.7874525127651357;506,1.407683529343429;38,2.568370169922325
994,0;516,1.665578763544037
1015,0;1007,0.6703862190927633;764,1.9701612787484934;220,0.09367260031602048
97,0;782,0.03389335423655935
492,0;213,0.445405392864904;852,0.8778429609807293;3,1.235910731029971;572,1.4759173175645888;149,1.6515276498858567;510,2.3958644975479455
996,0;838,1.467255939670672;709,1.4904195560244746
416,0;64,0.09167494824896094;873,0.6608183018994848
506,0;272,1.992992174565758
900,0;409,0.22415277010892062
82,0;633,0.5591352691077472;458,0.5694710591959197;124,2.7334300442587813;797,0.8393853493133084;582,3.7215367054574027
229,0;47,0.7571219478811823;749,2.151803388077277;629,1.9991257490455197
36,0;105,0.221357213181187;238,0.26287418606201507;789,0.3215053068518456;721,0.31359529859035634;611,2.099761038964775;895,2.555080364872603
43,0;787,0.722925589900739;98,1.2956453975972955
985,0;728,0.6877268497044752
264,0;983,0.0733386489114626;405,1.0991853086629573;61,0.7862260407751881;668,1.8767407183245122;798,3.525259840823798;1005,1.9150002867706886
69,0;449,0.6842477468834367;251,5.488834588978111;802,6.1203713050897095;264,7.8365840901327415;112,6.482721014510567
783,0;489,0.3395703740111863;782,0.4220971246655798
826,0;500,0.5591246542260796
708,0;1010,1.7654534277654894;871,0.3688265494456991
453,0;681,1.69813792013033;840,0.6807210222819018;20,1.0038634508072815;572,1.1814076546971026;323,0.8852176623430247;282,1.4095111244405822;650,2.085391111302814;256,4.078899270446023;937,2.2051140266410236;618,4.209368997900255;195,5.266009751159893
817,0;175,0.02292828406822722
640,0;658,0.3103781077594127
635,0;656,0.5066904281982274;215,1.2831868317031385
837,0;855,0.1495769885915232;420,0.11210714666385921
713,0;402,0.04761175759518768;956,0.9003068084229352;199,0.3577368458605331;60,5.08966869848924;319,0.49826521025662524;282,2.344691783772859;234,1.656487432182865;19,1.1740587976447527;846,1.3641238573301524;888,2.4933525611650644;78,2.557069380738946;947,3.0507410244260806;696,2.6339762934322213;841,2.8451180661306394;494,5.717997399562552;212,5.267554000234207
939,0;718,2.1492288399837336
427,0;740,0.25223117040124854;729,0.8059410115295389;45,0.985383928653319;443,1.102291235097481;801,1.016680705499366;335,1.1781982493503909;948,2.5342429347824584;750,1.1949236709405568;900,3.0527726184660517;812,2.5355276988993483;290,2.8679779636862333;570,3.258102977841934;204,4.876647902769877;400,3.3488666679055554;470,3.5432539576413626;430,6.391608715946218;157,4.227248505390351;670,4.328176604290606;223,5.7040909146975345;990,4.92003084045393;871,5.127467493681232;125,9.403590163783612;875,5.2056402544285625;29,7.169713292259235;675,5.240945562778172;162,5.77694691055098;355,7.592666549125465;292,6.020061435462772;559,6.042266728020792;565,6.244691712707922;240,6.010049860609422;279,6.192017694959065;791,6.380971386521812;131,9.616276907416653;72,10.139888580418575;741,10.29484530415372;537,11.575657219685814
605,0;85,0.04351530194528996
510,0;478,0.05951148253424676;664,2.9765122916985605;805,0.5666308871990337;605,0.34986192540626093;85,2.1923046437660614;657,1.283435471920802
926,0;677,0.3650053007878544
940,0;455,0.6612907886145886;892,2.7500714753370707;330,3.074620104302358;486,4.632169807344839;735,3.3757039339109345;906,5.066279505128939;2,5.355947299057213;509,5.856930855415265;592,5.189937406311305;359,5.3703088070455225;304,6.3276308388573685;244,6.359839717539128;318,5.622485032597823;174,6.057325778527331;741,6.7173258157456415;570,6.421224112708018;189,6.869412842372263;790,7.6000448253336925;578,6.9463591361469375;668,7.7926224274899;791,7.315137295187184;619,7.364801372102273;295,7.04282638890011;49,7.355317354154793;343,7.315247863303311;827,7.564491655004599;577,9.442860791277203;485,8.000996262883303;533,8.276868775535789;762,10.057577679565895;62,8.89506636146011;352,10.108544679865993;620,9.464499698299557;650,11.479868828940482;944,10.212922078574874;475,10.315228110546165;117,10.446243523686297;438,10.888270730442166;376,12.402531650929763;521,10.506975404158762;858,10.323524742368502;995,10.919963453240815;580,11.570459237831123;879,10.668664665893706;718,13.374713416377201;664,12.761808332473608;986,16.356190091019545;861,16.63881285043304
623,0;998,0.5086114225540583;499,3.117604890879554;447,0.7699196390873481
395,0;745,1.3042337609425365;656,0.5206963642142773
720,0;407,2.0902435587199504;932,0.5045376068268725;345,1.6185982853353098;666,0.6234774962152766
275,0;114,0.057124612369862944
583,0;931,0.37769250019036166;364,0.5497309554008794
799,0;869,0.29055579816224153
898,0;2,1.4370755552559378
1005,0;65,1.3435058976779084
49,0;360,0.49517842704557735
179,0;424,1.284909943695669;66,2.020117168555781
490,0;530,3.01318437691415;721,4.067206189042078;581,5.3478346958877125;896,7.333411234807062
994,0;516,1.1734477363161695
402,0;956,0.6368887584957228;199,0.18977304411168808;319,0.5374527576997268;282,1.705682336883795;356,0.6425171410631518;221,2.2141791195770173;86,0.7301822660822258;975,3.2250605523121116;861,3.9155797576393687;524,4.335130756223422
193,0;456,0.411464050480434
169,0;435,1.5449097029791852;234,1.8196195456362838;285,6.728588659801643;78,2.1821776747218125;841,4.276423287725132;533,7.48243021814273
59,0;985,3.5463002635479275;564,2.3087513149421715;52,0.4187045721797711;654,0.4957297963933928;71,3.0717683512509115;247,4.581121334479693;589,3.7311167026593575
1005,0;65,0.1643762651944409
304,0;668,0.20775695649355153;578,0.22148736279567885;49,1.061212922590061
909,0;496,0.907384833973969
144,0;622,1.6144434226490134
625,0;968,0.37261846086050476;608,1.1341718717600595;973,2.345177551836665;249,2.637979798585053;1010,2.956622754976613;322,2.8334439400783307;474,2.996734052584885;483,4.942077803031724;427,3.135661164293947;740,3.1369327185656823;979,5.236187406524156;307,5.746483864119927
885,0;267,0.3999541508178797;270,2.273154745645251;219,2.442661703471273
541,0;861,1.2485490063464582
1018,0;290,0.004080408954053214;504,1.6707494770573206;986,5.368638920310872;136,5.598619594127126;72,6.02551996342798
847,0;903,0.3230152545875463;704,0.7262926589135756;65,1.38318864950985;600,0.9120102840788232
905,0;965,1.4541295221617025;223,1.579134074097279;422,1.468385721289294;172,1.7064760104011416;203,1.5216139333895244;350,1.720292911093779;292,1.9940239470473675;326,2.304946287874347;382,2.7533236723531758;869,4.007761245931512
450,0;311,0.4170964948948761;427,3.0041157494726445;504,1.261991486716958;840,0.4534735527799946;473,1.8066855004506392;20,0.7977532314439708;572,1.1489094484817253;139,1.3790380810124903;323,1.4521738844851724;770,1.5577103813823836;911,2.7744365003633717;102,5.192862857177211;70,1.726546874539316;518,2.6524429092162585;203,2.6557585748734494;396,3.365455985538773;350,3.8494748963644545;535,4.724865283727638;670,6.096906131886609;839,4.807613013989729;37,4.870250807960612;223,6.387792100166857;292,7.746180653288823
450,0;311,2.238408098555691;504,2.4130662698680014;770,2.783691819331229
826,0;341,2.429115260704393
400,0;470,0.1755141387943307;430,3.2274470011274374
435,0;133,1.9175499741740099;285,0.2894808973340698;384,4.252844674474288;26,4.581951794000228;677,4.68809933094664
631,0;34,5.196350725097219
974,0;512,0.3161582386741227;479,1.606286005406149;647,0.5976421928901821;728,0.8978593933697037;314,2.0920084973905877;143,2.5375597416312154
745,0;642,1.2164134489264655;198,1.4880542644584882;916,2.356250455455265
123,0;999,1.6031666083595533
142,0;902,1.5285330032827078;515,0.1512480658615264;430,0.005563340431646615
106,0;422,3.3838011235106062
229,0;214,1.3285470585276975;222,0.38523545760690425;876,1.8643124382970973
952,0;596,2.190290103057633
126,0;791,0.253647980535887
72,0;385,1.124479378166738;875,1.5927547138627398;920,2.8101965092517;675,2.452422743405668;826,2.344255800103309;355,2.054381600610803;500,3.217696748207362;531,2.8000860341995164;561,4.202111935497658;898,4.212901144867261;443,4.66810022962406;342,3.1198137280163944;748,3.2480323464602536;528,3.604773938542703;468,3.316260137534298;260,3.6205687354733893;900,5.08735544426707;812,4.679095463709466;81,4.781483139273046;400,5.192476230711752;375,5.503840165796543;470,5.272621491858197;430,5.523611874499405;780,7.096564221214653;394,7.529586391564781
909,0;488,0.39213441514056724;433,1.4252392459300642;141,1.6047754289328842
78,0;696,3.9879666228953745
369,0;485,1.304304889627604;318,1.9135368645972333;762,3.8352353259025262;475,5.779083286787239;995,5.921340892941023
494,0;738,2.0899888810398806;918,2.204262808177607;461,2.181827569985985;58,4.4224961182236;745,3.824738884535618;734,2.143292122711389;37,2.211250578413306;728,2.281452808580974;642,4.2544771741790255;510,4.3277098949836095;916,4.689584934248907;998,5.321911989357071;727,5.467289440494209;189,4.747107688505723;907,7.174895409114326
803,0;847,1.662347401203834;704,2.1438170465342172;600,2.1897753509264186
313,0;594,0.25311404142960375;405,0.5284264616369792;668,2.8413510356591463;1005,0.806092062260775;356,2.2424315727252124;256,4.047296485273051;578,2.8434917918170823;49,4.237160200247411;618,4.34479371067179;195,4.381375281050527
100,0;629,0.8525971693492228
234,0;78,0.09847888617042129;876,0.7093616076081602;696,0.4648652533205294;841,0.7376907758755493
111,0;167,1.735371692390294;672,3.7412105803764186;38,1.8019367661899721
683,0;250,2.908656279120835
586,0;583,2.4548749675463184;159,0.20459306083990497;48,1.4237166847477003;95,4.7280802201268735
17,0;862,1.3955367273791357
772,0;729,2.313221419669637;146,4.0949915296108905;202,4.304934111752861;161,4.127408235478921;170,4.28132647300491;837,6.000837695572823;741,8.649868389382107
268,0;284,3.177359065373393;98,2.380867498615755;209,5.311015163914859;710,8.59748664450902;965,12.643457754557685;5,10.30755576181166;402,10.789375504897817;956,13.50225361671592;846,14.35271583424261;356,15.64583641422744;221,17.747899206592454;256,15.742240870830893;86,16.17939021341425
709,0;308,0.2387021238907857;824,2.8399295711841392;689,4.050613279170747
928,0;1017,1.9620903002715535;344,1.7168357249538062;834,3.264555415134675;593,2.4913375746933375;876,4.1761229382116865;729,5.498402015883972
1013,0;408,0.3160682194851699;385,0.010396535315468886;875,0.4090520218220045;152,0.14673340705405127;350,0.6937801192758495;675,0.5980174283162265;355,0.49257919501761016;131,1.2546695888040778;727,1.0522509868950918;531,3.429429864674439;600,5.033801824925333;62,5.442958723538445;352,5.53253333200785;597,6.263722986923688;710,5.478256802478365;965,5.628456716536986;5,5.80214927140017;376,5.595323176012535;45,6.638513240962892;664,6.169234889560489;422,6.18119654504694;638,5.877268697767183;203,6.579023493566314;801,10.564295563315357;397,10.61658518490786;335,13.996402415763532;750,12.540095340888962;290,15.6760321551223;986,16.031834669142476;822,16.540146087842345;861,16.21697283097455;136,16.6306654885979;72,18.807095722759897;169,23.982015066120326;435,24.087037655338555;806,24.226801529204668;133,25.69294066858885;234,24.12084279703541;888,25.799044046919764;78,25.121138452547303;876,24.69257531521903;578,24.616808492891153;696,25.910019794715684;841,26.78331248473664;384,25.80918230945607;947,26.153902318702162;26,25.888675325896966
767,0;635,0.02027014324770444;656,0.9380452633973823;215,1.1793501550657477
746,0;40,0.19274074631840166
106,0;622,0.0904928089533073;422,0.47144349417929277
644,0;560,2.269871290735642
509,0;741,4.845557473263985;644,0.11716283404908347;560,2.75079702760175;48,4.913638454923371;955,6.681439020613639;840,5.737267899783116;624,4.968821374134678;473,5.756864852500599;20,6.047270249025536;323,8.042731707523798;203,6.122353689174072;678,8.17010979723608;29,6.697281966910826;328,6.135722133094943;350,6.6103543204444914;721,6.976911395089681;831,6.472772555966539;797,8.71780147288934;580,9.289565212844167;974,8.209977471588651;63,9.020327744603945;474,9.25280382925672;169,10.537892414247231;512,8.37046296404339;647,9.455232563261836;748,9.17229077670082;249,11.209031516162653;435,12.67321899394205;322,12.179404776477481;616,11.762664911460366;133,15.703168383159182;285,14.040142669507249;190,16.55970160056999
210,0;159,0.9089898039078469;972,0.19508246368500476;949,0.25614830078616574
781,0;51,0.6252636251278608
792,0;523,0.03386498525243039;609,0.7885132546426395;77,1.034167462187876
845,0;628,0.856658072767352;531,0.3945883521997627;561,0.8914794226357539;62,0.9992242725995772;515,0.9530562583847003;352,1.8278969695407454;597,1.5189368612791538;117,2.111593090132492;438,2.0401405920740032;376,2.6345474256621393;718,3.0780750684518585;879,2.223542654070802;1019,2.149662850870567;664,2.6544301790193514;986,3.492468864785421;861,3.5944135906219508;136,4.93943299723025;72,5.439487104964086;169,5.902679863893122;385,7.076879021276976;435,6.185841085677379;806,7.18703037558395;133,7.080222501391006;152,7.418373087522333;190,9.969419419507826;384,7.155206626075736;578,9.242329419379592;49,9.852208630000126;485,11.553401961417114;360,12.151406999853322;318,11.994355150601168;762,14.435710251364021
145,0;723,0.12975121047566418
712,0;410,0.3868714833063514;254,0.921689475020798;313,0.9571896586515237
882,0;74,0.24800830628037884;672,0.5465633446234587;497,1.484047753503162
928,0;1017,3.8499249461762868;998,0.6963995737176953;907,1.0642965757953613;950,5.128968044382115;834,4.080968639709031;593,5.432918441152105;876,5.961435582061754;729,4.392123607262307;146,4.648883173767443;153,5.58328546633653;100,6.148650742481962;629,6.705373669984593;157,8.148599089543332;670,9.766157748011956;223,10.794480139659054
162,0;128,1.3072292070138987;240,0.2062032434471086;102,2.1461665238852157;747,3.083090048373614;141,4.184415507964672
305,0;78,0.08097959331650363;696,1.3405195214123198;841,0.25231810124869447;494,0.5958314710273378
809,0;999,0.40457650553182967;111,0.5917432034109864
788,0;86,0.33761637032983044;705,0.10490362146366197;18,1.1638820386441107
577,0;883,1.060891307856165;421,1.4473596646605578
714,0;160,0.4833673029585092;708,1.3429605977893668;327,1.8591859877106238;871,1.5506285822967638
939,0;718,1.9484615571825397
137,0;889,2.110097781699985;873,2.113926656781926
800,0;1013,2.945950731455808;533,3.048187640293077;408,3.16087959115956;983,5.317161074115949;350,4.583888648428436
336,0;1,0.519496807813734;971,0.4728923454525128;735,2.0679521460392016;906,1.378468132529591
897,0;626,1.455749550268476
424,0;66,0.21822154344973474
575,0;236,1.2629478968306036;209,0.09498265341824613;189,2.312503018096155;734,5.665574879634811;731,6.307316824179582
1010,0;483,0.7636121065696303
805,0;970,0.18997073818832358
874,0;634,0.629248615305047
712,0;410,0.07392169138066197
823,0;475,4.596118776740187;996,0.2924931392622033
965,0;172,0.30981692027526503;382,0.4489790101235113;869,0.8735036114069423
102,0;747,2.6095463085161694
897,0;225,0.7831395559778;626,0.23624110882651395
839,0;469,1.8594622166247363;37,1.2530034600284736;160,1.9161269828490226;283,2.092260808583573
32,0;269,0.783447642245251
59,0;24,1.5348569335954836;810,1.5524668305627358
524,0;988,2.6025452575008967;88,2.6492660076957883;245,2.9239524629217835;510,3.395187846623689
445,0;809,1.137309728579797;297,1.676884482595331;999,1.406402168645238;111,1.6042045409599188;167,2.0094581360397816;672,2.4165371633998483;38,3.6299666861078976
108,0;693,0.9780723004293549;242,0.5105512275707633;824,1.47604291186519;269,3.1839856444167616
887,0;566,1.1417602495721741;989,1.1947444045217435;271,1.5368030733503746;206,1.1579559900835792
540,0;929,0.7710486563940443;857,2.8133811875002728;636,2.8910670020270373;847,3.2269879701329076
368,0;402,0.2612698667302299
108,0;693,1.471229072050033;120,4.150493969957735;242,1.6795059934418652;931,2.150842133401085;364,2.3713703288058294;254,4.308253158287531;781,2.901911153164549;651,4.4369066532753685;313,5.116503981646003;181,5.1135022784228115;135,5.48974051403256;594,5.3731109495037;405,6.6351165654671895;798,7.191400034989044;1005,9.08587075995325;339,7.351963353780427
650,0;499,1.507703561420555;119,2.982450429171604;540,3.1708190758409476;955,2.9980300437197034;797,3.888187239548862;639,4.355766596946808;433,5.16465166158968;911,4.479677739357087
685,0;370,2.3500179833459782
751,0;443,0.10701000535376468;900,0.33449282001530134;409,1.4466923877650273
46,0;812,0.35622400191920134;765,2.3355286146813308;81,0.5799534419369559;400,1.259580978789881;470,2.282339553283753;430,5.314579170874074
805,0;970,0.8916165876155108
909,0;488,0.08696390133811628;141,0.4236613813715748
547,0;157,0.32311289322296893;1003,0.3829856179686478;92,1.7932708321540431;612,1.1091205148872203
424,0;66,0.12104710387799816;572,0.2471320652843622;149,1.9643293737135303;513,0.29807438885056076;789,0.7753434849046574;510,2.412662971553819
236,0;975,1.849708451549148
293,0;686,0.6017195630068173;463,1.1926875821516183
743,0;684,0.04422372188199274
712,0;254,0.2580687065375592
191,0;694,0.4776473073122042;1005,1.1777819696792073;65,2.4835801095566876;356,1.7807295052771472;86,6.155393007398868
599,0;928,0.07506392008613512
599,0;590,1.522445981705989;693,1.5619264812098899;982,2.682465858468072;931,3.8665106826501225;254,4.165896553636432
562,0;67,2.284011324681467;878,2.9340867145227483;173,5.300849434939309;447,2.319262412335326;761,5.9128582986853795;297,6.740671495469608;726,7.470567116057422
93,0;24,0.22140896842664393;295,0.34979938953034556;343,1.153578387021195;827,0.8496170620150805;709,0.8124260183892191;485,1.1260589970654475;912,1.7118602276901362;577,2.5097487285263407;792,2.4858575616932974;1009,2.7829815382648038;515,2.502377387939757;523,2.628289142324097;883,4.878511700990393;864,4.616495499544183;365,2.8359058469365133;778,5.562910644676837
906,0;359,1.1628476839335924;892,1.3014028918908422;330,2.7998546107321864;486,3.3754385109993734;983,2.8613706911685157;735,3.768818423195691
37,0;728,1.2572451633189723
250,0;129,0.2432671769452318;745,0.8902537543383748;195,1.2855613193944202;642,1.6171327633467831;198,1.8851505175387513;871,2.949869870862873;29,3.1107323862048637;580,3.3637554721070355;852,4.18816553086508;3,4.7762295600752935;572,4.665048112877489;513,5.944809519912733;789,4.805738370640643
167,0;672,0.002736252351557245;38,1.3254008105161617;174,5.064094959239882;570,5.188661903698861;790,5.948724738528039
919,0;607,0.4662559320609346;458,0.5570824603243791;267,0.7876680653231269;124,1.1956765302699077;270,0.9063451571598774;219,1.2892798620842167
203,0;350,0.20567834680846825
505,0;126,0.016721489736063775
253,0;641,1.723584218433524
655,0;338,0.8326895127506934;498,0.7879588692698096;917,1.1715678426263003
763,0;490,2.1384754435651616;530,3.3475357359107214;745,2.4113283855058256;642,2.489949510792901;198,3.3523073555689806;916,2.6226591537380286
359,0;892,0.5196378488153687;330,0.938622530065975;187,2.078964113761714;918,5.109680327777048
891,0;145,0.5246670810300338;34,0.8672249216640957;539,1.2951726539092525;983,2.1134455808649384;405,2.2044872499901067;61,2.440544658146326;668,3.51651516943177;798,2.26133635780696;339,4.124600019963743;578,3.8429297125539965;49,4.1733710052138315;39,5.57912108472609;485,5.957740916178514;318,7.6332709902013836;174,8.24657958312046;570,8.395249680798372;189,10.24063216868911;790,8.36001342461756;619,10.952727757447889;295,11.62018801496482;709,13.323760333206039;308,16.419515331948592;824,18.187650819553028
613,0;341,0.8244833438735918
823,0;475,1.0175358502984375;995,2.076376700755774
940,0;455,0.005554849300138846
735,0;512,0.4594337233584171;251,1.7569072448579734
606,0;553,0.2657599234073603
466,0;501,0.367493069317991;166,2.3269585035889855;708,0.9370343280089776;871,1.0536347890329316
310,0;654,0.07254860952515021;469,1.0585326315177133;144,0.9777076405784081;283,1.605665133221965
254,0;313,0.8125354148380078
994,0;516,0.0903407248106669
375,0;780,0.821180679105525;416,2.1963095575229734;64,4.191723522780377;873,4.555790903237346;129,4.592674033504168
816,0;85,2.0674398111954764
490,0;745,0.31074341687830637;510,0.9131583616419581;478,2.2954321528638166;664,3.8218863214217187;805,4.76553162712184;657,6.177244259772129
0,0;1003,0.3442241346192995
506,0;272,0.5652854653628847;505,0.786111670047807;126,2.899182495972334
155,0;398,3.7001617692823823
285,0;758,0.081489011802582;484,1.2338562762237775;875,1.9686146419869601;82,2.04620769405029;675,2.6928196487168172;355,4.203838223973229;131,4.6832421880289825;537,7.017896876017816
343,0;577,0.34968824602017046;883,1.7381570129772927;421,2.4948765879048804;797,2.6803748459305137
872,0;266,0.5389130997751513
458,0;124,0.40048506056160105
952,0;596,2.3928062623544326
944,0;521,0.6354830031144452;726,0.5323515613239258
187,0;636,0.08948175178999006;918,2.244235953548255
744,0;977,0.7037098660068933
394,0;325,0.2620856685924744;735,0.4987058102529771;885,0.2875673929571607;393,0.3941773276402698;69,0.5620076091619298;526,0.7933448596730573;694,2.2147231258894955;449,1.9410826117898128;251,4.591723678096744;622,3.1950636213708123
972,0;246,0.6093550848030198
234,0;888,1.7487962603503087;780,0.5706281952211747;416,2.2272390961552704
431,0;416,1.5154065294662726
567,0;52,2.0050638514709327;725,1.4773180171138818;31,1.8619746970474083
978,0;915,0.24264848651046525;959,1.0179921302345125;84,5.171530012092868
777,0;660,0.4447301233452941;206,1.2719043574449789
143,0;652,0.4131429616502224
420,0;58,1.17157433219041;189,1.6758367032374155;619,1.7079263602403598
13,0;103,0.22050202082487957
840,0;473,1.852125161386792;139,0.5709654801408616;323,1.2651237998545235;911,0.9035639035243026;203,3.6433598391734225
395,0;745,0.4879094598753882;642,0.7678042158370759;510,0.6093274288660703;478,0.7355247161854073;484,1.1760539688812206;605,1.7963475212429558;198,3.5655675008404044;85,2.3360830861992006;871,4.31597404526032;29,5.477017460783204
57,0;814,0.036449313508881476;99,3.3819368377119567;550,3.6506506078236707;298,4.092143944094283
996,0;838,0.16256199825923484;709,1.4154162595052888;308,2.8375826411769163;824,5.309201285963843
1021,0;135,0.63729315384884
816,0;768,0.4523593939074324;85,0.8945215400897821
518,0;455,2.557629821912191;892,3.120349369556903
542,0;269,0.6540797749453123
948,0;204,0.15503173247743166;871,0.5265703169979001;125,0.4063490010516063;107,0.5862335606357463;72,2.1863302523340415;741,0.49955767435803344;554,3.0888064939639612;385,3.216335229157595
431,0;416,0.6615213890816961;64,1.9849237971897296
240,0;131,0.08896028538260094
599,0;928,0.24280667657198451;590,1.8073162868262673;344,2.332291514170747;982,3.9766604870599784;10,4.40259704276969;73,4.680912416525743
1001,0;493,1.274692238174738
222,0;876,0.5680077418681069
781,0;103,0.9299792145934531;224,1.2645310870255853;664,3.171167901406636
743,0;684,1.508166471574862;853,0.9477700346843995;979,3.0507021675504324;523,2.9784086372329255;738,2.4825345144075364;811,2.8827684851606756;734,3.801127233860847;307,3.566631158862158;508,5.234187673823798;731,3.8115911332563623;194,5.691326636430598;337,5.241767306584383
41,0;839,0.07421190785032132;469,0.5418562381274542;283,1.0825217595806653
352,0;438,0.8390473515574522
415,0;592,0.17260357529940717;304,3.844134187405761;668,5.64025279150756;578,8.73860585398808;49,9.197593490642394;360,10.374704175846743
571,0;315,0.14785322303080525
250,0;129,0.21669743049331497;745,1.5051153489115705;195,2.7339235412091627;642,1.9264930203260215;510,2.6001764771096925
238,0;611,0.11098483662366455;895,0.32604953572962775
807,0;915,0.5962423795555313;319,3.0657345215590994;234,3.7580785410557622;893,4.133735250677036
854,0;866,1.1625408772089991;884,0.22287195573121163
395,0;665,1.7328773925152876;710,3.0301885949827283;965,5.22465075939782;422,5.714600630887165;638,5.662188153058592;203,11.955824184064927;350,13.153738209313532
29,0;852,0.6653187824467344;3,0.7856192620475703;151,3.7845396466798307;671,4.326128203773207
129,0;745,0.2688776475757266;510,1.709986926197139
829,0;807,1.095844178524892;915,1.2594205817993736;959,5.4397116823410965;319,4.2683574398267865;234,6.429442330881679;19,4.577330937883857;888,7.464216423973446;876,8.339596151243176;780,7.402104261427026;394,8.927550896657241;416,7.842153186233738;325,9.245941036378802;735,10.412244337039006;393,9.542351010001681;69,9.99759207403388;449,12.884199919486452;512,11.116106444024211;728,11.93137832101695;611,12.173184406254657;895,12.297839775096515
990,0;460,0.09736069171903565
760,0;196,0.06268585525248992;747,0.18381157565960804;727,1.3007852874789427;513,1.6008153365910283;141,0.24610348794918951
145,0;934,0.12253686995692308
264,0;983,1.2583020265397893;58,0.22407004156562682;998,0.8024339293057471;727,1.8676581866683013;67,1.4706674090197693;189,0.30519597525853326;295,0.31626295932302323;343,0.6665872932857577;858,0.5545792737760441;827,1.0243125133213085;447,2.1962857274901366;173,2.886999473447407;761,3.8287127512589705;297,6.69833295622111;726,5.179584162689172
87,0;389,0.31217697639816605
592,0;304,1.071581756849561;668,1.164860548147216
38,0;174,0.5817347319935479;570,3.0597390487306737
756,0;411,0.2259331743828807
804,0;37,0.33152712522345146;103,0.3049492315767943;152,0.4603265995284338;845,3.585710559183281;531,4.213212897291208;561,5.43753534682469;443,4.6894099266612725;900,5.183558599480132;409,5.749377164677368
875,0;826,0.14366671335653802;341,1.402992748765913;278,1.0470421241006374;500,0.1834318186705643;964,1.7702034443391863;737,2.461853573138778;313,2.8592265108152044;403,2.688581075456395;812,4.7311864768124225;400,8.171322885111975
987,0;382,1.9775809481759716;925,0.17458969492761786;767,0.3266875013659054;533,0.8060856762561681;635,0.8750045464204389;62,3.2264448867081876;215,1.1414844001700102;352,3.798599761923213;597,4.182342432275888;620,3.460910867632113;117,4.823662590196488;45,5.054103017633564;1019,4.979844302569616;801,6.035950621159618;335,7.879330750749993;948,6.085312772007089;204,8.165847139668834;290,7.89490936706506;986,8.476548426957205;822,8.11006543727842;871,8.338082166444895;29,8.500059648476345;852,10.287984751441522;3,11.805469277934545;572,10.759810861887841;513,11.220447740062816;151,12.101015153520619;671,12.965365350918967;452,13.461805614316416
695,0;874,1.876410512589433;597,0.46858431087083524;646,0.4419384155844155;634,3.1316995137050307
888,0;947,2.6072165246989383
489,0;782,0.1457027785297073
788,0;86,3.4428056133964873;705,2.130617687052445
704,0;600,0.033648395216029525
663,0;500,0.7098963551738188;260,1.4553334435568352
357,0;280,0.12311836848961082
274,0;516,0.4968022012819638;971,1.1703852157125676;851,0.24295281975824398;174,0.39546400040630914;570,3.559545928645866;189,1.2163995192478423;225,2.103031684519296;619,1.598141664390894;295,1.911629909339241;827,2.9718532589513953;709,2.1968852329338944;857,2.4239422722165194;636,5.269115065821655
908,0;15,0.775339662357286
836,0;399,0.7805574201782602;146,0.8113436461707068
246,0;1001,0.3617079846591486;493,1.776682252762974;799,2.0601196045688868;954,2.6337228914635635;130,4.82399811026681;896,3.8302488565801798;311,3.7806450829295812
270,0;219,2.4210895364355736
882,0;74,2.8051731199991163;497,3.067643722746927;935,4.92608034319178;377,9.501116599040795
775,0;21,0.905138614096716
734,0;813,0.634489502834504;731,1.5759901656872044
565,0;698,0.9713369783143027;319,2.118121687177949;19,2.5740959412640287
319,0;19,0.5363454223229059
981,0;394,0.25388306856070625;711,0.2912581429925559;13,2.084962511006543;268,1.5145715921772078;103,2.4219728115786516
209,0;775,4.099313247109348;21,4.24494025643446
517,0;212,0.09025634075478346
546,0;817,0.08501831362970315
470,0;430,0.4153728598397896;157,6.233257461027612;1003,6.745510503489464;670,7.0188014230602285;612,8.386335937329754
714,0;160,0.5989655121866005
910,0;20,0.6512965906073557;34,1.1563751021205761;29,2.1507453593177703;852,2.177991033121783
786,0;6,0.39754110540572785
136,0;72,1.0040307015340737;385,2.2323892432584267;920,5.000138240296428;342,7.734459095471981;528,8.358647828737574;468,8.489565421785235
955,0;797,1.1009226417934812
743,0;684,0.2743917792461689;853,0.35460670154099916;523,0.9530065540033663;738,0.4196537777491317;979,0.4876276863466751;918,1.4692413489699288;58,2.3068213928736085;745,3.5120231614646182;609,1.5094048796777904;77,1.686820542473391;998,2.610058614132438;67,3.04477005174767;447,8.31778156441569;878,3.1350612301466376;642,6.598753516131037;510,7.062589235785333;478,7.0802368585220785;664,7.487371626688674;484,7.22646233112377;875,8.732411411424842;82,10.53784905841023;675,8.822900305512645;162,8.9505149403516;355,9.447916369508834;559,12.3035568681391;565,9.390537144705373;955,9.105298004252019;240,9.292875744774282;797,12.55717699001589;698,11.330143404774393;131,10.541614415830427;633,12.197335917306477;537,10.626771253629833;319,12.58424411930703;458,12.974652543655194;448,12.613822295862134;234,13.942112638327668;124,13.07810900632133;888,14.01767761055529;947,14.993555506035158
270,0;219,0.7698849412343274
868,0;451,1.3466354598015573;291,2.815992376642063
583,0;931,1.4758633447527756;364,3.353332289832358;254,1.5366141448185024;781,8.558445326075926;51,9.054163005206068;965,9.290489183453714;172,9.826244753537507;326,10.630748385192632
75,0;283,1.3145442618885195
802,0;710,1.1618394286510232;725,1.6389087141984287;5,2.205649404425574;31,3.2167972655670933;154,2.5291886390732268;481,3.5051999636355675;16,3.4596277144037964;650,3.619904891607462;1010,4.7024201257516065;937,5.005708551332912;483,4.7886098950130425
432,0;90,0.3570815717548633
770,0;70,0.1089643096710482
527,0;114,0.17458816962106216
522,0;360,0.8826345840604589;405,0.8231597450933847;668,2.805108579578345;798,2.1227731392430886;373,3.5762396741121645;19,5.529357482472211
860,0;106,0.7552214984503033;622,1.449930639486372;422,1.2234243537131604
1016,0;193,0.13438436813876048;456,1.2138721430251174
340,0;417,0.5199773555232761;285,2.5005530860243432;533,2.5221486733860914;62,2.5851543274094384;597,3.267247827063973
546,0;788,0.35826109735073025;86,2.6310473003014985;18,3.549464077993533
820,0;703,0.23050250869511463;782,1.1393360764673988;618,1.5839161773420944;164,0.5586494190049723;847,2.6319388684745446;195,3.483276844722074
311,0;504,0.6496049548238102;770,3.2010151921920866;102,3.6569645539115436;70,4.718742517102723;518,5.778374413968876;455,6.090020851454831;396,6.1354600847708465;797,6.32128577566959
272,0;505,1.4236671455298069;126,1.707421693806283;211,1.7565997711360615;791,2.688490662012601;990,5.017725868039136;875,5.022183092673437;162,5.161619396425061;355,5.306330802471592;955,5.5323426500898;131,6.988431914112903;797,9.820482630975274;537,10.451701579964261
1006,0;150,0.04894815872369445
801,0;397,0.270074650792907;335,0.06203650982350901;750,0.7233430154046473;256,3.5682747997551925;618,4.065911216776298
359,0;244,1.2621001751437415;791,2.113323712298146;185,1.806946710104832
941,0;278,0.6756513823763539;964,1.297703308715517
780,0;394,2.285909872478668
660,0;206,1.4175728197153161
631,0;34,0.07416799804929533
174,0;570,0.6634870977903602;189,0.10382476212226337;578,0.45904136257052597;619,0.1449375984616746;295,0.7886426185440778;49,0.5111085439450227;343,1.3253773387756587;827,1.3366474614733885;577,2.6810197017333173;485,4.743503136853955;883,2.8088302282765425
119,0;540,3.729971306891815;639,3.752355667662317;911,5.741238376895085
63,0;748,0.0212062195285633;616,0.24606434514443856;576,0.5076685564325406;86,0.5706283845675617;18,1.147162021613196
718,0;986,0.01461624201389484
419,0;595,0.17740751529055082;398,0.5577511735838521;575,0.8717141397533512;236,3.2457355927632783;189,3.3221876299821402;295,3.828211209705845;343,5.136331863628299;827,4.4291581518814;709,4.513126854128247;577,5.885866943857955
719,0;960,0.4126579336092745
396,0;535,4.726827555772348;670,5.134146606267747;223,5.163905406355034
435,0;133,0.25619037848296283;234,1.5953133085110034;285,0.0692915786655113;190,1.5923008459334471;723,1.7578376419585602;888,2.3520127407412903;78,2.1680615582394207;841,3.6851698043047207
649,0;150,0.16742057457635132;256,0.3376936299479296
376,0;697,1.5662444893380025;664,0.01605057411706239;193,2.3389125327973606;456,2.415547160044216
956,0;846,1.695708661304501
614,0;79,0.7046283339927119;241,0.4342011604523102
965,0;422,0.7138558479357932;638,0.013230850362952656;172,1.1275435719345497;203,4.897504276356965;350,8.89701808121092
973,0;249,0.022520734647718955
512,0;611,0.6232566504008655
737,0;316,1.3704715162643129
78,0;841,0.17718183342042038
99,0;318,0.7188194598946861
666,0;520,0.7794206822158268;700,1.5680986363591498
769,0;827,0.7247217804028241;404,1.6797530127804594;485,1.0897239350915153;318,1.8573490991021662
379,0;474,0.9174373314109813;427,1.016029098073269
599,0;928,0.9364802963545727;590,0.15261184830183583;344,1.108602900891204
489,0;782,1.1141627056157815
162,0;559,1.5150882350918031;501,1.768580526622763
545,0;969,0.12291515135545021;83,1.0591891050737567;476,2.6215098948368083;886,1.3288264695766527;1003,2.0461130935320258;95,2.0535907900754973;612,2.5276367877276207
857,0;636,2.6533656436725965
934,0;612,0.12964687775205147;363,0.7522749611041384;691,3.6249596840310283;754,3.709691778597653;897,3.7142394343087077;405,5.281319655982536;830,5.277615819425447;225,4.142120580852082;857,5.215251787041609;629,4.942593010800612;157,6.020929360212054;636,5.276544441643237;943,6.447312022504093;1003,6.573825523448175;92,6.916640111868539
843,0;861,0.739272118854734;40,1.0493601918355746;443,0.7144793390015559;489,1.768138418082496;812,3.4593041602355465;81,4.1747665107867356;400,4.862524527138409;240,4.213335030107687;470,5.121986077899285;430,6.172943652987299
704,0;600,0.09928150730884795
741,0;48,0.08899861172394598;840,2.413955728272414;624,0.19877569535809705;473,3.490385673640361;20,3.733076927176901;323,2.5202833801640843;63,3.93534361697476;203,5.61261171140378;678,3.542045622163782;328,3.8143576220669635;404,4.429096394371733;831,5.148637928176466;748,4.757009766063177;616,4.431203711461088;576,4.946744593345532;86,5.676865483869545;18,5.7341592288688235
643,0;980,0.7548615575419545
944,0;521,0.8088214811169916
503,0;520,6.29857187267602;700,7.331197047986208
193,0;456,0.06097004671868097
1016,0;398,1.9175731367806215;193,3.1247673585439917
944,0;521,2.3486474061869407
493,0;954,1.8139581431676102;130,1.852656410904589;896,3.3649492502319656;344,2.4106407021598084;311,3.4904124683057858;20,2.3626968484130177;29,2.552954935794084;427,4.065259125687828;504,4.469124298277981;770,6.424011481641494;102,6.657014963153168;70,6.468013267656005;518,7.116190474721719;455,8.301514401380043
530,0;721,0.8976126090277339
147,0;962,0.9121877649656175
0,0;1003,0.9410774696989602;612,1.0183522847074384;512,1.3769557551805358;728,1.9820682686397442;611,3.624530156790021
50,0;876,0.5297369733777725
441,0;335,0.5229556356185309;256,1.8684078826730155;290,1.1594352663265317;822,1.1802245929914648
848,0;751,0.63696989096036;637,2.1046256432692543;443,1.6113852289158082;900,1.8300014924035646;812,1.8253614495374384;400,3.1092397663876676
339,0;39,0.4561449538572936;630,1.0944458373346873
519,0;769,0.5570146152203199;827,1.918587537147803;404,0.6798872963225787
684,0;523,1.313582391901652;609,1.4694979020233256
503,0;256,0.27278720045278987;618,1.658328180949695;195,2.3624136926165002
408,0;983,0.284808757097214;405,0.924119529956243;61,0.2903431003185502;668,1.0525489770702559;798,1.6933001877418046;1005,1.017081803996377;65,1.3260604870214103;356,1.3313215979891908;221,1.6230151886978983;975,3.4329857380507294;373,1.8135493203259474;339,1.8525952957816365;19,2.389314392025561;39,3.9123736516356007;861,3.784324521935164;524,3.620209787773721;988,4.646080783102851;630,5.293195886405572;523,5.45561511004416
99,0;318,0.57150457618132;174,2.3786794013610364;570,3.3067271516248367;578,3.0155649941383147
745,0;642,0.843141141454098;916,2.178732018506726
923,0;911,1.2759101146766356
512,0;728,0.0735602826451852;251,0.625303508266216;122,1.6803465082876858
33,0;195,0.605381841306775
125,0;107,0.03590346855950724;72,1.0928276277034483;741,1.9743382725066116;169,1.5891757355421376;385,1.6063715495440687;249,2.139997711247544;806,1.8352484671905298;875,1.827635532892347;920,1.6593936620072278;152,2.7954617895636114;675,3.8438588618497582;826,3.740850426564044;578,2.9983274833747133;48,3.4438942289405046;322,4.365979441410161;840,5.392941903330889;624,4.3641412794551675;500,6.0834973539037005;531,6.0030809382994015;814,4.857914590904354;572,5.699220394516756;149,6.792457858939329;789,6.444998010559042;561,6.511810576252852;898,8.467239575204982;443,6.073766444782784;900,6.5828192899856965;260,6.186283429300815;247,6.7282632456407026;510,8.912705429400605;605,6.996063828508753
628,0;201,0.3750344867431787;515,2.008561760309843
53,0;856,0.3912230366423944;835,0.8147573458972831
312,0;328,0.498445511063739
678,0;360,0.26332582400993276;169,0.09921819027809745;806,0.11547828907847414
481,0;316,0.6268421364701865;679,2.6442331916008235
613,0;341,1.3564696841424364
427,0;740,0.20035687899718382
60,0;212,1.3398476348289425
953,0;269,0.4933829925450644
836,0;292,1.327112524808748;802,0.5114740781935595;399,0.15855617959607068;198,1.6230061649906764;146,0.3157467819637721;202,0.4373720026101437;837,1.2451394843930272;112,0.6095045439605352;741,4.141825035104346;855,1.5091573324454948;232,2.088247793018283;279,2.000372154303029;48,4.297297356145305;955,6.729791830986601;95,6.844901501983304;797,6.98530129911642
501,0;795,1.210426920943617;1002,3.410921031450634;291,1.9327246347045515
705,0;424,0.0012007832465739862
940,0;455,0.23198407643236377
145,0;723,1.5472826679849794;934,2.177268377855486;34,1.661188149966571;363,2.389148033325729
891,0;835,1.7754551797478058
517,0;212,2.157856472833333;19,2.010836103635573
639,0;911,0.017830228010689272
898,0;2,0.8097007362696844;744,1.4990794424919323
1012,0;972,0.7799607309643358;888,0.5447863862629007;246,3.5826030839441954
163,0;32,0.3688890265497132
257,0;73,2.406580134045941
303,0;111,2.65721510941704;506,2.75655697877689;272,5.0475935691844676
213,0;852,0.6684655491115117;3,1.1321933180355126;572,3.2745930930715796;151,1.5514651289238188;789,5.580332725601833
604,0;695,0.8295356542468405;874,0.9922626951401212;646,1.7242929512520817
650,0;499,2.7197592631995575;937,0.07127293073404387;119,2.820843468612403;540,4.028695465257131;955,9.234127927484188;797,10.139762066610079
685,0;370,1.0198969225948147
951,0;802,0.8485413186470969;264,1.367595855447534;710,1.366538612102081;965,2.439018848558999;58,1.9727041109583612;727,2.095076361643156;67,2.7337216559404873;422,3.6781657563633825;638,3.5819513182446885;878,2.8930816261532266;447,4.310291446489381
820,0;782,0.5756270271310977;618,0.8798772407510427;195,1.1146070881901626
678,0;360,1.0251766079888618;474,2.0802361103388263;169,0.8468484925675842;435,1.209915296595397;234,3.373279973574954;935,2.412877319265799;377,3.311473385444888;888,6.2767892833673145;876,3.528185452161974
382,0;869,0.7915288766760551
322,0;474,0.48791805242057507;935,0.8602303602510006;1002,2.564167616520832;377,1.2342233117571941;460,7.282267166315316;869,8.905451772465833;1012,9.363278614693815;691,10.127943138943134;405,10.161220293501168;798,10.434835166280873;1005,10.628590235859905;373,12.05591143053958;339,10.74487522732879;65,11.271779638710466;19,14.670184296697286
488,0;433,0.116881571478209;830,3.3344328554990135
558,0;1019,0.267781805535551
996,0;838,0.2049189321971607;402,2.3325684918364495;199,3.21244527282198;319,3.789087430462617;282,3.921281752359838;893,7.002762363244404
489,0;782,1.3865477165677949
229,0;47,1.2794934039089512;214,0.4282799024621249;222,0.2698111381435231;876,1.102750924678634
985,0;728,1.1991253687541024
628,0;515,1.2125204438258195
927,0;855,0.6436024753827738
187,0;636,0.5282980600693044;918,3.410642760122778;847,0.5513327695635072
43,0;229,1.082355564441492;47,1.251777273504167;629,1.5131284908135503;157,1.922377880258261;1003,3.6057640815640672
54,0;405,0.1493926531557949;798,0.5240995725293023;1005,0.42849690009047536;65,1.2578093077490946;356,0.9846853921714213;373,0.9355520307910217;221,1.6580948957716064;975,5.0590395202327265
777,0;660,2.2146863699568313
216,0;974,0.07208180252566257;192,0.10459286663799831;914,0.5615303610867811;479,1.7136008335000634
988,0;557,1.4795729349542361;88,0.8899128551709788
709,0;308,0.24182643167059148
839,0;469,0.04542389969590274;37,0.02298751279696829;160,0.34394058522292104
641,0;352,1.8640972516472831
771,0;615,1.472767355672323
55,0;617,1.2916561449074415
571,0;315,2.4965107765745995
364,0;781,1.4070506978473658;103,3.038040029503976;51,1.811010051160261;965,2.4540137647850853;422,2.942100834769746;172,2.471644083119252;203,3.3055678105118975;224,3.480448234345819;350,5.685714032332847
837,0;741,3.0052615225264394;855,0.15955531987094063;232,0.21544069816119302;420,0.8525891345723137;707,2.132349765637838;58,1.783090264002233;998,3.9448707209407505;727,2.7688431305952297;67,2.6314709616305634;991,5.235959853323416;878,3.2757701271773043;173,4.28821131436195;554,3.7332824236024122;761,6.146281105413568;236,5.3344691666355795;24,6.306757688112233;975,6.107387624014398;861,8.370755756687595;726,6.6261822184516275
5,0;154,0.015885207314822437
485,0;318,0.15277221400220442;762,1.306392061508059;174,0.30231636137825957;790,0.7692224195876224;533,1.273433025353474;62,3.3316080815173814;597,3.793711699779306;620,6.403987141594831;680,7.258111381866287
936,0;835,1.5253227005441732
939,0;931,2.2555782986200676;364,2.5665337596188014;295,3.3482837942936134;343,3.5732336403447014;858,3.395986771396215;827,4.114807619871697;709,4.25157275605124;580,4.044902355486269;577,4.57187194500693;883,4.605056676387833
527,0;114,0.32595059329799264;924,1.4253935172187653;539,3.712608881539317;587,3.9769120719647932;241,4.012717789602904;622,4.747992693329124;274,4.833251234703542
707,0;991,0.004617218367216373;552,2.2199595167527213
686,0;463,0.91629933906157
27,0;656,2.4294066419144102
164,0;847,0.3369186315072445;704,1.341190019515872;65,2.702248366946221;600,1.5038491349317602
435,0;133,1.5784748646912976;234,1.9433598530738536;285,0.8421851359818192;758,5.670482614001211;190,2.2933694248660914;876,2.1434963895780133;780,2.605583767966216;445,7.42591327801058;809,7.820711045185809;999,7.958445312053767;111,8.038232455534022;167,9.207996763314481;38,10.05337258318411
719,0;648,1.8124550392438339
981,0;988,1.4885741212701926;711,0.7573609414748855;13,1.6744243747205685;557,3.9100832848444664;88,1.6265996843056314;245,2.2120217137071854;103,2.710391749632767;510,3.1721613161710307;752,4.567774482916657;1017,5.80806355804121;593,5.864479719855921;36,7.27512332890268;238,7.758333537072533;611,7.826094661271944;895,9.783729014580338
84,0;779,1.6945622202057578
875,0;162,1.7871462480391758;559,5.809784886310661;955,4.057027626371946;240,2.0052071701979726;131,2.678140706360292;537,4.227644875977114;501,6.342125484145007;1002,7.625488706952544;192,8.28360701641408;460,8.942572022144834
837,0;535,0.34943917086638043;741,0.6419715453553183;855,0.4857564668376495;232,0.8310746119039217;420,0.333328676044678;839,3.032247736419866;707,1.772835212166164;991,2.734347833039907;24,2.8680634153827467;493,3.569577943801704;552,6.357859075790104;37,5.017680267982554;799,6.1357727309210315;352,3.5703632493784396;438,4.151560168969984;376,3.586962360648517;45,7.479989698084781;697,3.6986635905948604;193,4.202814168842822;1,4.376780083723786;718,4.219564582136578;456,4.2674392429189325;986,4.483000998503126;735,4.411397529307711;906,5.0162925330023285;512,7.01201009786221;861,4.485760072884317;136,4.587387079103137;72,5.884478789343082;592,7.432029486698813;385,6.581347497983114;875,6.769710670939704;920,7.00949315256884;152,6.833987028199456;675,7.113144948477113;826,7.3183189036551495;748,7.67870490675276;611,8.01048823465409;251,8.199547013875899;727,7.310685386929894;278,7.5083078273748765;801,8.119018597818988;895,8.231442791118234;948,8.489424012045227;750,11.024634826579842;122,9.049393966728243;570,9.672980571513708;204,8.595080267880528;990,10.577698090907765;125,9.710183074533916;884,9.718003819439664;107,9.994971152398453;460,10.612468822603184;869,10.918431327055558;1012,11.564288147962957;691,12.229407021719002;972,15.847203115100557;888,11.974274561749162;754,12.633326169271006;897,14.41345307584177;405,12.774901159048747;830,12.666163398659933;943,13.191571086768853;1005,12.82389922384353;65,15.851120013715382;225,15.011944921696529;857,15.553812398602716;629,16.282338619968996
392,0;226,0.2552882847327623;470,0.01760276430829499;725,0.5609787418663699;825,0.42106223642670865;31,2.340394169488129
924,0;539,1.1708592821076138;587,1.848829627131254;702,1.2568097499509876;428,1.5235825299037506;983,2.0050543126022986;999,2.7509579967822937;405,2.21405070315175;668,3.13378142474049;798,3.3716639771710692;1005,2.641984136309464;65,3.337754863748138;578,3.8496663077921194;373,4.046058200173519
335,0;256,1.066360050702632;290,0.4982548111074844;822,0.6050226591942387
761,0;22,2.4060502845615797;297,0.4329298471202182;726,0.22606548238742416
702,0;360,0.05098076533968584;427,2.016347477217103;421,0.3491633963888198;740,3.606046617073131
383,0;893,0.9836018350439003
956,0;356,0.37636177837694196;256,2.538369827649813
1002,0;192,0.2822139750319813;460,0.050306052460106145
514,0;806,0.5847966819425912;786,0.24251084229036343;266,3.900193399974355;578,0.7531897323631506
34,0;539,0.6501240948665454;587,1.2892806336766662;428,1.802100990012745;241,6.325753030774964;510,3.088183856296779;622,1.5871840905346866;240,4.338453525812723;999,4.911420729715681;131,6.268481708827508;274,6.959396864405884;996,7.8119993825980725;851,8.004022263519495;838,8.626404063393265;709,8.999481455101357;308,9.041485027357202;824,9.357106480546792
232,0;707,0.882867535060435;991,1.86161622166831
941,0;278,0.023412907428676397;658,0.22494361451128436;380,0.3912566060275205;964,0.4391153693654897;543,1.842878733104292;53,0.47399560867271895;856,1.2394077898760825
587,0;241,0.3680850063043117;510,2.9977710503322452;622,0.6977801902748154;616,0.2065003453085514;738,2.973358341133247;715,1.4981559837617988;249,1.6330776500156097;918,6.620631329504719;58,3.3570241411073325;811,3.5921936310549287;745,3.340676894045871;642,6.0429843587286065;998,4.226648482336409;727,4.027782244655925;778,3.681363512173518;447,5.003487184708853
692,0;916,2.156200722617708
1018,0;738,0.02159252766697284;504,0.7122309404189417;918,0.08392973742748483;58,1.0308012551601455;998,3.495550402242645;727,4.1196367362402295;67,1.2019093557726646;189,1.9379615553125693;878,2.679557564756105;447,1.5383843220127975;734,2.0059216429322717;619,3.673144724441125;813,2.0870180421583076;731,2.1897426704449647
427,0;740,0.04992834485127569;729,0.3118901344956966;443,0.545676338244127
996,0;838,0.7964029835578612
839,0;37,0.5315094197948408;845,0.5672945518218723
62,0;710,0.02782380387748737;965,0.11034070189122007;725,1.1128436376205497;5,2.2166000511088315;422,0.9128393543726432;638,3.0250818394206376;172,1.78551926514861;203,1.6337582005412;31,1.6227002696175945;350,2.139326169615037;382,1.9012794387718255;402,3.0274867058468637
673,0;70,1.457497260209616;731,0.9038382735311408
421,0;797,0.5948139627159258
237,0;1016,2.188167395343129
162,0;128,0.7372528081907744;559,1.659195103551119;743,2.1998559029556146;955,0.46938622651883327;240,0.009764756370177393;501,1.9001758683442136;795,2.21196288177954;684,6.952806163736082;853,2.816000090385476;291,2.2475382872715928
31,0;16,2.516366261605437;735,2.6638814647820195;512,3.70416753166465;728,4.686748933270957
119,0;540,1.270795913459178;955,0.6747779105157622;322,3.0875311125676883;474,5.298017411571818
346,0;313,1.4628105965165614
785,0;540,0.5659253652069568;639,0.6025873867762214;433,1.5862775002244285
847,0;704,1.680162124496484;65,2.180259687832727;600,1.84362143216059
613,0;341,1.4231295276835796
126,0;211,1.3615846284743445;791,2.5405134260591797;990,2.781951649996282;460,3.419003767065323;875,2.8417206706792713;675,4.021051994335571;826,3.139624929781043;162,4.501733371141334;341,4.515026874355953;278,3.8603757343910257;500,4.6841575068310695;869,3.8645701167535003;531,6.683696434038416;128,5.00726782661044;743,5.2661159859668345;565,5.094776176667665;955,11.208539350571556;684,6.058135062554173;523,8.634988098106636;600,7.786839719871093;561,7.429333626965277;898,7.460801393798185;609,9.654521888776607;797,11.422337604347447
392,0;226,1.8680112379459672;725,2.5261634273405513;825,3.6020123567539155;554,4.436974146454909
730,0;608,0.7398296093030926;77,1.1914843286283205;973,1.2116634104438502;1010,1.621974927960398;155,2.3494388604273277
240,0;131,0.21023929241163722;537,1.1868466684851235
188,0;515,1.5866663546184854;391,0.34603474746227014
948,0;204,1.3940128341665246;990,2.0888518244161904;125,2.730323610107895;460,3.0912083992926016;72,2.7415306820572867;741,2.8881136153928595;554,5.323522729491021;48,2.9166246205125423;955,3.0908706867393017;95,4.03473543094327
213,0;162,0.4313825850437772;852,1.1326750073230705;128,1.3914233024314422;240,0.8954278762797955;572,1.5497051600909917;513,2.441458465691582;282,3.0896976492432437
934,0;612,0.44739920228105573
43,0;229,0.15105017607812388;47,1.8627274834035918;222,2.5606578483535514;749,3.3686387467439234;629,3.8948591734086953
973,0;1010,0.036647790849380385;155,0.1517507362029538;398,2.3722519102549176
983,0;405,0.0646481801940171;668,0.5031636163143527;1005,1.5936646370579006;356,2.2122708977978176;221,2.4658232877518174;86,3.109082198617081;975,2.9326112603354413
482,0;850,0.5510500715350596
1012,0;691,0.2291139333889705;972,0.43390009478381775;888,0.7070633585033906;754,0.2944506001699566;830,1.9940713012882063;246,1.6971684104756428;1001,2.8426711561457525;574,2.072360637927408
311,0;504,2.2929767136792765;840,0.5286769336769246;473,0.5935895055726055;20,1.0865845056978927;572,0.8034806735416402;139,2.3449809654955343;323,0.6030916956917545;678,0.7025375061619751;974,0.7307636150785384;360,1.4771094389956503;474,3.8703583737539966;914,1.6199254536931829;647,1.1805882170449096;513,1.7591231160034544;282,1.4277881348943562;195,2.400445588542375;911,2.4146970274927617;935,4.807502238043935;898,5.321688758287454;377,6.1666605392233365;2,5.881183530051996
956,0;356,1.1092220891491542;221,2.872978401672837;256,2.7444651058139877;975,6.816203421692854;524,10.183467052914633
253,0;641,0.47690357015268287
5,0;402,0.432958315619175;199,1.1507815069634841;60,2.209764412595301;319,3.13920477585601;282,2.694551207233507;212,2.399136080050142;893,5.1169618127733845;19,3.2746977673586315
716,0;968,0.07837602286394015;11,0.6073808760611251;608,2.0613882236274126;973,5.33315303257741;249,6.05171800765029;322,7.713443246277867
199,0;60,0.5397954661866777;319,0.13837299164086966;282,0.711390577183131;234,2.29509636360681;893,0.7351864427167586;212,0.6940591153116752;888,2.3736198733995706;78,2.314896722654761;876,4.751386688017585;947,3.545997357597286
761,0;22,0.6360548456935722;297,0.439945642599076;726,3.5021145526216326
213,0;162,0.5173674343963723;128,0.914301913798141
683,0;250,0.6234336425789844;129,0.8950261513589182;745,1.5737178920736197;510,2.9285452673751244;478,3.2667609036577785;484,3.654039867210369;805,3.3888320697439314;497,4.921822262605751;875,3.7454194134804784;826,4.678520730945155;355,4.516625256806408;131,4.691502203901195;341,5.194287011576302;500,5.272009539615046;537,5.031941296967107;260,5.446237811842753
136,0;72,0.0359593519101348
799,0;869,0.04271464338101014
781,0;103,2.371822730662795;51,0.3085038257512398
687,0;486,1.2121307095991949;2,2.3151432719448986;562,3.456548629994055
804,0;37,0.10975599078210602;103,0.08357118644485144;224,0.09704113781487485;664,0.2373181696347244
821,0;483,0.00482518917927547
121,0;193,0.5638780733578965;993,1.819768113974271;456,5.90212643758739;328,2.78653934725174;944,2.2206269744912976;858,3.158746819325287;726,3.2321187237337856;648,2.2227813541695816;47,3.5852081198299843;721,3.490260490545587;404,2.913145124243274;831,2.931921555306811;93,5.003234423357629;893,4.6314759096689695;749,3.919751674385526;365,4.688103031122431;636,4.996521156239126;24,6.373126822584531;810,6.643566271805396;73,6.665702062052129
187,0;636,0.7220010841695493;847,1.9450670294904269
199,0;60,0.8294613474649113;319,0.21884435589123039;282,0.9478282105895015;234,3.32303764817305
139,0;911,0.2529828300225176;194,1.2744573718639058
74,0;497,0.07321212799142407;935,0.15413937696012653;1002,1.7201861061067814;192,2.1411323253350116
295,0;343,0.0694436703663581;827,0.38349973881582844;912,1.9245600869496373;577,2.009841830624115;485,1.6414776250057557;792,2.4308939180754345;883,2.2556685882465097;421,2.7350001545647804;515,3.4665342455229835
564,0;71,0.46976133015568117;775,0.35363913204608216;247,2.389147606516587
586,0;583,2.1116648809257557;931,3.516007100131117;254,6.2500146132243355;313,6.6103981814727995
1017,0;834,0.8503954944162261
601,0;564,0.7625179356514269;579,0.32313166973844837;78,0.45319519662629615;696,1.0863295155055164;71,1.2584804872859117;247,3.9347051095558383
837,0;232,0.3076629881155349
286,0;378,0.2728039516038643;639,0.9280453600679694
952,0;596,1.070775408929798
716,0;11,0.3506542929150629
673,0;525,2.047211424951689;731,1.5067463001670975
484,0;497,1.3017614937331754;875,0.0771533759484991;355,0.32265611986698817
776,0;606,0.7714116094516639;298,2.3913082320730323;553,0.9927328847020251
567,0;725,1.7867231546978262
176,0;711,1.0567889922373839;13,1.1773968879748105;268,2.217606654426323;103,3.3079860362736104;284,2.789674494949648;283,2.7939678299265704;224,6.2366567788161;664,6.873670576387852
525,0;618,0.6898932285882123
997,0;591,0.971045775206289
1001,0;493,1.6381188120020371
974,0;914,1.1456135040392859;647,2.208740664675576;167,3.487747330959294;195,4.096900160173606;672,5.624468757535522
431,0;705,2.1132226663138414;416,1.0852898871025396;64,1.4310222161727288;873,4.89365139127803;129,5.27826246564776;195,7.074697714987468
694,0;622,1.1643036925339647
3,0;151,1.6892507342956073
475,0;995,1.5067748899654174
48,0;955,3.5003894253808854;95,0.023389011465839583;624,0.9154580933023778;814,1.383663891784895;797,3.8682876145513023
384,0;26,2.6258020723692694;439,3.8150829975323806;304,4.788960813081277;668,5.703504450687911
123,0;782,1.459723740658177
471,0;374,1.8435359489813614;935,1.9876365380764416;25,3.3010172130190427;898,2.070868042085742;377,2.3935906220686753;571,3.512890833527792;772,3.307202734591626;698,5.1150957574679925;729,4.374200990439291;315,5.701337309389295;146,7.3237857846828245;443,4.448594765847225;900,5.4698944150886035;202,7.585775888303426;161,8.453455929067387
402,0;199,0.7213959488220877;60,1.656545685237365;319,1.8094794037543105;282,1.4375302724655534;234,1.8120319267876968;19,3.358094956883725;888,2.994136423399932;78,2.944437947361313;876,3.983056482106478
522,0;405,1.2477156969477357;668,2.700933156538075;798,1.802438905871058;373,3.1951508332318364;339,2.3593399201281757;39,2.6207107297150842;630,5.7940377083651615
776,0;606,0.9581943899279394;298,1.8703300538453937;553,3.4789210053021953
72,0;385,0.11492888606444562;920,1.4644309530185926;152,2.4454812177455456;342,1.790555831051618;748,4.825013322110655;468,3.4549935913116823
401,0;68,0.46711900242863386
963,0;647,0.18408231139537765;195,3.1111428230799256
715,0;249,0.31779818711245467;616,0.9863942255744452
830,0;943,0.4579124694871429
256,0;618,1.4533050434820156
358,0;528,1.8259181490929377;153,0.03836710283380061;100,2.1693906373341063;629,2.83740939132552;157,4.470596044997338
816,0;768,1.2060407564546836;744,1.6988713835399696;85,1.201219897352281;594,1.9579055269373642
888,0;947,0.06143108305841125
364,0;295,0.05072368336891347;343,0.0891856830773615;577,0.26997237995427253
517,0;212,0.038116723793050554
97,0;782,0.07849543047597089
364,0;295,3.5627688051700965;827,5.782602064466024
35,0;377,1.798831065336259;571,3.6683284272052266;315,10.720708632395635
1005,0;65,0.25602635730748813
114,0;924,0.7343658232133299
850,0;598,0.3554818390320021
592,0;304,0.4613041109561964
745,0;510,1.6710989500679678;478,2.2618040875768046;664,2.5728607159582393;805,3.9851737479280143;970,4.4537086800141665
981,0;988,1.8593593484694872;88,4.234737241548607
992,0;912,1.2236540574542298
81,0;240,0.5608933483206416;131,1.9750044173206533
888,0;947,0.0026304641032824654
906,0;592,1.8263528716084532
651,0;573,0.6897630595515619
290,0;822,0.6469938581531517
466,0;501,0.7057496953800281;708,1.0911801824073797;327,1.8386159047544424;1010,1.7768195050376328;993,3.6217252342042308;328,4.582968668075619;721,4.672816652076017;404,4.7458248817638475;831,4.610545457102817;93,4.625708053350666;24,6.109696990485526;305,4.668945387194538;78,5.458356943419096;581,5.270785164414937;896,6.585304657538066;696,6.631484982299497;810,10.36509220673307
512,0;728,0.765177636799523;611,0.1493244973320987;251,2.2291702186209954;895,0.8354153867787275;122,3.1641788596785996
326,0;364,0.07122612517216054;781,0.3133026537004797;103,0.35689969693673207;51,1.5584867499823862
419,0;31,0.642308869879212;595,0.7887474227474321;914,1.4092917844354225;167,1.4703608174827856;672,4.193493503117562;38,3.705466112822478
643,0;980,0.7940041652802527
358,0;528,0.26230977116776155;153,0.5821955229091951;100,2.2260506469628014;629,2.3119814614508325
362,0;331,0.6779862910486761;162,0.4724063447817064;128,1.4944344018767424;559,5.754739489686359;955,2.3392107322612974;240,0.7370125611400864;102,2.32193064123018;501,5.957671993654246;795,6.243044249811037;708,6.312809576093563;1002,6.499212678633156;327,10.699821515906358;1010,7.844491492071592;871,9.440821429607663;483,8.309369959249949;29,9.495626623865899;225,12.52990158618065;629,13.062945375365969;157,16.6235981895018;92,17.298514658629358
627,0;1001,0.8448836445880333;493,1.2691244936541994;954,2.520922184219978;896,2.5941094391178288;311,2.5793451851502884;504,2.770023263536419;840,2.950628660682666;770,3.229220928223096;572,3.1172759838423363;513,4.143544438791108
886,0;295,0.2184067538281535;95,0.3116360613882687;827,7.339792677148112
