0,0
1,1
2,2
3,3
4,4
5,5
6,6
7,7
8,8
9,9
10,10
11,11
12,12
13,13
14,14
15,15
16,16
17,17
18,18
19,19
20,20
21,21
22,22
23,23
24,24
25,25
26,26
27,27
28,28
29,29
30,30
31,31
32,32
33,33
34,34
35,35
36,36
37,37
38,38
39,39
40,40
41,41
42,42
43,43
44,44
45,45
46,46
47,47
48,48
49,49
50,50
51,51
52,52
53,53
54,54
55,55
56,56
57,57
58,58
59,59
60,60
61,61
62,62
63,63
64,64
65,65
66,66
67,67
68,68
69,69
70,70
71,71
72,72
73,73
74,74
75,75
76,76
77,77
78,78
79,79
80,80
81,81
82,82
83,83
84,84
85,85
86,86
87,87
88,88
89,89
90,90
91,91
92,92
93,93
94,94
95,95
96,96
97,97
98,98
99,99
100,100
101,101
102,102
103,103
104,104
105,105
106,106
107,107
108,108
109,109
110,110
111,111
112,112
113,113
114,114
115,115
116,116
117,117
118,118
119,119
120,120
121,121
122,122
123,123
124,124
125,125
126,126
127,127
128,128
129,129
130,130
131,131
132,132
133,133
134,134
135,135
136,136
137,137
138,138
139,139
140,140
141,141
142,142
143,143
144,144
145,145
146,146
147,147
148,148
149,149
150,150
151,151
152,152
153,153
154,154
155,155
156,156
157,157
158,158
159,159
160,160
161,161
162,162
163,163
164,164
165,165
166,166
167,167
168,168
169,169
170,170
171,171
172,172
173,173
174,174
175,175
176,176
177,177
178,178
179,179
180,180
181,181
182,182
183,183
184,184
185,185
186,186
187,187
188,188
189,189
190,190
191,191
192,192
193,193
194,194
195,195
196,196
197,197
198,198
199,199
200,200
201,201
202,202
203,203
204,204
205,205
206,206
207,207
208,208
209,209
210,210
211,211
212,212
213,213
214,214
215,215
216,216
217,217
218,218
219,219
220,220
221,221
222,222
223,223
224,224
225,225
226,226
227,227
228,228
229,229
230,230
231,231
232,232
233,233
234,234
235,235
236,236
237,237
238,238
239,239
240,240
241,241
242,242
243,243
244,244
245,245
246,246
247,247
248,248
249,249
250,250
251,251
252,252
253,253
254,254
255,255
256,256
257,257
258,258
259,259
260,260
261,261
262,262
263,263
264,264
265,265
266,266
267,267
268,268
269,269
270,270
271,271
272,272
273,273
274,274
275,275
276,276
277,277
278,278
279,279
280,280
281,281
282,282
283,283
284,284
285,285
286,286
287,287
288,288
289,289
290,290
291,291
292,292
293,293
294,294
295,295
296,296
297,297
298,298
299,299
300,300
301,301
302,302
303,303
304,304
305,305
306,306
307,307
308,308
309,309
310,310
311,311
312,312
313,313
314,314
315,315
316,316
317,317
318,318
319,319
320,320
321,321
322,322
323,323
324,324
325,325
326,326
327,327
328,328
329,329
330,330
331,331
332,332
333,333
334,334
335,335
336,336
337,337
338,338
339,339
340,340
341,341
342,342
343,343
344,344
345,345
346,346
347,347
348,348
349,349
350,350
351,351
352,352
353,353
354,354
355,355
356,356
357,357
358,358
359,359
360,360
361,361
362,362
363,363
364,364
365,365
366,366
367,367
368,368
369,369
370,370
371,371
372,372
373,373
374,374
375,375
376,376
377,377
378,378
379,379
380,380
381,381
382,382
383,383
384,384
385,385
386,386
387,387
388,388
389,389
390,390
391,391
392,392
393,393
394,394
395,395
396,396
397,397
398,398
399,399
400,400
401,401
402,402
403,403
404,404
405,405
406,406
407,407
408,408
409,409
410,410
411,411
412,412
413,413
414,414
415,415
416,416
417,417
418,418
419,419
420,420
421,421
422,422
423,423
424,424
425,425
426,426
427,427
428,428
429,429
430,430
431,431
432,432
433,433
434,434
435,435
436,436
437,437
438,438
439,439
440,440
441,441
442,442
443,443
444,444
445,445
446,446
447,447
448,448
449,449
450,450
451,451
452,452
453,453
454,454
455,455
456,456
457,457
458,458
459,459
460,460
461,461
462,462
463,463
464,464
465,465
466,466
467,467
468,468
469,469
470,470
471,471
472,472
473,473
474,474
475,475
476,476
477,477
478,478
479,479
480,480
481,481
482,482
483,483
484,484
485,485
486,486
487,487
488,488
489,489
490,490
491,491
492,492
493,493
494,494
495,495
496,496
497,497
498,498
499,499
500,500
501,501
502,502
503,503
504,504
505,505
506,506
507,507
508,508
509,509
510,510
511,511
512,512
513,513
514,514
515,515
516,516
517,517
518,518
519,519
520,520
521,521
522,522
523,523
524,524
525,525
526,526
527,527
528,528
529,529
530,530
531,531
532,532
533,533
534,534
535,535
536,536
537,537
538,538
539,539
540,540
541,541
542,542
543,543
544,544
545,545
546,546
547,547
548,548
549,549
550,550
551,551
552,552
553,553
554,554
555,555
556,556
557,557
558,558
559,559
560,560
561,561
562,562
563,563
564,564
565,565
566,566
567,567
568,568
569,569
570,570
571,571
572,572
573,573
574,574
575,575
576,576
577,577
578,578
579,579
580,580
581,581
582,582
583,583
584,584
585,585
586,586
587,587
588,588
589,589
590,590
591,591
592,592
593,593
594,594
595,595
596,596
597,597
598,598
599,599
600,600
601,601
602,602
603,603
604,604
605,605
606,606
607,607
608,608
609,609
610,610
611,611
612,612
613,613
614,614
615,615
616,616
617,617
618,618
619,619
620,620
621,621
622,622
623,623
624,624
625,625
626,626
627,627
628,628
629,629
630,630
631,631
632,632
633,633
634,634
635,635
636,636
637,637
638,638
639,639
640,640
641,641
642,642
643,643
644,644
645,645
646,646
647,647
648,648
649,649
650,650
651,651
652,652
653,653
654,654
655,655
656,656
657,657
658,658
659,659
660,660
661,661
662,662
663,663
664,664
665,665
666,666
667,667
668,668
669,669
670,670
671,671
672,672
673,673
674,674
675,675
676,676
677,677
678,678
679,679
680,680
681,681
682,682
683,683
684,684
685,685
686,686
687,687
688,688
689,689
690,690
691,691
692,692
693,693
694,694
695,695
696,696
697,697
698,698
699,699
700,700
701,701
702,702
703,703
704,704
705,705
706,706
707,707
708,708
709,709
710,710
711,711
712,712
713,713
714,714
715,715
716,716
717,717
718,718
719,719
720,720
721,721
722,722
723,723
724,724
725,725
726,726
727,727
728,728
729,729
730,730
731,731
732,732
733,733
734,734
735,735
736,736
737,737
738,738
739,739
740,740
741,741
742,742
743,743
744,744
745,745
746,746
747,747
748,748
749,749
750,750
751,751
752,752
753,753
754,754
755,755
756,756
757,757
758,758
759,759
760,760
761,761
762,762
763,763
764,764
765,765
766,766
767,767
768,768
769,769
770,770
771,771
772,772
773,773
774,774
775,775
776,776
777,777
778,778
779,779
780,780
781,781
782,782
783,783
784,784
785,785
786,786
787,787
788,788
789,789
790,790
791,791
792,792
793,793
794,794
795,795
796,796
797,797
798,798
799,799
800,800
801,801
802,802
803,803
804,804
805,805
806,806
807,807
808,808
809,809
810,810
811,811
812,812
813,813
814,814
815,815
816,816
817,817
818,818
819,819
820,820
821,821
822,822
823,823
824,824
825,825
826,826
827,827
828,828
829,829
830,830
831,831
832,832
833,833
834,834
835,835
836,836
837,837
838,838
839,839
840,840
841,841
842,842
843,843
844,844
845,845
846,846
847,847
848,848
849,849
850,850
851,851
852,852
853,853
854,854
855,855
856,856
857,857
858,858
859,859
860,860
861,861
862,862
863,863
864,864
865,865
866,866
867,867
868,868
869,869
870,870
871,871
872,872
873,873
874,874
875,875
876,876
877,877
878,878
879,879
880,880
881,881
882,882
883,883
884,884
885,885
886,886
887,887
888,888
889,889
890,890
891,891
892,892
893,893
894,894
895,895
896,896
897,897
898,898
899,899
900,900
901,901
902,902
903,903
904,904
905,905
906,906
907,907
908,908
909,909
910,910
911,911
912,912
913,913
914,914
915,915
916,916
917,917
918,918
919,919
920,920
921,921
922,922
923,923
924,924
925,925
926,926
927,927
928,928
929,929
930,930
931,931
932,932
933,933
934,934
935,935
936,936
937,937
938,938
939,939
940,940
941,941
942,942
943,943
944,944
945,945
946,946
947,947
948,948
949,949
950,950
951,951
952,952
953,953
954,954
955,955
956,956
957,957
958,958
959,959
960,960
961,961
962,962
963,963
964,964
965,965
966,966
967,967
968,968
969,969
970,970
971,971
972,972
973,973
974,974
975,975
976,976
977,977
978,978
979,979
980,980
981,981
982,982
983,983
984,984
985,985
986,986
987,987
988,988
989,989
990,990
991,991
992,992
993,993
994,994
995,995
996,996
997,997
998,998
999,999
1000,1000
1001,1001
1002,1002
1003,1003
1004,1004
1005,1005
1006,1006
1007,1007
1008,1008
1009,1009
1010,1010
1011,1011
1012,1012
1013,1013
1014,1014
1015,1015
1016,1016
1017,1017
1018,1018
1019,1019
1020,1020
1021,1021
1022,1022
1023,1023

20,0;328,2.1732945511414377;721,2.2505029497922955;404,2.3652307881599244
919,0;893,0.2993934392554566
1005,0;356,1.2710878487128034;221,2.0842227862624383;975,3.03213229051139
441,0;189,2.1142183857267134;335,1.2995841794455738;734,2.1495521169899576;619,2.8859572671809284
475,0;995,0.31563248896611223
958,0;101,0.8433276986633831
998,0;907,0.26871633300610653
475,0;995,0.6913391666567757
756,0;411,0.005584263889155789
628,0;515,0.19302710283478736
310,0;654,0.14752335485453363;825,0.4260195081364828
967,0;105,0.21006289994526547;789,0.27547444825920997
70,0;518,0.4050286004068968;455,3.03479649802627;892,3.9374677583483053;330,3.983420398870505;906,4.453323455306191;375,4.095350182382595;780,4.473352080796147;592,7.579458521205196;359,4.864685683966163;244,5.0929469770748055;318,7.412172082501476;791,6.086986976372405;174,7.47346932578705;189,7.745500847610779;790,11.330940527951434;578,7.49053778966753;304,7.80466872099063;533,12.269316230758518
852,0;3,0.6941163193330357;151,0.8110899381018555;671,2.608337853064028
412,0;287,2.1600440302446318;588,4.4425717162419005;521,2.324636148344365
493,0;954,2.186148605017648;352,0.739842273119356;117,1.475674467506157;438,1.9062851524327602;879,2.917511544523043;1019,2.4043303709116195;718,2.5171684503428;825,3.595436266267312;344,3.497525625979954;311,3.56176525661363;840,4.709646647248295;594,4.030077729414798;405,4.178576066836315;668,5.005702367557835;798,4.2636937794501995;373,4.615130271535307;19,5.557684833666933;473,4.838347317749417;572,4.756415563310927;323,5.355675285851361;149,4.899851104573061;513,5.039888359281766;282,4.769065312705014;789,5.096165357022123;203,5.040060000896709;350,5.463416688180619;63,5.566495474680717;748,6.1490318493625535;616,5.62995071769435
377,0;571,0.8154263820834401
709,0;308,2.0302769500687625;824,5.056601932664403
792,0;515,1.4712406041945567;523,0.34025703837909166;609,0.4972198488548978;77,1.8407488287044098
71,0;247,0.2825542134697638
563,0;814,0.23704099402166842
912,0;792,0.5638088264009795;1009,0.1883729809465161;365,1.3363628084780927;636,3.0071797670809683;847,4.163941730295592;903,4.749452891921818;704,4.582049069129744;65,7.873077776376681
736,0;767,0.7184656995636036;99,0.5481213180080502;298,2.3272044610505596;533,0.8668497837743906;635,1.3633759205890503
188,0;600,1.4559206574461492
599,0;590,0.34971834770434684
467,0;554,0.6232625760580506
164,0;847,0.8838884629253351;903,1.9243775824250227;704,1.4096948136214973
67,0;878,2.332415883081378;173,0.7203490279537812;236,1.4037413014960114;975,5.739355487641534
445,0;809,0.5540053747279746;297,0.8307282983793023;111,1.255179934082908;259,1.6663291874512667;167,1.8219985780347503;38,2.4118068963410737;174,2.563171422465831;189,4.365710943960052
526,0;834,0.10827392808512587;729,1.649172541232661;45,2.080921133754731;146,3.0877958674881123;202,3.3109636767779733;837,6.039595593959703
527,0;114,0.9449596023743875;924,1.119945985862083;539,2.3263083901197845;587,3.217685894078846;702,2.6742533022935246;983,7.2532546354126355;427,3.111649949499326;421,2.8395635609134744;797,3.2460495026840146;510,5.390388917423298;622,4.350817372936736;478,5.473033221830022;605,6.032390902889031
892,0;330,0.32442864747815775;983,0.5814315868252544;735,0.7508058879040256;375,2.074933868871559;61,0.6415473815046753
831,0;93,0.09099976112173043;295,0.31126970052872743;343,1.7755564344713075;858,0.4435056039376646;580,0.5808164611834018;912,5.867099305781936;577,3.6110532539835143;792,6.724932487737745;1009,6.443590049243201;365,6.506693952317919;636,8.123808009451253;515,7.415816577236142;523,8.170344962089327
934,0;612,3.3221938333202243;363,0.5494222843681882;691,0.6002333187530494;754,0.6959296445375981;830,0.7506059721907918;574,0.8604458444549749;943,0.8634509657607553;5,1.6458544144183245;154,3.6709477676224376
716,0;968,0.5352642532253894;11,0.08192323076261832;608,1.016518672887328;77,1.5861575298116317;973,1.6607811460230586;1010,1.910185584415228;483,2.246857584073841
10,0;73,0.7939082324714407
840,0;473,1.1427162011101808;20,0.367160249696224;572,0.9369919722072865;139,0.5113735458615241;328,1.4809811253486949;911,0.5175514523123216;149,3.864266691741509;282,0.9647265161082633;789,1.805362613186424;721,2.472631367769722;404,3.6627173999779616;831,3.276200726515582;581,3.1378771675884365;896,4.263937191475351
401,0;68,0.049040406440878356
439,0;647,0.794500076587608;195,1.9613476984541727
17,0;862,1.0279217192806271
16,0;735,1.0266380038922627;512,3.940184106691007
762,0;475,0.20484294512414153
836,0;292,1.4455418231572543;399,0.24607132868308101;130,0.38380059603775135;784,0.7559170589837041;662,2.1691009755381776;941,1.2124429821162486;380,1.6068922781422728;279,2.366284970168266;791,2.4731050098778264;543,1.9020827495466357;669,2.038488072606498;53,3.695995610533762;580,2.2246110725890995;781,3.1445903044347787
352,0;117,3.6911394127304678;376,0.8243069596971416;697,3.1184387862425136;664,5.08419221571615;879,5.024865269973157;1019,7.395772878033204
501,0;795,0.5148724157283031;708,0.5659071477268065;291,1.1475970052878703;327,2.177217209575402;993,4.0346087672407664;225,2.211236348458723;857,2.3571374834521004;629,3.697468676198091;157,5.018741462833484;328,7.369055870565383;670,5.475765009141376;721,7.444117930910207;831,7.605102611679269;581,7.617274557505708;93,8.70361877319999;893,8.250547450705547;896,8.568536361838792;24,9.839953456186114;295,10.43114427936745;810,9.982306641454544;73,9.924349343722746;343,10.618228322757993;858,10.979070129981993;577,10.876104526073508;883,12.860765828383656;580,11.049839643846546;421,14.475275796545544;797,14.790412385375438
143,0;652,0.29634693124878586
704,0;600,0.2295356069932059
788,0;86,1.8905398371048534;18,2.0917016384376836
930,0;807,1.676331763111616
951,0;353,1.0408474729070176;802,0.07771703820818611;264,2.2588358528129846;710,1.5685484912805796;112,2.376191337234587;965,2.4095404845280974;725,2.3104337720703625;983,2.7849423236692794;232,3.3354505290528556;638,4.019350079927013;707,3.933799063462397
362,0;331,0.7048778470838458;162,0.6611287827709977;559,0.7935379095942129;743,1.4944293140910583;565,1.3426648798708436;955,1.3125228715362334;240,2.404810401901506;698,1.4538277840004998;684,3.5823085019100542;853,1.5110810929670213;401,3.5104783110052615;979,2.6538175477916353;307,4.024610376718654;523,4.395770649146437;508,4.19756066609533;194,4.333319896900744;811,6.15558387242349;778,7.32722732551489
572,0;513,0.5252780152889495;282,5.61756677565481;789,1.2451113629543318
991,0;493,3.1826573037722445;799,3.217134068248338;352,4.228090721873486;869,5.5930373015598835;117,5.134338791608188;376,4.807855569675513;879,6.482952101882056;1019,6.485653757529004;1012,6.824951773883401
335,0;256,3.025754414867975
2,0;744,0.49166782229499106;977,1.1399458377350848
704,0;65,1.093375980539236
940,0;6,1.5964618070695107
486,0;2,0.7103717854774491;744,1.7734573702106764
234,0;888,1.8047563280648888;780,0.10797036298017965;416,1.2123936369978254;947,2.2970076218533855
852,0;572,0.062395009081612794;282,1.324244375373216
48,0;955,0.30797681910829805;624,2.6417334993514303;797,0.90923700847381
608,0;77,0.33545043886372417;973,2.302353654529209;702,0.6005214095622236;360,1.8916771758478235;427,1.4020641938837817;421,0.6011147624593038;797,0.9624596017655075;155,3.639943133748193
427,0;740,1.6207951794108977
61,0;482,1.1633641027504142;850,1.6337404811740392;598,2.469548239667642
697,0;193,0.4094485787407254;456,1.179629576076608
623,0;998,2.419215555556973;210,0.156874136323843;499,0.3918026334929376;19,0.7708909911739279;972,0.49416670660410755;488,0.7068946031018608;246,0.697134490016061;1001,1.2029378940635613;141,1.466819603541055;447,2.5278168274628334
161,0;170,0.054201652416754384
257,0;393,1.7164800305914625;73,1.642254327295661;410,2.066789310253544
374,0;935,0.6221507162774034
507,0;337,0.06269998937080463
276,0;11,0.08414163906499307
160,0;708,0.6699787213996621;327,3.071887758453773;1010,1.7170424269474158;871,1.3353331246161908;993,3.2012947298185006
351,0;281,0.11723297287178178
873,0;129,0.4358132747148842;195,1.8312057427423871
82,0;633,1.0963171861982481;448,1.2146485316714182;1016,2.38443526513116;398,5.3582146931200345
503,0;256,0.11238251417211548;520,0.7500249325584672;607,0.29169801776921866;458,0.7812529755370503;980,3.563363984027518;124,1.5950428218897703;797,2.8102056977421146
136,0;72,1.112781652675986
614,0;79,1.2414499810730566;29,0.623101434608519;580,1.5060841577263688
951,0;353,0.0051247017443488835;802,0.24052187405218606;1,1.2766727710020689;264,1.4518465370097169;710,0.6972635058867684;112,0.8710338689940554;965,1.9726014393685165;725,1.8458197995713053;735,2.814174058634686;983,2.6733769335450748;58,2.083876020488802;31,6.83786293004678;422,3.689932079881089;638,3.159400816253888;172,4.231706047350127;727,3.6832977792125057;405,2.86582899184165;61,6.294720168603956;798,5.317864716654931;326,4.844695072326411;382,5.2699659718806515;364,6.24489601330861;869,6.639046662592587
929,0;857,5.55545548290403
608,0;77,0.7470878938532813;973,0.7805616017557105;249,2.110681108960254;155,2.954091954880684;616,2.5080527134858066;398,3.5226174247868705
191,0;694,0.44887409392436983;1005,2.357492020556252;356,3.5398597509713;256,4.090431343398126;618,4.5946717632499565;195,5.511561517994108
572,0;149,0.8789575842867747;513,1.0190503816107768;510,1.6395197867945939
308,0;824,2.2043488612441564;689,3.9111936079190546
52,0;654,0.6794850200234469
379,0;474,0.3537225179041836
236,0;189,0.5322232046606765;295,1.0961828669851688;343,2.0617276895231065;858,2.116451837632505;827,1.3925892615909359;709,1.5724291651179478;485,2.1175766928215314;318,2.1567400939007375;174,2.647795007041002;570,2.652213708785147
722,0;825,0.8451154061458644;57,5.359887882162251;594,2.017167868465971;338,6.564159616863468;99,6.216279489092933;298,7.289026209115612
446,0;359,0.8247022257090539;974,0.9752436446134487;318,2.7193549378312394;512,1.4281577656489608;479,1.5199706346893789;647,1.20329780758259;728,2.4770237536349344;611,1.994104297945887;314,2.6009260941044334;174,2.792840468065494;570,3.3464826839505184;578,3.2241179851418593
365,0;636,1.600261796712781
840,0;473,1.2507998858200164;139,0.7082234266698181;323,0.13449240100145898;63,0.3182024998259626;748,2.16764790686592;911,1.2963779614604796;203,1.287666108305173;678,2.301264892301569;350,1.5882328292456367;360,2.682955281917448;474,3.487846513021661;935,4.6065292130497895;898,4.901132173622984;377,6.358500597514622;2,5.887503715329662;571,6.513913680956259
93,0;24,0.04382550059365907
800,0;1013,0.2475880748649868;385,1.8231725731756776;875,2.0409364670033154;920,2.838828288471462;152,3.8988160769203146;162,2.4130066246628976;128,2.685892927749996;743,2.678967927040776;565,2.6171018784016535;955,2.7797851091298553;698,2.640291137393513;319,3.725994606922686;853,2.9371474625749454;102,3.4414484511612753;797,3.5304217942417786;342,2.8774324310625192;528,3.4130749351793295;401,4.248286774144308;234,4.0083376451161215;19,4.34626322636181;888,5.435624031231508;78,4.043827448251292;876,4.184048206494653;696,4.090509385027573;841,4.766307302047241
62,0;710,0.042210144757261384;620,0.5259620429696049;965,0.3503121413658487;422,2.65506201091994;650,0.6579520620094661;430,0.5803677861577484;203,4.479326788031145;350,5.290738856363525
412,0;943,0.11159493682693346;287,6.242363627913461;536,7.0088960725974845;162,7.176828842444115;292,7.471602026503282;743,8.455065153502298;565,8.10207761379017;955,11.186213318292662;791,10.815442643234919;698,8.894968522858456;684,10.393871161019169;853,9.550977536675534;319,9.16741184782031;893,9.2147926010507;19,9.293222197294202;401,9.631549542113627;68,10.941344168198956;738,11.48881048857207;918,13.201266433298638
439,0;848,0.7693072493669698;304,2.453648074054543;792,0.13012697432580084;668,2.6359740454297045
766,0;446,2.01068094776343;316,2.063816478304944;974,3.3456243492851674;914,3.4607726027032917
500,0;260,0.03289293738303272
142,0;515,0.4269706049980781
378,0;334,0.04298458933155998
800,0;1013,1.0329928816518197;533,1.211842923834146;385,1.7093173099468721;920,1.8933327728120752;152,2.1512333061264197;748,1.9737015957706407
875,0;826,2.1912713889406334;162,0.30254171873455943;559,0.6648837256030904;743,0.36052898225866886;565,2.9640656049106253;501,2.280189043847183;278,4.025996510480332;708,2.423518543576203;964,4.77077080149194
24,0;810,0.36732373747335756
346,0;313,0.46706396163502806;594,0.8659861255240323;405,1.480838629459225;798,2.8116142588721527;339,3.5262586333416426;39,3.806881120038012
1012,0;691,0.1720018740922999;888,0.8324815816649671;897,0.9364381124097483;225,0.9513660321918644;629,2.359332491409938
825,0;594,0.3992193379809036;405,0.6552113873595382;668,1.1876351904408757;798,1.5414084635895384;373,2.200541403878817;19,5.2488459745675495
293,0;598,0.22358328163518873;49,1.0464542822957164;360,1.324490185974704
640,0;555,0.23596135046858602
86,0;18,0.8390751259647665
472,0;179,0.37221122315839533
592,0;304,0.18800009066016238;668,1.3344002882551966;578,1.5063557970889656;49,2.1366208141851297;485,2.143283977655017;360,3.3414277355061905;762,2.5900680211975438;475,3.8192783945327626;995,4.283105501874816
436,0;250,0.11138759399779888;87,0.18198152971746026;389,0.9680031842708874
182,0;91,0.4331777838911595
403,0;812,1.0977078877174244;358,1.070108453176101;528,2.4791455632434207;153,2.581844045678867;81,2.8410497178035867
526,0;834,0.16349489590252914
510,0;478,1.2410577908135703;605,3.8883042110697494;85,7.1165091185098035
303,0;501,1.6734782757037268
415,0;592,0.5398640614075753
317,0;931,1.0996409621009642;364,2.1614024924720328;254,4.168830060576404
185,0;639,0.9324873715454175;433,1.7465155405912478
169,0;249,3.859088008897355;322,4.058558977509971;616,4.325345953299134;474,6.286884186360989;576,4.909096325786966;935,6.980126114793592;1002,10.165552046568532;377,7.1527802916734755;571,7.248692327792772;192,11.903335039544931
532,0;276,0.9290984936668497;11,1.4717367907447532
702,0;360,0.07747362660277553;427,1.5571068293887387;740,4.741461031647789
428,0;778,0.13983580542058058
506,0;272,0.6038976470600219;505,2.241976868486356
961,0;102,0.462262391564604;596,1.8846350928680227
514,0;806,2.159887745138539;786,0.644889652510963
836,0;292,2.08716214509;198,0.5886558918176971;871,0.79225184575307
38,0;174,0.45423369779940964;570,1.030066685756221;790,0.6004224106263654;578,0.9037038319223458;533,2.1369027270504914
812,0;400,1.2289304031222767;470,2.7970417522468063;430,2.946612608714735
592,0;304,0.28616849438172565;668,0.8499507829206224;578,1.278130415329858
997,0;56,0.004969177920611441
71,0;247,0.8275723418230975
402,0;956,0.31593664280709105;846,2.649833598417777
375,0;913,0.6312988049834231;429,1.8056275415093248
756,0;411,3.313366305869143
845,0;531,1.0835317347025115;561,1.2681402441552179;898,1.8667082814147165;62,1.7725475901854404;247,2.0350792306873684;352,1.9383229714393353;376,2.0819281657876516;664,2.0901139629007166
527,0;733,1.680039228720264;956,3.7289534457166194
486,0;2,2.7314613979080407;562,0.4766673201083378;67,0.5412072491236283;447,1.2623413340723877
187,0;636,0.2983307726471097;918,1.5840405590970994
137,0;873,1.2317829836668;129,1.3191890585970367;745,2.6975491434683025;642,3.8001909002854566;510,3.0141225505819977;478,3.9008111774454077;198,4.209882928218961;484,4.068453980475727;605,5.692364065458811;497,5.756925108431419;871,4.323119577798934;85,5.939249921061786
46,0;765,0.09394190240157733
621,0;510,1.000666329156012;793,0.09630181057002293;478,2.154760124835854;664,3.101435054536033
72,0;169,0.516034678027699
172,0;326,1.4803295168358692;364,3.7348528700821584;781,3.854197851648846
504,0;770,0.025967345193588256
80,0;364,0.06714935792500251;295,5.390866165238931;781,0.5799475046435211;827,8.369899218650978;709,5.427639780707839;308,9.611455574886657;485,8.856397135450903;318,9.008557184473014;174,9.480398459932633;189,10.84182209932087;790,9.791671555653291;734,11.185648490243572
788,0;705,0.10283538777856532
221,0;975,0.23919682084393845;861,1.9375469867114599
67,0;173,2.606761051819944;447,0.02693007948205587
311,0;504,0.81456336659022;840,0.7555301671335936;323,1.1764260139701563;974,3.4740197755705413;63,3.5300328482655248;512,3.5054739821078424;728,4.160198936706267;251,3.810203857668234;748,4.770060791431877;616,3.547261504201755;576,3.6342286523870935;86,3.8637077293405233;802,4.205737588600848
479,0;314,2.0418430593363937
132,0;973,0.6574253240672371;249,0.7502291624882869;322,1.6072211739752817;474,1.8270280971160453;427,2.0241493536872994;740,3.4182026643855883
958,0;101,0.41397509486197337
685,0;370,2.5374778418718207
493,0;799,0.6822312935021682
590,0;693,0.23126660079284012;982,0.5807693254689019;931,5.857673016409957;10,0.7055518464994626;73,1.1535507239342082;254,6.825657317957135
551,0;408,0.43700803120794096;341,0.3596075225338627;983,0.7592290853259437;405,3.5672974262094055;61,3.057131017904734;798,5.252784555651969;1005,3.9233703079488698;356,5.069536766136419;256,10.008455421100566;339,6.833040067316299;39,7.208222464201536;630,10.131249869321593;618,11.090518656701619;195,11.318103732194016
645,0;103,1.8372102459404038
888,0;947,0.5487160278995333
171,0;392,0.40231062520897143
33,0;195,0.4978677078974396
484,0;497,0.27240705259398157;875,1.4569438079062231;82,0.9004720832049586;675,1.5177127274427589
328,0;721,2.033155945064462
985,0;589,3.391680126459429
374,0;504,1.7626244646562628;935,0.9939937794328697;25,2.0232797681947905;1002,1.5661756447418584;377,1.1193000763274301;571,1.138041420351324;315,2.021479401385841;192,1.7760551827466902;460,1.610808741036848;770,2.2082135379392263;772,2.1214303890890096;698,2.756340032036734;729,2.3624326861907647;102,4.348120979061859;70,2.279929689769194;518,3.496624358457556;319,2.923746897447271;455,3.5405947346014974;396,3.6894577755331257;892,4.00002530782995;797,3.7637553126718846
843,0;861,0.3560978850384595
327,0;993,1.9038057488799403;225,1.0408357625657534;629,1.7336923672255704;157,2.2582642082437774;328,2.894749583906049;1003,4.584542738870228;404,3.205233847455789;831,2.9579345649413993;893,10.574085552087082
380,0;543,1.3048100759375616;53,0.2514401665691895
347,0;668,0.851697931503719;534,4.558615022627199;396,2.3158131617762563;514,0.08878267316816259;578,1.403040978021917;49,1.6629010523248864;797,6.1953286294163
712,0;410,1.7264096200829593;254,1.9464442473074568;313,1.979865937403714
475,0;995,0.0063944973595977455
0,0;1003,0.20557635468858443;854,1.8087263388670205;612,0.5536713964254241;866,2.165592724382797;881,3.497515318204198;845,3.2429548028489767;628,6.68269703288364;531,3.3006980663195113;600,5.612059810916072;561,4.7231486221371775;62,3.636925963598067;352,3.720640100001777;620,9.067226480705457;117,3.8758818693143247;45,4.657015607110147;247,6.139627918399106;515,8.594667931677572;680,9.18423277586883;650,9.241403053084946;430,9.820305201543071;937,10.20935759338281
238,0;611,2.006138358520856;895,2.669436601914283
769,0;827,1.1731167439482844
205,0;718,0.04048257965101172
172,0;326,1.2053639889105539
565,0;698,1.5024113451079264;319,2.8456006219666374;234,3.750355364777713;893,3.433713229038345;19,3.3271213027436426;888,3.939966527301816;876,6.355696591476426;780,3.801222892494416;394,4.542195294930792;947,4.112273449356509;325,4.635971056112897;658,5.587998404907267;885,5.276400932739193
251,0;122,4.560655322694572;238,5.00687956890867
30,0;546,0.06315022008348439;788,0.5617452619273272
620,0;650,0.060398591336484404;430,0.5776652184761818
261,0;991,0.34115670081024724;921,2.1647005067224243;1,1.5230430167993119;552,3.2846330565608404;906,2.174801503025671
1001,0;493,1.2939155705235377;799,1.4134859239969908;954,1.9737707679511165;352,2.209676989716109;869,2.6817469839519408;130,2.8010511631795953;311,3.4308430984673994;376,3.836464250459714;1012,2.882321567566908;888,6.553797900347483;427,4.641586037156684;740,5.334156441182152;729,5.768818323515267
927,0;125,0.09874156231746567;855,1.4721335646197056;107,0.7624169628908489;72,1.2548291619173668;741,3.732237078182459;169,2.378727697863066;806,2.425113580509035
153,0;100,0.056198283204123636;629,0.4055832724614351;157,2.1792856267940928;1003,3.852048305746907;612,5.609644921537008
780,0;394,0.3516476040670823;325,0.6415472285659889;735,0.7795955994482513;393,2.680376363344234;69,0.6545665784795577;526,2.0356656198381913;449,0.9814198035649448;512,0.8379924345903652;728,0.9745812779057961;251,1.409157160372273;122,1.5994578555944305;238,2.097472501999804;834,2.088448566379594;729,2.505311262921376;45,2.6341377831886885;146,2.6686028480086526;801,2.728092697791185;410,3.0645425403787363;335,4.919394234003737;948,2.911989761549191;570,4.329564720574211;204,3.009386276062379;990,3.1986142039142647;871,4.505411689561843;125,3.152325948989669;107,4.946081015798243;741,3.3017889387062302;460,3.8710776704173933;875,3.494808060995211;48,4.410727784844832;355,3.776740343795848;131,4.311834885511396;537,5.055544261905819;955,4.49126535962101;624,4.571774736072741;256,5.82512157838538;290,4.968479700528441;822,5.869687988827777;618,7.820852557243101
579,0;78,2.2370592523869357;696,2.935901192975447
207,0;801,0.4040181863523855
339,0;39,0.06765915690106036;630,0.860909760678201
481,0;316,0.28406923083256497
267,0;270,0.18736168829807767
428,0;187,0.47687285326210793;636,2.323837774525648;847,3.5010001376462;704,4.226852750670386;65,8.21548141420934
416,0;64,0.1920480769623032;873,0.8025120062321549
459,0;413,0.9450826069453675
473,0;203,0.5114253155617497;350,1.0980769382722793
332,0;991,0.22206898416202528;507,1.3006129018410428;24,2.551128555677602;552,0.2481797747460613;337,1.3866484707516136;73,4.344328011667805
753,0;996,0.23102306201708397
715,0;249,0.3986047527774428;322,0.9622573305647737;474,2.5464572377598254;427,2.8879615741169435;740,3.894676007703194;729,6.231483427606551;146,6.54321694469963;202,7.489755043540531;161,6.828441233315145;170,8.860188551876186;837,8.25996250286685;535,8.396100434604797;855,8.582076540550245;420,9.192025028398302;58,12.746608141366242;67,14.701906125272105;189,12.762161999220814;619,12.780917525173829;878,14.812434007027884;447,14.978067467698216
417,0;285,0.17297427745580682
120,0;651,2.5978270752840302
207,0;801,1.3385221038124482;750,2.88333162020099
1010,0;483,1.1692123586845213
517,0;212,2.496858261136399;881,0.35434719843368434
637,0;336,0.3761756059212284;971,2.3252868116786423
666,0;520,0.5127155053589154;174,0.4996917120559341;790,3.014707023636675
290,0;986,0.6989138986345286;822,0.24895712110391172;861,1.399046134574077
987,0;331,0.874298077109532
1015,0;220,0.40423152434509224;222,0.5542447846498342;876,0.678735303386156
365,0;636,1.3343016077443062;847,3.499358438259553;704,4.099090780639803;600,4.546791728293801
76,0;717,1.0165514969819822;38,0.7666138139264277;174,6.881320431607279;238,2.2287354918324063;790,7.67582703677531;578,6.9147834870632945
379,0;474,1.619194484575476;935,2.2106580283432162;1002,3.3565791236412035;460,4.102969617567374;869,4.284802596056264
853,0;979,0.865981085394771
587,0;616,0.4748717155286693
226,0;725,0.3519643613606764;825,0.39833509485427415;31,0.9808118979103164;16,3.126037108499872;650,3.9703117607510157;937,4.630586610344324
781,0;51,0.9810506426998388;965,1.8289940340893796;638,2.054592086596769
594,0;405,0.9937094242743678;668,2.1813749374313742;1005,1.7616224138054655;65,2.2737747554141916
984,0;881,0.6419113982366362;515,0.4498372978882714
396,0;535,1.549981636461995;839,2.661134262469516;469,3.3325553432166015;160,3.487141342838103;708,4.2085527905385725;327,4.94202592635882;871,4.7496226711987495;225,5.743083093712385;857,8.195571020426712;629,8.101469062636603;636,8.75339363150917
892,0;486,0.2412277332103768;2,0.4796086306238485;509,2.1161393598980887;744,0.8398470002936469;644,2.888303196767006;560,4.434528636521791
225,0;857,0.11656017266883681;629,0.4236859728472189;636,1.6546767992203426;847,7.162932486191187;903,8.08757877696959;704,7.802900988339775
848,0;637,0.5188177702841766;336,0.7722654493528455
836,0;802,0.2731614735522953;399,1.2686096184228037;198,3.787735031925683;130,2.9700616696093936;264,1.344767792275609;710,3.2684492749920127;20,3.9201367320909792;5,5.076224740159825;328,5.217198940337116;402,6.120689926106198;404,7.209297626795147;199,6.543267277840001
209,0;710,0.38130205773366666;965,1.531127456694266;172,1.63918531674466
8,0;366,3.1824074836103415
965,0;422,0.623505894698244;203,0.8427761320591601;350,1.4659945389811728
482,0;850,1.1167808584967425;115,1.3083266621084744;598,1.9466390207430884;49,2.1946253852046143;360,2.438738169697358
804,0;37,0.22873982313180197;845,0.9356129029011814;531,0.9394316881375011;600,1.0311859949203483;561,2.930160291998207;62,4.134794026583499;443,1.4202893680026243;247,3.771148025999847;352,4.849617404641856;710,6.142595204769336;620,5.363047025223089;376,7.337641217675921;944,6.815385845489495;725,6.3473508459755905;5,6.849961454057103;31,6.58185233317511;521,7.814844182072168;858,7.916759697152127;648,7.848363111818643;154,7.561553658340934;536,8.468024888987504;152,8.085293398748677
225,0;857,0.23900180846226682;629,0.09496730592419964;636,3.684487442120329;847,5.073118703503274;903,7.294463850239151
272,0;505,0.15716666451828287;126,0.297642791294943
380,0;543,1.1690237465200686;669,0.8083370268860994;53,0.6748563135350601;856,1.327121274882885;835,0.7904689699870432
412,0;943,0.2719178086383931
74,0;497,0.7183136151356388;935,1.0806209644474787;377,1.9252617033703676;571,2.0905864221357886;315,3.6739810499860104
466,0;166,0.28374310723300133;860,1.0464302246656128;106,2.0908248597105534;649,1.7549903581334592;422,2.1337478661666602
67,0;878,0.30041943458236586;447,1.1453041211499682
324,0;438,1.1549155288003787;718,2.5642177460264604
939,0;718,1.1310461646671233
535,0;670,1.781971481698983
556,0;413,0.10723141564377793;994,1.0516267719343044;516,3.6276394527725726
755,0;585,0.013152023538126147
424,0;572,0.5555173455980275;149,3.075483827193812;282,2.337735061720064;605,3.946309739958912;85,4.368739460822108
450,0;311,2.31022029876107;427,3.0683566351069462;740,4.58674533972267
631,0;34,0.5433533032113149;539,1.3572941876570115;702,2.468515443441567;428,1.7247397060800937;983,1.7822600011348155;240,3.0409649994676995;999,4.413633143463519;778,3.5153909993918675;61,2.2556756803165756;482,4.131664370369419;427,4.2250435367925085;421,5.528979451383888;115,6.414999355577975;740,5.720386435630635
439,0;304,0.08848957301250114;866,0.5934569504048668;668,1.6215421133562054;845,2.428437226768205;628,2.6567607306879912;531,2.6640549987895574;201,4.031932327406004;844,4.427506904589414
986,0;136,0.18965964254577355;72,0.9453356656597514;169,3.2343006563880135;435,4.686267475733356;806,3.4046586995931376;578,3.972634503756852;49,4.830019704632904;133,5.624993128023064;485,8.556133717146924;190,6.109846036080831;384,5.8545515004521;762,8.8883797134149;475,9.06119385798464;995,9.319290780629704
752,0;539,1.7282311853162728;587,2.96997481302102;702,1.7947969455824138;428,2.347847600458656;360,1.8531965843803462;427,2.7604374964817775;421,2.285291332852183;240,3.7257782592979263;187,2.723625750529778;918,2.8950035738641144;622,4.064668647120323
815,0;309,2.2773288041978197;897,2.7052427557161405
0,0;1003,2.136918927643968
311,0;427,0.142497735810567;504,0.3921611753842308;840,0.8640809945791208;770,1.713382530955048;572,0.8723948903798936;149,1.3745685206853813;513,3.9036898999999736;510,5.381457291214447;605,2.4992997926593907;70,1.768473617971805;518,2.1614289559246926;455,2.8365728643165027;85,3.821677650203699;478,6.590694411077828;664,8.304246256174167
747,0;513,1.1402198099664884;373,0.4790456702395465;141,0.18125126975190725
384,0;26,2.0679509853832103;439,3.4896606116541604;647,3.6501159085152555;848,8.106249973662726;304,4.576083490322624;195,4.560949852863423;637,9.216544562647456;336,10.103500056393564;1,10.746908903279689;971,10.460198551473242;735,11.08754813274449;512,11.21965999012758;728,12.070621630358458;611,13.119546865886786;895,13.523132221092741
125,0;72,1.4907937724550981;169,3.918817217410875;806,4.347668687435582;578,4.9504239470513856;49,4.964729165859273;485,5.391841240508874;360,5.616325640450541;318,6.863751045984025;174,6.9625000220612705;570,7.999122789532539;790,8.602708668183508
172,0;326,0.59575979476786;364,0.7269178699364804
718,0;986,1.5893169124689268;136,1.7032589596167391
340,0;417,0.28928275519166763
105,0;789,2.888436419085951
453,0;840,0.2577254451316961;139,0.5485509545377911;323,0.946852010834448;911,1.1745793913649416
741,0;554,0.40842192928969484
525,0;984,1.412780025185607;881,2.18258401552339;822,2.378411065103773
364,0;781,1.0036367515254514;103,9.982439584500643
276,0;11,0.13242486903935605
633,0;458,4.375697407025592;797,5.022825362549382
806,0;578,0.6176698369832647;49,1.5143790036983873
807,0;287,1.661112486639555;588,1.7893287745936985
236,0;975,1.3771805685207712;189,2.7268912548849324;734,3.782665595455156;813,4.262783731047619
978,0;915,0.06789588503802646
706,0;997,1.8184597165524479;591,2.060663545912334
993,0;328,0.0708409143615599;404,0.8021184071123382;831,2.868425946780532;93,3.4672103772773086
725,0;31,1.0383880768973215;16,1.648404650380522;650,4.13180622410876;1010,1.8180523934862909;735,4.6508516709346654;512,5.393728265881611;728,6.403931805827262;611,5.737246399302914
595,0;575,0.02204331153956222;236,1.4353330940341134;209,0.6440442780129287;710,1.9245482233064315;22,2.945827677969597;775,3.98050182466911;975,2.293504356144711;189,2.411104590909316;965,2.3256376420729787;5,2.709316595266257;861,5.974709925072565;638,2.564085536950183;154,4.077213180478436;142,5.405340469565538;481,4.477666929212177;316,5.752412795267495;708,6.223280526333427;902,6.568388711332409;430,6.584157705826309;679,7.676352907030292;327,6.849540344092117;1010,6.5530767172437185;871,6.867834352652531;483,6.814259092681563;979,6.818200870504406;307,9.314952207205156;993,7.77154643433566;225,7.167398978395199;29,7.580840399282052;629,7.650299343072391;157,9.759018729201749;789,9.777882288809739;328,8.230941107818902;944,8.708646217484175;721,9.21092871327657;404,8.28143935368581;521,10.816101176781423;858,8.825600691801698;726,11.284325516222289;648,8.898797555120339;536,9.111258649429578;292,10.637159943160249;92,10.015030172681787;279,11.691770542887069;781,11.798228116037206;103,11.807688087020274;51,12.707054364457463;224,12.561488316263475;664,13.636945845957003
318,0;174,0.2061896377864026
988,0;523,1.6297936419587622;609,1.930703277605384
520,0;980,1.3626529313300175
402,0;199,2.1595513281243757
114,0;924,0.4648325150015155;539,0.55935844721715;587,1.9171353955655268;428,1.1934660689105916;983,0.8829940747824565;405,1.31897665863456;999,1.7556570293444973;778,1.2688575882845552;798,1.7392415091714972;373,3.436026194647147;339,3.6881816135063286;510,2.6922880235767304;622,2.4153518578974906;616,2.307745854081548;576,3.4848982462582843
502,0;149,0.37143458454864264;510,0.5049152293467498;605,0.6252498232833547;85,0.7960445072765298
162,0;743,0.29238061480244903;565,1.2334947560625844;240,0.8184492283054864;131,1.9312605046163416
853,0;401,0.22309725808387015;979,0.9049898934329963;307,0.959691448054876
53,0;856,0.2960982831279077;835,0.40527867424695846
267,0;835,0.35463349664490007;270,1.7228265888460046
705,0;424,0.0012363766409678046;66,0.026375565853692627
662,0;580,1.0549495511395615
829,0;802,0.31251176361199146;807,1.7774453527913237;112,1.2477347190679866;232,1.7084164028749398;915,2.849742486188997;959,3.3483629664273105;84,3.1064175455544216;779,3.177602874273699
352,0;376,3.9144467787178847;45,0.11529900472103911;697,4.295003675544589
687,0;486,6.7138802445000145;2,7.624477483550628
842,0;902,0.05908080279328474
362,0;331,2.1638373511713493;162,0.32638926567140925;496,0.9670841581016049;565,0.44091581167151395;240,0.47141255841233887;698,0.629469983223242;354,4.273473297802131;822,4.921513097318894
128,0;102,1.8598571069278398;747,5.0784535750070905;513,5.09057411434209;373,6.519436066471848;141,5.317289314964173;19,8.15288548246546
746,0;40,0.8523323803933796
437,0;65,3.4421985935985124
172,0;382,0.556473442212844;869,1.8315202692736543
439,0;647,0.34296182566000766;304,1.2315627312743587;866,0.9852884946479844;668,2.9197205283512915;578,3.3486125346073337
919,0;893,1.9034040128895;607,0.18736237230537064
541,0;864,1.5426988429061188;861,0.15208674020793264;184,0.15051821729758982
303,0;111,0.24183002636639506;167,2.0065169687070497;672,2.683268474011494
502,0;149,0.3294533336251097;202,0.06430330039904875;510,0.6517585692743078;478,1.3685301624074748;664,4.864667571583237
621,0;510,0.6487423275130573;793,2.6103507169083784;478,1.1323375756991751;484,2.4763965689699994;875,2.676710365020018;82,3.6891350568644983;931,2.847139014129482;355,3.8932242391421874;254,3.852039247534956;313,3.9420873882338867;131,4.756370380763482;537,4.950821371620394
84,0;779,0.6965875060738845;917,1.3205392621958474
751,0;973,0.8728199765914962
163,0;32,1.9356756925282415;171,2.1604674984875123;392,2.4930934105342604
1005,0;65,1.8085075665046375;356,0.9919121851886786;256,1.7985978534862817;86,1.1020906239603778
29,0;852,2.829434616450025;3,4.205210553564752;572,3.0737832624048083;789,5.2804064733611655;151,4.861199893151448
254,0;313,0.3120626498090031
146,0;202,0.0015701772847567111;161,0.014343959228805067;170,0.5875471973652029
314,0;143,1.4796872367965992;652,1.7911368796235148
155,0;398,0.11780693407999816
77,0;702,2.261048374397559;360,4.266299304010585;427,2.7792986067209;421,3.130551830823571;740,2.8986181971515985;729,4.859760578000685;146,6.362209779448594;443,5.123624409293653;900,5.9982058014475275;161,8.028958981419498
547,0;157,0.90791350204287
955,0;797,0.8705856080334121
47,0;629,2.664376631179774
292,0;279,0.3472114387873248;791,2.6299170998683885
679,0;789,0.15753723170935394;539,0.28839315358308826
807,0;287,0.16210086489798278;588,0.4794863129037551;521,0.8073717743535973
137,0;889,1.2051654129233353;873,1.2494134536746206;129,1.56254363040429
944,0;521,1.7593255062550066;648,0.6780947632800504;152,1.3138280794387285
532,0;1019,0.9766720544757133;276,0.9851000840916827;11,1.1179850544302865
954,0;825,0.03792316447856023;344,1.7226922696697053;594,2.868503962384002;554,0.6038636052588158
708,0;1010,1.2523682474749827;483,1.958345152355251
336,0;1,0.9982745218470221;906,1.4033098456603457;359,2.078747181415458;244,2.2322262580193835;318,2.6115513208887977;174,4.964685605611665;570,6.184696712600731;189,5.3833202762023245;578,6.290378972280686;619,6.527066724503336;49,6.364853461466341
617,0;98,2.059090459087024;509,0.12503886669137595;644,0.4350202612799611;560,0.946387103502528
857,0;636,1.286814313993481
278,0;964,1.2085690849467685;737,1.4714186942654393;403,1.7718466792649306;316,3.8929506839798416;679,4.744310502094366;789,6.608464413758608;539,8.438419854229465;587,11.416883528468981;702,9.547662239480813;421,9.953353116811698;797,10.05995339932153;241,11.641300339728083;510,12.136431908113117;616,12.847988582243902;365,14.684781247522984;274,13.050929533180554;576,13.635331610468674;516,14.331674753525984;991,13.307105273602398;24,13.636996748131219;493,15.725956756664093;552,13.587620611761754;810,14.154980013333674;73,13.778836095870153;954,15.887753053119118;825,16.612611326352077;130,16.623281040257776;896,16.281840487485482;311,17.20858461410142;554,18.330224100586648;784,16.830410173494084;20,20.144249200393133;662,17.010371864252676;941,17.02607860212022;427,17.31787108398233;328,21.235839124001203;721,21.333434212184848
894,0;486,0.36383135528825344;213,0.9639395178842229;509,2.0971195153146254
35,0;377,1.4105259424838235
165,0;488,0.16522173800347706;116,0.6346405108983647;141,2.4685330245673462
225,0;857,0.30765616825270387
653,0;561,0.09452667139576347
930,0;283,0.9064735166979907;807,1.3040551800265991;83,0.14838419745628156;915,1.6573367492108064;959,2.789255980537523;332,3.171182523851259
267,0;835,1.4603189612895164;270,1.3466502989779148;219,2.3681549395337007
297,0;259,2.3276891189790843
0,0;1003,0.44871298628049966;612,1.5051153864610847
766,0;446,0.7657517492055631;316,0.08929295436309867;679,0.24365261653190748;789,1.4504749253599092;539,0.4050821337069193;587,0.4645418353782162;702,0.7614569845294774;428,0.8832264368583974;983,0.6176433468841217;510,0.5750362959046351;478,0.8958260457635809;405,2.9049661018590336;61,0.8831031205550318;360,1.5546067311102867;427,1.3775992968225164;359,0.8307617318342658;974,2.175595078739991;318,2.2565189113030293;482,2.5266556582991213;240,2.3596002131397107;999,1.8620372211579568;778,0.9599236821712364;664,1.4576088421720237;484,2.6609323256219826;914,2.3556573684294495;479,3.3601678560734767;647,3.8815696340388612;174,2.822511119365803;167,2.560059890311592;131,3.125517986947345;850,3.149642237687178;672,4.260098183559462;497,2.6655901779051403;875,3.766917379827123;82,3.6347888536054325;570,4.838370667751757;790,3.5775757174089913;578,3.72289679400678;668,4.061406200326635;598,3.3793340680071946;49,3.548515587552581;485,3.7262265613529495;826,4.050124062165007;162,4.218338317228176;128,5.888228933756964
586,0;583,0.4466041105431023
256,0;618,0.2843435256012959;195,1.1713887360568396
36,0;238,0.428145709048661;611,0.7888931855417858
300,0;484,0.2957277220665753;497,0.5018582303337666;82,1.8629911199301388;633,2.5552304941492108;448,2.9656317816909255;1016,5.358710182579257;398,6.501220072923438;193,5.698618140916662
362,0;331,0.4694754833077935;354,0.8661312366791538;822,1.5240936096236013
866,0;845,0.5562175815422008;628,0.7739200071365341
988,0;557,3.555553854462294;88,1.724535408730714;245,2.977249879839908
284,0;209,0.32677247506031926;710,1.3218562386866684;965,3.1656881780773043;638,3.523809503601009;172,4.3949497603129855
741,0;554,2.9114928084449496;48,0.9730608457458347;955,1.5672461359415872;95,1.1471181555685852;624,2.659503991102626
936,0;835,0.1601675889342881
979,0;307,0.0620625366739501;508,0.23510664843588175
749,0;365,1.1591196003406121
892,0;330,0.07674902037378678;735,0.7433685529770979;375,0.7428426279594951;780,2.4550995180742143;512,0.8518491770887955;728,1.2403575377018865;251,1.6422844340246527;802,2.9379215971613495;122,1.7666119788810783;394,3.6750203750378794;416,2.708578132511595;64,4.03992320663915;264,3.6163820514959637;710,6.128122135418163;112,3.2654722810477477;58,4.48608554834494;325,3.827406732401436;393,5.675662126086628;998,6.17730272980196;727,4.61003406920248;965,6.878728051894048;725,6.162591152962548;31,6.780983491242063;172,7.6068876866258;382,7.954520869053097;869,8.13282412522389
309,0;897,2.8836100654086065;225,5.538144599605824;629,7.139047336679004
143,0;652,0.2970896544768577
949,0;964,0.39560088565885176
793,0;876,1.4726802923940747
300,0;170,0.6087689054821793
948,0;204,0.5915160124489003;990,1.6120250964186447;871,0.6510010259719613;986,0.5942166909814335;861,1.239767193028579;29,1.912214778478421;875,2.8580039768104792;675,2.926549531305632;355,3.138654645415461;131,3.738188533010983;537,4.674280707731956
182,0;91,0.014707941419580674;944,3.46231649832902;521,4.833417531853355;858,3.8269795117917313;726,3.829336838710933
682,0;999,0.10600574762390685
925,0;718,0.46336805451339286;767,1.0785504155563859
607,0;267,0.8037930219118525;270,1.149698844258288
577,0;883,0.16730412805571135;421,0.6176506516297747;778,0.18597558409364368;797,1.0778020511384359
502,0;149,1.1869378782194158;202,0.3264916478020426;510,2.157804294417369;478,2.2392442510015247;805,3.8909297358540376;605,2.5632477970810497;85,3.0408736249798904;970,4.322097139795526;657,5.807270535105438
607,0;267,1.768558058721792;270,3.527447950376292;219,6.632616752788982
210,0;972,0.32001597607199017;835,1.166941110652309
477,0;411,1.3872811595840926
579,0;78,1.0348176846067771;841,5.0339072286954885;494,5.199899663714605
179,0;424,0.14143417545106585;66,0.178078866225514;572,1.5251075519740889;149,2.6890901904282414;282,3.2032136504243
246,0;1001,2.221078977601305;493,2.509827265012352;352,3.062762281204996;438,5.5381752511537385;376,6.2497259148545865;45,5.324516507740546;697,6.454142313507791;193,6.508799615145081;1,6.6375105764422;456,8.008367854440076;735,6.835949675172066;906,7.897584271620173;359,9.371765045098265;244,11.682725509810384;791,13.314273702772907;185,12.864068602335108;639,14.140533044185078
453,0;681,0.15938752775767923;348,0.9644090924348958;650,0.8822922663668835
773,0;893,0.45546402771641575
885,0;694,0.3678102281732354;224,0.6336739889144225;664,1.041455741655159
139,0;194,1.1213565742206588
546,0;788,0.9141542186211695
136,0;72,1.0589815324426732
49,0;485,0.4168283626169928;360,0.3261978255861517
635,0;215,1.2747226862005185
285,0;533,1.1775395282921475;758,0.28716317746122694;484,0.8186281163062441;875,1.3932297831051281;62,3.57851102995763;675,2.5229250253197666;826,3.5026732589088616;162,2.0079574956331205;559,2.2447948660674757;743,2.552138137687521;501,2.682415930386186;727,5.031532403340203;853,3.812063028521256;795,2.8098439016935743;708,4.381441329137251;1002,4.816416486966569;352,3.842095175772781;401,5.073931574020632;117,6.032165719213897;45,4.1654293798331254;801,4.184964223635311;948,4.256204972169743;192,5.247022382677542;460,5.9233386601125595;68,5.632196259341579;869,9.153677426104219;879,9.075855729525895
160,0;708,0.04943604689749824;327,0.2592872614295403;993,0.3075489387553477;328,1.635186836245078;944,0.42076100905761704;726,2.715462171990628;648,0.8174131287944606;152,1.153893797879088;47,1.1906966909865238;749,1.2936606874165137;365,2.037983240839953;721,1.7008907677571272;404,3.5625115767856474;831,1.7997662144645807;636,2.0893587489673613
229,0;214,0.0037954094002996606;222,0.440089109219298;876,3.1430092907597196
754,0;830,0.1537807256479299;574,0.5601419773813426;943,2.41847822584103
792,0;515,0.41502726426008174;523,0.176571262529294
761,0;297,0.8096646435778035;726,0.19341162138413523;259,1.0962868147098863
525,0;618,1.1089597645817502;984,2.8948133224584987
850,0;840,1.008458486213054;139,2.6139447837083463;911,4.979616934561578
887,0;566,1.5460076801465603
53,0;835,1.0641015447749598
268,0;98,1.1151492179597913
59,0;24,0.26992016171593414;52,0.41035604524681485;810,0.5027640532491565;654,1.8683716879502819;469,2.3086096856130247;160,3.715468934376453;283,2.617959174225651
124,0;582,0.21030037927229359
492,0;658,0.9786973564627928;290,0.029734371328102253;578,1.2437315804519602;213,0.35764802445376537;986,0.3235846523057311;822,0.685970702102175;861,0.4809202066193166;852,0.6827093022958353;868,1.27597614551286;867,1.5657466041719088
1016,0;398,0.14914487609113883
32,0;269,0.8471622960533113;693,3.682679477828653;931,4.522847825839209
157,0;1003,0.1309995829730642;92,0.9609206884925191
735,0;512,0.0899161779994763;728,1.1323223066324641;251,1.0405987015443643;122,1.5547140459839541;884,1.875767309090059
761,0;22,1.4684938286511928
327,0;225,0.09667127023965655;857,0.653548082856142;629,0.208445830892743;157,0.38622700106818725
830,0;943,0.10403049711316606
512,0;611,0.5054554050720019;251,3.436363133830841;895,0.554200876725625;122,5.6145950810259615;884,5.993844385211821;238,5.680767685722368
645,0;307,0.0034210916529208092;218,1.5677955994841102
154,0;481,0.4695391623397562
743,0;853,1.2311112832555078;401,2.219673255073348;979,1.8990753194026433
628,0;201,0.804978164217235
607,0;267,0.4411837102091342
920,0;342,3.6210565158320716;528,3.850192984278662
605,0;85,0.9531625826372873
96,0;703,0.8733589273517165
15,0;664,0.021425098523806405
191,0;532,0.2714373291699805;694,1.7941829609012854;1019,1.3548698735881295;276,0.3549346333958618;1005,4.25144319613956;622,6.6653319545880745;356,4.333536280454622;221,5.17935367545388;256,4.6816772330091725;86,4.409126368493768;18,5.190252072686558;618,4.813239445261762
925,0;584,0.6667258231298179;767,4.575475052014542;533,5.879977292929926
309,0;897,2.0899857348873705;626,3.8299541668518384;412,4.106823282722437;943,4.723012358500365;287,4.905336374995563;588,5.010232100617784;521,5.69829364542898
996,0;838,0.4230010531289452;709,0.6666737114352419;402,1.6797215557325136
199,0;60,0.3844272916590785
1005,0;356,1.3080443255329084
868,0;451,1.2842644690330445;291,2.9196716809945187
915,0;959,0.9341177908244794;319,0.4069064412033041;84,0.0016210136774758481;893,0.8628410855986511;19,2.4222484871317365
121,0;993,1.2630408948701555
713,0;402,0.9450497886018203
975,0;861,0.09701001204651324;524,1.1798281908042492
958,0;101,4.703447067036422
691,0;516,0.14411822433851074;405,1.3603689894091198;668,2.9988592009065282;798,1.8677383421948623;1005,2.2520601638465783;356,3.0794653877409184;221,3.1470447704497353;256,3.4465460577636367;618,4.147535312978872;195,5.4932580889051446
262,0;120,0.17526633877622266;651,0.619331602391691;181,0.9281871313091254;399,3.5301254229004098
909,0;496,0.20512594293061456
996,0;838,0.6383657740046719
658,0;868,0.43072562382935053;867,1.1705506369324603
81,0;240,2.2389212061590547;375,0.4434459656462526;780,1.0366328201452828;913,1.1642226911276659;394,2.7747235457947586;416,2.6546515438147944;209,1.7466732575748276;123,1.309042594551322;782,2.809721646746011;22,1.963153387496594;131,2.281801829269926;537,2.516300111773669;64,2.6997335295144973
784,0;662,0.22187282810424294
301,0;635,0.03711940437422207;656,1.1965029824086486
136,0;72,2.0365430451364914
223,0;292,0.795535104456481;791,2.5193215838485257
685,0;370,0.3187579637576385
803,0;847,0.07159548383249745;903,0.13172372025108467
32,0;269,0.795166991448773;693,0.25536093930582804;171,0.668461025186705;392,3.8443894645307357;470,3.9851589311331974;157,4.096741828725905;92,4.36197474141879
359,0;318,5.540773416064587
517,0;212,0.3089746171369994
729,0;443,0.015425665799979388;900,0.27110980924387384;409,1.6466204963013853
949,0;964,0.3236444857912911;737,1.0874225252694594;313,1.1873746741806561
905,0;223,2.271113140294291
645,0;307,1.944274046527221;218,2.0814099370255117
527,0;114,0.09895745777050947;924,0.7420114532917415;539,1.2700954135330957;587,5.899299241867164;428,4.00333252273745;187,5.16613225139308;999,5.558570741876953;778,6.3924680125668765;636,5.541035756648801;847,6.6997658114790495;510,5.972236638968041;903,10.209119497474692;704,6.849496322335488;65,7.817996810641381;600,7.885859962460251
998,0;907,0.43392011001313413
157,0;670,0.583294430920118;223,1.8360195041143355
777,0;660,0.5460607464314965;206,0.5791866129650121
882,0;672,0.15708777396507043
769,0;827,1.3747068987387427;485,2.8125789702333366;318,3.0000512715840273;762,4.431807634561981
892,0;330,0.5122260635748266;735,0.6943879662517138;906,0.9478687478754604;187,2.0702608847243584;375,1.0681203526169867
502,0;149,0.5391076113014143;510,0.6490570595769758;478,2.6646567756260433;664,2.9075012348330835;805,3.14979316198146;970,3.195722830803878;657,3.725119345324514
745,0;642,0.287168624991379;510,0.03407052928479744
229,0;222,1.3523174787390615
484,0;875,1.3879651102675703;675,2.6170752686990384;826,1.5164247477476136;355,2.817800056501444;531,3.003312083773385;131,3.8476361353889037;600,3.19247802513765;561,3.3883836687614313;62,3.8486115109949672;710,6.265285586701236;620,4.322922344664662;680,4.51674699420124;944,5.087026954049688;430,4.328027065469646;521,5.467471102620255;726,7.815547208700836;725,8.26369744431041;31,8.867854007387601;16,10.345796216620801;650,10.58707571476918;735,10.365569960772719;512,11.756045793122489
331,0;354,0.01252271218711787;822,0.8705683759555901
569,0;102,0.014907882839144874;216,0.729567144400567;747,2.240862026360164;192,1.277693722574374;513,4.075260041887364;373,2.426304550505603
109,0;1018,0.44338115563215313;504,1.526485139193166;770,3.811018886941609;102,4.317145452140166;70,3.9763152988104933
355,0;131,0.8295347608655805
117,0;879,0.10063899942531737;1019,0.14774015239675736
427,0;740,0.28442916208036273;729,0.9253806677959793;443,0.955193490142877;812,2.077101589882437
358,0;4,0.06924761647402058;528,0.3114396309262238;795,2.928302984836158;291,8.85789221209605
972,0;246,2.046701156776491
857,0;636,1.3949432675654185;847,2.0780017425775164;704,2.1890174435734484;65,2.2048439686784778;600,3.3426519319423047
621,0;510,0.14851169268817546;836,0.13351256915532664;793,0.10082677077799033;876,0.7825264659905831;292,2.8059308686813336;399,4.722709135376103;130,2.0341275816721973;791,2.8579812030130998
670,0;223,0.22134462390533435;292,1.4619024575353927;279,1.892637497726465;791,1.483854894134535
998,0;447,1.2602489380248547
507,0;337,3.901716900267661;435,0.03111976729781026;234,0.2770286561196428;78,0.5907327580112711;780,2.793614102251188;841,1.131052797411796;394,4.621059678440075
853,0;979,0.6393592581272841;307,4.520373598195678;508,5.952452741766185;337,10.403141705337088;293,6.456583015601145;811,6.644475078256484;778,6.982609418238005
253,0;641,0.3407143655430422;352,0.83328786457323;117,1.3571659916582535;45,4.4014013759223;1019,1.3842079246208117;801,4.6450433154397395;397,4.8640279836389695
173,0;236,0.42770423497787313
17,0;862,0.7787783201241891
288,0;984,2.031291781039542;336,0.4219912658259446;1,3.429775197890048;881,4.117379695929884;735,3.7024043777694304;906,3.6443647402317936;592,5.339576678490571;822,4.322087859060029
1017,0;834,2.115040182075521;876,2.2306385689030077
254,0;313,1.1442819591747977
189,0;734,2.6462911156891384;619,1.2255026228742925;295,0.6982843537570911;858,1.016203826305717;827,0.8397116314306959;709,1.0304585566226323;813,6.7450374908361965;731,4.8707199241984895
400,0;470,0.10905453398174023
157,0;1003,0.09637341610856903
695,0;597,0.6120060941141894
670,0;223,0.7080252417168446
481,0;316,0.125551361928891;679,1.3517006213758616;539,1.383023940937429;702,6.115102355540268;360,6.50406701057146;427,6.369794898881109;421,6.593642511298866;740,6.929055315619209;797,7.844973429037015
965,0;422,0.13115765440554095;638,2.3291947086592444;203,2.3965935978774544;350,2.554600159383828
698,0;319,0.17259120001097558
503,0;256,2.345035268433114;520,0.33610589298166144;607,0.3189257541750917;458,0.4948828060671153;267,0.5110503978776512;980,2.1763400273805527;618,3.190585213627615;195,4.143964522723852
442,0;752,0.05576556562127633;135,1.5185850208017782;399,0.6374903347281247;539,4.033214974855734;587,4.9008502672780505;702,4.221095500454447;983,4.768878047910244;360,4.422831827196216;427,5.748776770842968;622,5.311917569075011;616,5.953004980616164;740,5.989262984557675
168,0;855,0.04435620236252218;452,0.10575806021791687
363,0;193,2.2063691140397377;456,3.2050334835318512
379,0;474,0.017230134705796728;427,0.4016726056862399;740,0.5580317062134306
1011,0;670,1.8316006795688817;632,0.29825446418537305;828,0.53111185647097
359,0;244,1.0669854755058734
249,0;616,0.6660135394522411;576,0.8114753902759465;86,1.1381576475496862
779,0;917,1.9872842264880024
636,0;847,1.4536314791701366;903,5.471737728124124;704,1.8106723609467752
425,0;487,0.22833125512560767
109,0;236,1.8798429168611173
129,0;745,0.5081526042041384;510,0.5950545984870178;478,0.6462903307329173;605,1.2334698740055923;85,1.67134830151619
231,0;838,0.10580491585728641;402,2.2341761308910684;956,2.2602145797300577;846,2.9968401126743833
905,0;965,1.3491241052441554;223,0.15336479203924133
952,0;596,0.17292185673540214;672,2.1490850643173682
566,0;989,0.6571836495596135;271,2.4301057558923036
236,0;975,0.05054510334840693;861,1.4007520837847047
768,0;594,1.1023327961598355
703,0;477,0.02807101103914671;411,0.8585644510839022
967,0;105,1.129860256321781;789,1.3516044794451585
346,0;313,0.2583851411107237
1002,0;192,0.38906050553301946
952,0;672,0.3883731883517226
549,0;256,2.620873707106538;618,3.7351647470893816
888,0;947,0.7944381940948402
164,0;847,2.1052909108944062
16,0;650,2.4044963272937125;1010,0.7557129520004428;499,4.6501327521453675;937,2.848445164751782
691,0;897,0.2589247877496172;405,1.7155956394423788;626,0.8764955866705397;412,2.5024980299931623;668,1.9893648884065251;798,2.845559529018656;1005,2.623808169974077;943,3.600662238347143;356,3.487651672224091;373,3.0320148891751817;339,3.3599726336929407;86,4.0972972485846455;18,7.233287905724863
105,0;789,1.903018168194176;721,0.1599128161001443
288,0;336,4.548318431190171;1,5.810221795402304;906,7.256585719063177;592,8.287298832718133;304,8.4190496539638
324,0;969,0.5799137743339469
951,0;1,0.5661001261720128;735,0.8557025342417656;906,2.5287927029720447;592,3.725294734454753;359,2.9792606563678405;892,3.2220691350736193;244,4.770410403612864;318,4.10985197555849;330,4.004401519688162;983,5.606731397085502;174,5.053108445293161;791,7.063755248674134;570,5.734754107696524;189,6.36300382138436;790,7.563936588675771;405,6.807957757206929;734,10.599364718021143;619,7.914886162047101;731,10.619795475721517
958,0;101,0.2822016329974072
549,0;256,1.1412826147197466
428,0;240,0.8106836972934518;999,2.185850858623995
546,0;817,0.11031289514296778;788,0.1993419958192477;175,0.3890028613410533;705,1.229006621855778;424,3.547238663828783;66,3.716274147007267;572,4.737504509432664;149,4.934086955728791;513,5.427586045644525;789,6.4657417781160476;510,5.024271691976919;605,5.742357996616912;478,5.678709255584256;805,6.313788465174526;85,6.99919901319878;970,6.53728780802383
486,0;2,0.6161017479228811;744,1.3598648948263894;977,3.8946234914425033
829,0;802,2.170403938024188;264,3.5818122477332874;710,2.602371448206227;965,4.063242122187878;5,3.4999654613026836;154,3.55641283083415;58,3.605082951618481;67,5.885513607281971;189,4.307728496810612;638,4.126697834864518;172,4.643804277916862;295,4.449466816501166;343,4.635846216135646;858,5.656029936017018;827,4.617464618321467;709,5.613847972393848;382,4.6493440317635475;308,7.46608023686561;173,6.392457400484397;447,7.3792047019418305;761,7.762272161332228;297,8.917043937809607;726,9.749009471868648
545,0;969,2.4826546126917357;83,0.20282009151922514;1003,2.4419627312078482;476,2.8966628963133525;390,3.2093587188588364
733,0;956,0.11614453506452843
838,0;402,0.8333941960093776;956,1.4536556461392935;846,1.9356916566536002;356,1.7794367161074844;221,3.549420512640316;86,2.205309936349044;975,7.281352375465982
322,0;474,0.10765475503204432
716,0;968,0.27179750564199123;11,2.0052017615893036;608,0.6541710562614638;973,2.731123725484639;1010,3.615356624549095;155,2.810498050480472;483,7.0125700583353865
766,0;446,0.15466324544606966
531,0;600,0.336735366533787;561,0.7541407306708278;62,1.1505602616996211;247,0.861706318609753;352,1.8800647362277736;620,2.004838106070328;117,1.94767946000792;438,1.9457176154953024;376,2.1590760771369637;680,2.030899308182338;650,2.179523320300441;944,3.399508691075122;430,2.13680820002763;664,2.47762927289949;499,2.5254190118041535;119,3.9264550399145333;858,3.9889273201514563;648,3.656504896761713;536,4.169556205490865;540,3.944521154610023;322,4.100955691197384;639,8.87928687315638;929,5.578232235625175;474,4.56844113511829;857,7.344533500103391;636,9.179800790106565;911,9.415159249871689;847,9.44227353622611;704,9.70061951924387;65,10.771337171722795
436,0;250,0.10659094507116203;129,5.130939561746014;87,0.3317546024020585;745,5.201989244874833;642,5.210454881312746;510,6.6147022138119915;478,6.79121665380359;805,8.577588485658339;605,7.215802139361666;85,9.046736010970607;657,8.844058248061833
474,0;935,2.5627978828513616;377,3.529672833355307;571,3.5933113327110178
146,0;202,0.04492717356052706;161,0.14439686869018223;837,2.0302432405826334;170,1.3942283029624816;741,2.5736390000227476;855,2.0434070651974907;420,4.092591655370881
318,0;174,0.12004856406021727;570,4.934304222305283;189,1.9679792541709762;790,0.155574406412471;734,4.409988847809012;813,7.9174528614060105
1021,0;135,0.7249341155664252;261,1.6037420340758455;991,5.032834802572979;24,6.386711916584872;810,6.775212425503661
1003,0;612,0.9244364599603987
961,0;102,0.45963978378640225;596,0.514065572953171;493,0.8648541579552951;954,2.393202642871778;825,2.4833888533462356;130,2.5944585140153142;311,2.571789733063357;594,4.396376284995594;504,2.641749575913485;20,2.908567829816296;770,5.118025428084049;328,3.67079169916577;404,4.453598214332491;405,4.7854991898351535;668,6.047838048143253;798,5.359206620236961;1005,6.464678009904278;70,6.256180642944557;578,6.643888199200472;518,6.363431106960605;65,6.69228320871999;49,8.724569851461403;360,9.14133190366139
988,0;557,0.3885294617464123;752,0.7924536121382242;1017,1.3122271357104318;399,1.4523902945527039;539,2.9848442834736986;587,3.483497167047654;428,4.543189619030073;241,3.4914381945923063;622,5.631805706010381;738,8.071647308013672;274,4.17782324967375;516,5.002807437445356;996,7.254310810200138;971,5.080229603822767;851,4.492563674645941;999,4.625092735105709;778,6.464124919202567;225,6.114872460742869;629,6.610377604259308;157,8.925286326443695;918,8.32728683042772;461,10.661790997126532;58,8.371824768557422;734,8.721640263697827;727,9.116718559106213;1003,10.278665635198257;37,11.055806895758458;845,11.743405474098136;628,11.91245206159742;531,16.148414311248413;201,12.00430569294567;515,12.020618925024108;844,13.265419240644302;898,16.340111224950075;62,16.803224563742962;443,16.999989733365467;597,19.05024472422103;710,18.385166904686187;620,16.904334550907993;944,17.52959981123228;430,17.98695556143366;900,19.846863865543543;409,19.908551841712246
769,0;827,0.4588603613427174;404,2.8227270969292455;485,1.109652560967199;318,2.324846911603932;174,2.435254717461131;570,2.9946063453649296;578,4.08708063549554;49,9.43017205378019
836,0;802,1.2816737590097294;399,4.1224371697752344;198,2.87750425002788;146,1.1737802704828562;130,1.517291288146094;202,3.1258349288860403;161,1.2621712128032943;170,2.963284193183471;710,2.2219280815030897;112,1.985750561010199;784,1.8547997723644896;662,1.9853078972164269;580,3.1463323420897895;232,3.202842616319064;965,3.6411020011552084;725,2.891449777288747;31,3.87896549863181;638,4.911976708080469;172,5.09055921348642;16,4.386746233756965;650,5.612380110292528;1010,5.533603286993592;735,5.0952586014312855;382,5.763667991401435;512,6.2385976130657195;728,7.410765729707713;611,7.508998589259243;251,7.861526616907266;122,11.509786487682742;884,11.627211791522202
932,0;666,1.4980155772848773;174,1.9503778781264862;189,2.8014391220458297;790,4.103204765693944;619,2.9003689316244037;295,2.8951957019974617;709,4.986509015500147;533,5.076852737033277;62,10.746548028411349;597,12.518180393983389
631,0;34,3.383919850995128;539,4.632414775159845;428,6.887025619000753;999,7.043040664914354;778,8.3097652840627
431,0;705,2.588215541736618;424,7.7673792951933365;66,9.381309980386106
986,0;861,0.5837619305403634;136,0.8784221851014226;72,2.1965788735286775;169,2.433342207112245;385,2.866064490145595;875,3.1574000101801887;920,3.847593633072953;152,4.583655995405408;826,3.927222666668567;342,4.18592757200009;748,4.088185753862465;341,4.143040768441246;278,4.43185347484025;468,4.223053536973156
930,0;83,0.04177593227982978
459,0;413,0.23053162601444985;994,0.8127583538590631;516,1.7907203930281392
297,0;259,0.07878331751580737
866,0;881,1.6430958733755916
1002,0;192,0.7061605614166561;460,0.37497650505679503
349,0;331,2.077743506154478
287,0;588,0.5641076203314119;521,1.6704417371089997
161,0;170,1.028680759789488
825,0;554,0.10766011923356325
818,0;201,1.7659775296361495;844,2.2615598203467235
914,0;167,1.0757909044343126
990,0;460,1.0321416593200412;875,1.0167853712608037;355,2.8774172614127584;869,2.6749185975174097;131,3.0346922422546934
927,0;125,1.2797614111763227;855,0.623253457693349;72,3.0176923327051624;741,1.7014647260517939;169,4.800408263822723;385,4.794156563753773;920,4.911241421884526;152,6.895047584969607;249,5.2083403856830515;435,5.265321772086001;616,7.459467636343381;133,6.4833591578545935
942,0;1012,0.5025941833036566;691,2.0591803888310634;888,0.8190670492486769;947,1.9033771718423937;405,5.389289160300567;668,5.672239245123862;798,5.684605951040654;1005,5.747875316561043;65,7.181790750624142;356,8.230442885003624;86,8.297740732809272
682,0;999,1.756273572060604
798,0;373,1.9476849733908577;339,1.8118371921113559;19,2.029009797604881
501,0;795,0.578780926024187;708,0.3395599496728136;327,0.8445284890211944;1010,1.9366258335583642;871,0.7807343709145342;993,1.15108087163114;944,2.8133128109969854;858,4.417204884546208;726,3.8817212978786726;648,3.7949011350206705;536,5.111437063646421;394,5.204983947619356;292,5.689812124888636;791,6.904997001880916
802,0;112,1.4200332880080224;232,1.5789245260888936;707,1.7073399160853402;991,3.006413005971143;493,5.736266034354371;799,6.251217352605437;954,6.094831857061361;352,7.569600922022107;130,10.096536305648511;896,7.341132611966006;869,6.4326080977803;438,7.946547696096762;45,8.955510344275428;784,10.39765967934242;662,12.915814276462083;941,10.509498099159352;278,11.443118046284305;658,11.95713385728806;580,13.539168473588465
820,0;703,1.0439462079565507;782,1.4580020733402257;912,0.4361705002881614;792,1.1861200221884447;164,1.5772487256454233;515,1.900027188940137
831,0;93,0.6998761695091704
715,0;249,1.2085287569568868;322,1.368777671634894;474,1.9429964568038751;427,2.419147074085275
321,0;555,0.1196424789404035;626,2.3662340262924118
61,0;482,2.498916181637513;234,2.723034179925698;115,2.6722663189116256;888,4.126295933909175;876,7.914939626985813;780,3.2579492141879274;416,3.8403152513328305;64,5.237117991453261;873,5.407857932327005
223,0;292,0.5240820770904849;791,2.437193597662908
324,0;969,0.7866771177699745;390,1.8650172290999494
29,0;580,0.3187751072134514
635,0;656,0.12547872381247682
336,0;971,0.17743919641709566;225,1.290880233893679;629,1.3276035725108501;157,8.525486724371596;1003,9.290681527919856;92,8.811251587056924;612,10.943796680566022;512,11.350253183410166;728,11.506812306345141;251,12.941282172286211
642,0;198,0.9897505468323077;871,4.407953724316231;29,5.655872742159796
226,0;725,0.14279259037084432;825,0.14435904552775336;31,0.5797731090913582;594,0.5563008869525516;554,0.6504771278746022;405,1.515209528335832;668,2.099479104868138
70,0;518,0.792911003352725;455,1.0254824135165561;396,2.1668532521296897;892,1.8829967754128998;797,2.2154897115980594
268,0;284,0.22834264030435988;209,1.805254110588677;710,4.360900233895119;22,2.1586701620400297
724,0;626,0.2812915260023132
357,0;280,0.9512024075441852
173,0;236,2.4662050767644024;975,3.1814118462759438;861,3.598394907613104
520,0;700,0.7781192450597344;980,0.05666323721266776
843,0;28,0.026622252032054046;861,1.6723368754643713;443,0.6145371821583424;489,5.176163274501107;900,1.0807105621353608;782,5.455530593478439
408,0;350,3.5265498838341407
163,0;32,1.0808686578357105;269,4.384492168568967;171,1.2897321093882543
971,0;225,0.7625597382105871;857,2.3160645803225015
46,0;812,1.0025343832009612;765,0.5446386164666334;400,2.979019903337357;470,4.642833934523328;430,5.525357656325106;157,5.145984950712808;1003,5.536606790989561;670,5.31933617206715;223,5.962201437894755
932,0;666,0.4559303192880013;174,2.60422657699063;570,4.36348819499634;578,3.8742944690454326;49,4.594595548856168;360,4.648670895597869
721,0;581,0.19127105565689168
509,0;741,3.5159571628716515;644,3.5712061967945914;554,4.397760631752276
741,0;554,0.22838864405826045
843,0;40,0.491603148479119;443,1.694794668699748;637,0.9937049567249079
875,0;675,0.9908815512029369;355,0.39139661834295164;131,1.624307306617401;537,1.8452439382578147
300,0;170,2.680726802865984;207,0.319528035818857;801,0.42903322847618064;335,1.0736672148041038;948,3.009601926817496;290,1.2747122477717583
297,0;259,0.18219517908593358
915,0;959,0.9141506128977296;332,0.2718265360765442;507,0.5635842062568045;337,3.4445371167656664;435,0.81613082178758;285,0.9525392703985213;758,5.178626138480325
719,0;960,0.9164759457050251;648,0.016906434528196804;536,1.4869166334588542;394,1.621053227946054;292,1.6604363229536503
568,0;987,0.1320378594090566;331,1.1259960835793257;925,1.0278515709849743;584,2.3979126641491293;602,3.7532494896746416;726,3.2764493832702586
441,0;189,2.2087640430816067;335,0.2810033409966648;256,1.214556770403406;290,2.2379234609664893;619,2.303142579153204;986,2.313905960108715;861,2.814129856756071
974,0;479,0.4128557696352492
182,0;91,0.7605750342879588;373,0.16230048919845014;644,0.9963650003731869;19,0.24657334358450084;944,1.1279965556895781;726,1.862417279864836
48,0;955,0.0943458983804481;840,0.32025512850031873;20,0.5117034563006602;139,0.7647895732976839;29,2.3726073181454;328,0.5929736543174718;831,0.7084367485103915;893,1.765014240836707;852,2.5557657287042748;3,3.895686476260294;572,3.441286906420711;513,4.095362587513853;282,3.906001854941572;789,7.30251401554372;151,4.760966314189141;671,5.142077574357505
741,0;554,2.121813061163604
839,0;469,0.48309841682204757;37,0.6073146129044654;152,0.7119495727596843
816,0;768,1.310939142528314;744,0.6371684518751002;85,1.6724895581006296;977,2.2312434273212736;594,2.4350166743739283;405,3.18769639637635;668,4.118145422634343;798,3.232977483048066;373,3.922759074754557
682,0;999,0.6244599465141778
123,0;999,1.0068172911478779
766,0;446,0.625341523443374;316,0.8743402069728295;359,1.862918098629672;974,0.9095268209285303;512,1.87394501654633;479,1.5587484774380322;647,1.5295340452900033;195,1.7008779174370143;244,2.0690031737865815;728,2.2703294043620175;791,2.3329008563373215;185,3.684380951326573;639,3.813481095735374
761,0;726,0.05622241940500061
779,0;917,3.2773425876116007
958,0;101,0.9011597544451128
575,0;236,0.3976014842511645;975,1.127212651725898;189,0.959002836608739
788,0;86,0.44007726982349726;705,2.2215908967473146;18,4.959458819645;424,3.1920608249963016;66,4.135019215964511;572,4.513760090968798;149,6.696936300966007;282,4.8750718484870745;789,6.594428388043427;510,7.7040283449950815;478,8.759401700536989;664,8.927412587583287;605,10.05478376875682;85,13.635452196987771
292,0;791,1.2294447675787608
695,0;646,0.6223585509549971
459,0;413,1.0949822899060984;416,1.1637358680993537
836,0;292,0.7251244759847072;802,0.18239785641704692;198,0.0916112085704678;264,0.30992123882817174;112,2.3700425987614815;983,1.2458961416836276;58,2.074636418235114;791,0.8263888156698841;61,1.5921928624489776;482,2.2038146117668087;67,3.1531489127510994;850,2.4133734111225147;234,2.873648346666787;115,2.888138126721269;232,2.456698163673134;598,3.5399695809301077;840,2.8666401326773636;473,3.065007432838374;572,4.075930470674976;139,3.337360085173941;323,3.852263685936855;876,3.0265443490891384;780,3.1354366797763693;203,3.2270691973174332;678,3.1455037121852287;394,3.8432098407579782;416,4.685374629623032;360,3.491374221783494;474,3.356115809448105;878,3.224866292341726;173,3.226597162609046;761,3.977118193924967;350,3.7776929013304335;911,4.096826012842337;194,3.6195284119517313;427,4.31235315232367;935,3.7667380742934986;375,4.24883934495393;1002,4.013724040015801;377,3.9179801360621807;63,4.198258634398026;22,7.128929151549743;513,4.166939133454481;282,5.058017759945409;913,4.768961308936526;740,4.313321020994301;729,5.48197626768162;429,6.016991046007349;209,5.15584522902993;498,7.516113388883166;710,5.525668272111916;146,6.144050776444066;965,5.73289990496392;725,7.272542686410713;172,7.124249499070847;202,6.66901636012138;837,6.8829046729321215;741,7.229295487102981;855,6.951258606653489;420,8.573174066068495;326,7.616934636318887;382,7.225212296914757;48,8.010587261678833;31,7.7108944229326255;624,8.068242335651355;814,8.074687024693148
0,0;154,0.46069967133018724;481,1.2518275825481988
584,0;602,0.04844127369377038
996,0;838,4.226657679757536;709,5.425558522380362;402,5.795958047322135;308,5.984944506265159;199,5.7987537173160915
213,0;852,0.11130830844484661;572,1.4048471359578933;149,2.273412644761564;513,1.9723219163807655;789,3.2917882910170118
604,0;27,0.638742295162387
569,0;102,0.19838715006670768;216,1.8724974913920374;974,2.1282325317089232;914,2.253372530011336;512,3.66407793576171;647,4.1732269070395205;167,2.6927053772475573;38,3.689444223121324;174,5.059356359969872;195,4.723008219920018;570,5.495591161505693;578,6.1381055061398495;49,6.17465025890256;485,6.438399513819334;762,6.553398822004274;475,6.755966397907821;995,10.206623639629488
255,0;322,0.2985174845905453;474,0.607851615132186;427,1.782592154246206;935,2.5935658104776205;740,1.9697895185226952;729,2.8702181799866375;377,3.5468722039317173;45,3.8953489288981307;571,6.311106636423583;801,3.9444719176406458;397,4.316157842411705;335,7.302285371529745;948,4.6672033858856725;750,4.654800724647388;315,8.524385710126776;256,7.765212449567381;290,7.351183805941192;986,7.839584203399881;822,7.511738038003431;136,7.927635139353649
226,0;825,0.014390954195583002;594,0.3899550649948035
197,0;572,0.3797713791506217;149,2.808768171896465;513,1.7737991077700992;510,3.923549645253381
268,0;284,0.0016710782942606685;98,0.23505141870702792
176,0;503,0.7310542857409765;607,1.3267684986327604;267,2.1751178145372103;835,2.6130442877464524
800,0;1013,1.2167906738135803;425,0.7349023870576061;487,2.847019176838856;533,1.2788214967791445;408,3.1336052650018376;110,4.687161470750583;983,3.2231972032996237;433,4.83062520377794;860,5.024914134036904;106,5.623894954320073
803,0;444,0.036433516912000564;847,0.008617103378425682;903,0.3398904106031237;704,1.6788868810208495;65,2.1237683200680277;600,1.946694359173775
755,0;585,0.03793832672627654
425,0;487,0.17100387776255765
976,0;456,7.550896616284402e-05
955,0;797,0.44789675288818587
424,0;66,0.024360679652847068
996,0;838,1.1147674451575624;709,3.2076734359234726
683,0;250,0.43388903333680623;87,4.833719912473818
209,0;22,0.6286313122428676;775,1.4924789999251302;21,2.0151917148219356
756,0;411,5.137146387573431
419,0;31,0.04576771336542109;595,1.6005772910066725;398,2.2344988693578944;575,2.1699340009227033;209,2.910310747343955;710,3.945586492962602;725,5.926678255761903
269,0;626,1.461444675417206
654,0;144,0.17800435335642728
718,0;986,1.7992041306603406;136,1.979176466713475;72,2.3793265349838393;169,3.1996736589145103;249,6.467640008601109;435,5.026934976647117;616,7.1242201514166075
129,0;745,0.8060832192049531;642,1.6625964836030156;198,5.39262312984431;916,4.661222458198775
386,0;988,0.7314352582198203;557,2.173925530801824;523,1.214231127057205;88,1.1578249038131887;245,1.2692984553876454;609,1.3350318923042044;510,1.320761485764665;478,2.08377522569888;664,2.317949599475153;484,5.831280360490103;805,3.4451799391536886;605,4.206418127233153;752,2.49164113574768;1017,2.7661415002298524;399,4.233873997240598;950,3.2024877170685824;834,4.0560129793396795;593,3.4980666823252515;153,3.228679822834622;100,3.679362100872151;36,4.296481472935561;876,8.677531532691408;729,4.259332320186914;85,5.729835987922654;45,5.491175144713206;443,4.584973593993429;105,4.31582506455769;238,4.516195106676577;721,5.092885982770637;581,5.5054184598579665;896,6.2679816965223685;875,5.967513175908729;675,7.965953358388679;162,6.126323503897408;128,6.249015069530651;559,6.755728206028445;743,10.338944541747534;955,8.316824681358687;240,7.7303886440052745;501,9.470526668121952;131,7.851321258653871;727,8.912716270019892;531,8.769951824603298;797,9.25733902156797;898,10.420441323537014;795,10.023325454917737;1002,11.733604958808357;853,13.077749854508564;192,11.740846902934504;401,13.335091620202052;979,13.498069850333955;68,13.343594806302576;307,14.38972702593966;508,14.48301447600387;194,14.511986678769945;337,15.315850444472645
708,0;327,0.661946149651196;1010,1.080904688694042;993,0.8865939150887158;944,1.5765834232692795;483,1.3442545416030267;521,2.3393828872447084;858,2.054794136826603;726,3.1760019752799633
75,0;283,0.042660228536584605
240,0;131,0.03211643271132223
768,0;594,0.007840589872662338;405,2.715466721211152;668,2.9872774340007497;1005,2.759598773086337;356,2.924190915543656;221,4.51868711140783;975,6.1379191846231915
356,0;256,4.7577932879026354;86,0.272315743349697;18,1.682388856180334
492,0;244,1.2941483509573253;213,0.3556268158701706;852,2.3222135101438903;3,2.4772091713779623
149,0;605,0.21003098284468866
150,0;442,0.18447790461502708;135,0.6228263138628434
900,0;409,0.6521557336771961
417,0;285,0.8317488690556152
119,0;955,0.5219412711455761;797,2.155467366433305
319,0;19,0.5797754220527851
741,0;554,1.9069029494968857
636,0;847,0.27967604622382203;704,0.28733587278506495;600,1.5582820413232028
590,0;693,0.18147251203753215;982,0.1918816355004175;269,0.596470794528772;10,0.25513925241768126;626,1.3038341539205582
209,0;775,0.2607582156018199;21,0.38382961867414817
598,0;49,0.31330598729747344;485,0.49448573130511264;360,0.43175648153602375
353,0;901,0.006851837500274106;2,1.9814403433155428
402,0;199,1.8078056051185605;319,2.6696497446134506;234,2.818005236999914;19,3.3455560418323684;888,3.700805928389005;78,3.019457110650608
531,0;898,0.07175996844450507;62,0.6341903796411287;443,0.08195990661866745;2,0.4135097687842974;812,0.8542044708790202;744,3.370129951775844;352,0.8341322745732513;597,1.6315794457240822;620,1.2418571223670662;117,1.3511290640246862;81,2.072933539523164;400,1.262983586929015;680,4.561188599975644;650,1.625888229658637;944,1.8410110190358342;879,6.424281494612794;521,3.8921604540537107;858,5.328363492732972;240,3.124680451453794;375,2.5032729261805025;780,2.9566928494158087;913,2.5374961147750716;429,3.607570088858505;498,2.7902704537664147;394,5.801980051371498;416,4.207354909380468;977,4.030465294952482
123,0;999,1.62837876696838
278,0;964,1.521035663591808
288,0;336,0.8344984243231232;1,1.237802795492886;971,1.3576614588008606;225,1.791303637456577;857,2.601797932646889
536,0;394,0.7414125067093583;292,0.027518950857419074;279,1.5283404923109007;325,1.146676947890126;658,3.0107164190250537;735,1.3791599974783588;393,3.3226498637189925;781,1.6245849599169127;103,3.4150419381639394;51,2.7452192007562317;965,5.4150081348097805;868,3.2242188784852734;867,3.5894555729510214;410,4.754198509738995;276,3.8944780949889894;422,5.587680773454978
205,0;718,3.9999189173566605;626,1.0427855120156884
613,0;341,0.3451921229997749
590,0;693,2.153486184445673;931,5.895859652146235;269,2.517611397331868;626,4.157764944537044
272,0;505,1.0380192438729845;126,1.1554942346464132;211,1.2978498443769853;990,1.3449091368028792;875,1.5658985829243428;675,1.8038727145964701;531,2.0854586120520597;600,2.4940877309062977;561,2.6049756118397256;898,2.7928854264856318;62,2.4997414274165397;352,2.9056825587899815;597,4.245040057957093;710,3.067021911238255;117,4.039196934122881;438,4.247864382391076;376,3.0299193137624956;664,3.419583620989637;965,3.9044877155882665;725,3.7154572667565584;5,5.642454321957825;31,5.999885787966357;422,5.007899265400434;1019,5.160548980132014;718,6.190236821651407;986,6.542755785590065;861,7.499830010670189
490,0;530,0.6634391343304203
934,0;691,1.009886250556121
525,0;618,0.5075508800418843
556,0;413,1.468107958310935;994,2.699755399070205
816,0;744,0.8268844009831297;977,1.7325673046615817
435,0;133,0.4902199644131868;190,0.6528966225187401;384,1.2497163441106678;723,2.295135818295139;26,2.3234414796151626;677,2.965896814309302;439,4.6527009897612155;443,3.3393189019856706;900,5.06458980788961;304,4.762656821739246;866,5.589523693085343;668,4.944132484000172;845,5.757573782458641;628,6.2253608413741945;201,6.705041950221621;515,8.216158859769052;844,7.11947969682994
1001,0;493,0.694773821077273;799,3.311591637224375
583,0;931,2.626600100974406;254,3.252708344893869
111,0;167,0.7871421980219813;672,1.2193019953552169;38,1.700799577542065
772,0;729,8.398005003727688;45,9.157894292534179
858,0;580,1.0816791539224864
536,0;394,1.253585981705452;292,0.26888741695945967;279,1.12757220860563
969,0;390,1.4935537124257403
561,0;247,0.07609172498477887
556,0;413,0.297780618369475;994,0.993357437153051;516,3.617908022173381
894,0;213,0.05904994811652745
640,0;658,0.5265223986436048;555,0.06668810434716807;626,0.25536511347271895;412,0.4355731861008092;867,1.6858786366098868
469,0;283,2.029215379674524
956,0;846,1.7714339347434325
963,0;647,0.46278076488002223;195,1.5387883671233127
997,0;588,0.3476188352511482;56,1.3062564291607965
593,0;36,0.3589246686124645;238,0.4461814395563686
499,0;119,1.4838838209653318;488,0.8911421504920045;141,1.7527880223320444
655,0;498,1.8747766348903911;285,0.26792474657872506;533,2.4822527965437104;758,0.6739637043245547;445,0.8221883861179571;809,2.6676849878504374;917,2.7260667780864836;62,4.22702450080025;297,3.8140126572234934;999,3.9884563926853938;111,3.0025455426267764
32,0;693,0.3056705894678229;931,0.5149456107808128;269,3.3691596660696765;364,1.0598417405177964;781,1.1356300562433466;103,1.5433343317754056;224,3.084609499433466;664,3.475404992100058;626,3.543547412010525
499,0;488,0.4678253255438548;433,0.6618076489078948;830,1.5453164700114868;141,1.209378391403515
420,0;58,0.1665303022608179;998,1.0396153542970317;727,0.47086941644436453
545,0;969,1.097781149573868;476,1.3202497679927152;886,2.803546983997954;390,1.4897409883480757;95,3.8939279530090936
82,0;633,0.9813953145158204;448,2.044274516406684;1016,2.509646485989938;193,2.5192200988795683
687,0;486,0.7673525992688207;2,1.5845454565090449
159,0;48,0.8756799306022335;955,1.9836425166137586;840,1.4496085711910076;139,2.2501275808984293;323,3.61964180109205;797,4.524432063283708
25,0;698,1.7649813402032348;319,2.634766026867123;893,3.761081413526293
986,0;861,1.0736077284737884;136,1.266426968323131;72,2.9090582559910922
42,0;210,0.6366195849604979;833,0.8153838512674614;159,3.418860548778646;972,2.2237701577404683;835,0.9309536987829021;949,1.115952691263802;964,3.586113554839163;737,5.1962916485311155;403,5.2419247723681055;316,5.954465227675959;812,5.252893246070324;400,5.4842880945017365;470,5.736319418597074;430,6.452917964773484;157,6.269715293191935;679,8.522475584733646;789,9.384641836411438;539,8.644875521748716
226,0;308,1.9196213396575645;725,1.2398294980690712;824,6.780790566653206
523,0;609,0.4123280145943908;77,0.980430327528462
363,0;193,0.11653080702991425;456,1.5291912617592174
843,0;40,2.1946819161483453;443,0.9769941503082115;637,1.2767653006405362;489,0.8472726833413186;900,1.3075800564408184;409,2.5758638542870336
131,0;537,0.24794061679274373
295,0;858,3.2465173217028926;827,0.16558449147624033;709,1.6887705628218708;308,2.2506619557450334;824,4.319747585110485
803,0;444,2.600752917262259;799,0.873941386222079
745,0;510,0.7259874208974815
347,0;534,1.845335823374466
300,0;207,2.9022873874599724
632,0;828,0.7100327278439387
483,0;979,2.1661760105822676
1023,0;810,0.2660420676365599
91,0;944,0.7056635414625444;521,4.21433279606797;858,1.7395786263079418
324,0;969,0.2969137320150534;886,1.2829651199983148
905,0;965,0.2640017701952484;223,0.5425765480280329;638,0.9402945405430786
998,0;907,0.7696632436691483
724,0;626,0.16353752964788187;412,0.255114495342927;287,0.5072722062940782;536,2.1822046764675775;521,0.6018308170784621;394,3.16803236832143
852,0;572,0.7357111940926262;149,0.8340853339137538;605,1.2804927008459799;85,2.2549014226609057
267,0;270,0.884250672983307;219,1.6820489363816846
961,0;102,1.5997413929271924;596,3.3924117304986097
67,0;173,1.8196277401199328;236,2.5248432868816284;975,3.4004191264083867;861,3.4466621048109154;524,4.440489047477071
618,0;195,4.026063511487105
354,0;822,0.31536883988713715
420,0;58,1.0708840763024832;998,2.282649517974326;189,3.9064599995061986
613,0;341,3.0004423835778993
417,0;285,0.8857813778782981;533,3.330037818305322;62,5.41465550567162;352,5.6846176605894865;597,7.152917581896936;710,6.482637228009523;620,5.70709406294728;438,5.725019821414144;376,7.512208072909866;45,6.056340229314307;430,8.58517826462861;801,6.3099924345713605;697,9.363094685375348;664,9.796155276406644;1,10.948438304463252;906,12.502003480385364
74,0;497,1.5020762692411758
1016,0;398,2.3469234189495243;193,1.0141213534242781
616,0;576,0.19966010403368037
915,0;959,1.459448056589304;319,1.2191178647521306;332,0.09774033507702526;84,0.33167184980048714;507,0.9748606100322336;337,1.2465835563227836;435,1.5313000918385034;234,1.7960793506334878;893,1.5827031466668822;19,2.5266995374684322;285,2.244772433248005;876,2.880019663696409;780,1.948857324524019;416,6.37742904120754;533,2.5566434465614023;62,3.226673720638035;710,4.085222729033154;965,4.092801742802709;725,4.876459520062863;638,4.548787625801948;31,5.167913063835308;64,7.613032129259594
487,0;110,0.7070408385133963;860,1.2712468842174411;649,1.3650890016317336
604,0;695,1.8746361084282992;874,2.9319086783345716
645,0;103,0.1414256828514973;390,2.721212517539715;307,0.2587109670422658;925,3.4347703291673874
542,0;269,4.213454785888086;626,4.610044852739448
50,0;876,1.3767701848569969
256,0;618,0.40841995490873995
250,0;129,0.30190514265135;87,0.7945680267226534;745,0.41755892008467194;642,0.533958846167297;198,0.7933807212900743;916,1.4895162639861936;871,1.6839770770280902;389,1.3990423790191735;29,3.716161685929274;852,5.383688335822134;3,5.791488754712238;572,6.579493250702323;282,7.082952348875547;789,6.652499045190044
460,0;869,2.641826702369558
113,0;370,1.9012603651300057
451,0;291,0.6122291282087283
57,0;338,0.33529116903755335;99,1.1749530185064212;298,1.4405172342419383
651,0;181,0.18216403877990142;573,0.5312626863586712;135,0.4867117356806182;399,0.55524851742056;261,0.6765266031172235;991,1.1570353382996315;921,0.8303090474677539;1,1.8480600617364522;24,1.9560933107580754;735,1.9713752569026286;512,4.4542292139597315;611,4.7624800276149095;895,4.864641855311463
796,0;944,0.5278459179703457;680,0.059881052451469005;521,0.9366330099476573
166,0;860,1.0213552419428842;649,2.6389284868463347;150,3.1321540210853134;442,3.735603546882094;752,4.1889357405563965;399,4.969293197323543
478,0;664,0.6956348663312961;805,0.0027979121251184313;605,0.6589320024625667;970,1.690584994544033;657,0.07500991164137012
0,0;154,0.15805500147499574;1003,0.04817329251822859
820,0;703,0.01864519876614378;782,1.7477940393338292;618,0.9989222258091754;912,1.5694634463191854;477,1.961743699988823;1009,3.22829232232498;864,3.6071388082363187;4,4.791662286765918
645,0;103,1.0086381967390758;218,1.0284749832637359;925,1.123180374556536;224,1.2145228014267477;718,1.572370339922999;584,1.5420239950819483;767,1.757108924043123;664,3.279952504751771;602,1.8950275318810081;726,4.830450789340947;533,4.196830490527168;635,5.969047395986454;656,6.296001878990362
949,0;964,0.18841653754456128;737,0.4224094089789601
802,0;710,0.39935561367338823;112,1.2313419235085592;965,0.8158791043217275;725,0.7183735023836171;31,3.4697588791319944;422,2.069451986551935;172,0.9830607484148457;382,2.9840659819398887;869,3.572909788549013;16,3.924020682673987
488,0;433,1.4932197661530087;141,0.4435970594085403
183,0;62,1.3180367210712798;597,1.7314142334606983;620,4.621918292493939;944,4.676297452825589;726,5.852711753028672;648,7.393904152544113;536,7.759408597262499;152,8.043925695778718;394,8.408080050513409;292,8.484748242247937;791,9.125042740136339
136,0;72,2.846726312257836
173,0;761,0.8868394727994802;236,0.5619234581446586;189,0.8528447011726392;619,1.7403079966100958;726,2.2190968957260306
300,0;170,1.6172968667640975
976,0;456,0.7773890549005841
533,0;62,1.3906023267491447;597,2.835186494349405
250,0;87,0.07282319527038063;389,0.4624800860536956
665,0;710,2.2036710265224895;725,2.6194409172937445;5,3.817056890715204;31,2.966234943717317;16,3.0333071008752284;650,7.117457980344014;1010,3.3835762542141166;483,3.391162275947386;979,3.81920796398817;402,4.11042692442417;154,5.140350130306771;956,4.272082146475896;199,5.405190587681196;846,4.920851255107317;282,5.685729390532771;499,7.8798118320726935
185,0;639,0.5066048044314128;433,1.4709119654288845;911,0.7798463717158082
372,0;783,1.740312607558933;499,1.161989154220307;119,2.6829513293433624;488,1.8752615675432465;433,2.2501400953934567;830,2.6131283920661494;574,5.112939889472071;540,4.202444802687134;955,4.479126970396949;322,4.094676968469769;797,5.347727322402989;5,6.096750449614696;402,6.282665795573395;199,6.31214067481654
862,0;273,0.12428433979126448;427,0.9871512643619772;740,6.2616530949629405
517,0;212,1.512749581028549;19,0.14717095860357202
847,0;903,0.6209214627663361
287,0;521,3.8737941085003733;162,0.2887575544262732;128,0.8527544224870138;565,1.5424686932212208;955,0.42453541358154234;797,5.559832606347874;102,1.0624832812857914;747,3.449049470334812;141,4.032936731191697
336,0;1,0.15133918214581302;906,0.752505539589083;592,1.0202592159222181;359,1.8285839742725847;892,2.0050737149492552;318,2.322450027460832;330,3.041478307611751;486,2.3559750520217797;983,6.154730659599459;735,3.2549800996190563;512,3.9448925456642447;611,6.415357480434908;61,11.35394307770143;482,14.538266854460876;234,15.700660994831146;888,18.912786426273385;876,15.782457697970843;947,20.487690704723597
403,0;812,0.04955947227720618
486,0;562,0.056064432125379225;509,0.9507003020268684;67,2.489149667646496;741,2.4728432223954084;644,2.3341925258050917;554,3.303631631409922;878,2.896877358847009;173,2.851934336399828;761,4.798855785024375;236,5.221646898589077;22,5.575913028421599;189,5.498429256213665;734,7.28542749534199;813,11.08462603456248;731,10.936862944525704
146,0;202,2.372556437250774;837,2.7532662422472685;741,2.9064750560046795;855,3.2219093556711615;232,3.9997593102788658;420,2.968548831721858;554,3.078474042933658;58,3.158020068500821;998,3.2341150087115977;727,4.110947815977185;189,4.008934386133026;907,3.3959203671328666;734,4.743153470977559;619,4.022196498744923;295,4.075436199584104;858,6.011642946107878;709,6.236020480598102;731,5.09040799024456;308,9.240091815555108
990,0;875,0.29486671713228013;675,0.7557369641686453;162,2.5700086569495832;955,4.327605324405529
197,0;572,0.14776596658722754;149,2.0624826040010653;282,2.9886182240495276;510,4.3962148697549885;605,3.0070102167367283;85,3.2841082235792802;478,4.4789075949453885;484,5.200028713638588;875,6.695056533784003;826,8.718084315612188;162,7.106742053677609;355,10.372319284094809;128,10.177281410931197;559,7.3862809346626594;565,8.396555623298028;955,7.218562430033177;501,7.78603218466743;708,8.25008546051078;1002,9.279539783586317;327,8.460405831567254;1010,8.63959300087382;225,9.220223772455382;483,9.115493859818109;278,12.679351148158075;979,9.21632578063485;629,9.436277829000264;192,10.63465649161545;460,11.76159529634084;157,9.517462364745725;1003,9.980237442859936;670,9.69742227450628;92,11.583543109667339;223,11.19620251258605;292,11.430217821350823;791,11.932794399873822;964,14.131871758822845
666,0;520,0.41797052706805893;700,0.5402574195743519
609,0;77,1.0417475067633162
673,0;207,0.7728252753818218;801,3.164776423271531
529,0;820,3.270428599146305;782,4.07353174488305;618,5.283563250103601;195,5.823280423931062
487,0;110,0.4449072755259666
358,0;4,0.11476180806583776;153,0.501741467826623
443,0;900,0.0575801645342831
714,0;160,0.22218833521544806
719,0;960,2.3807818396725584;648,1.8206458348989827;536,2.546049121201148;47,3.1530253894179;394,3.672146830404131;292,8.13524232678321;325,4.206275132076783;526,4.340396309777071;279,8.632705088109924
458,0;124,0.33155063815701596;797,0.602351498981057;582,1.810954867751109
504,0;770,0.6698511074319159;102,1.6150454764679139;70,1.329966473400209
405,0;668,0.8763507696204641;1005,0.14967337331618383;356,0.24698405989648642;256,0.3699533544742344;86,1.079482555010363;618,0.3769369971059761;18,1.296024715812541
706,0;297,0.5552794433295266;997,0.25958711002554313
583,0;931,0.02232044797363411;364,0.1282667815678717;254,1.8650554812678215;781,4.26726452160186;103,4.436640858374047;224,8.336662253925072;664,8.65526440554661
30,0;546,0.22132287643550316
985,0;589,0.7706985129621698;728,0.7324843709815713
122,0;238,0.781007643404569
319,0;234,2.216485057855074;19,0.7035822596460559;78,2.845910051168687;876,3.2277209968914864;780,3.6790410094078765
522,0;405,0.0022654523728138846;1005,1.1276399647196433;356,1.289556318635994;256,3.193460199096641;618,6.420366016595997
489,0;782,0.7554624219332522
332,0;991,1.4275003428378856;24,2.559560011334245;552,2.1175323956134373;810,2.975517258190575
1005,0;65,2.6414682856990424;356,0.05873977320781003;221,4.546260659708645;975,5.011961705862671;861,6.986231340428299
339,0;39,1.017696855337641
451,0;291,1.4555180344651424
558,0;1019,0.16125161574883448
43,0;229,2.6708809645025444;787,0.324255813849472;47,4.133734417187631;214,3.613184466118069;222,3.5602244380062764;876,4.281183498901182;749,5.632165230407983;365,8.879521143616122
226,0;308,0.19931080022153896;825,0.0294103500931234;594,1.2311498582725442;824,1.3157501364305768;405,2.7432065044918836;668,3.705531058691332;798,3.3368678168095314;1005,2.9201949905174414;356,4.384454040533928;373,5.371052305474972;339,3.9447065880702374;578,5.364416781880533;256,4.677263102692574;86,4.743137361568437;618,4.9549310704007175;195,4.959689724475076;49,5.523755389849365;19,7.491102459660176;360,7.160384328251349
739,0;610,0.19169712103086367;81,1.241639882522637;240,2.5808153709860253
381,0;838,0.49323218830686744;709,1.6961666597650655;402,0.5795430616337038;956,0.5809879766188378;356,0.885025366872669;256,2.4223158331788475;86,1.1404848778659136;18,1.4564374949793302;308,4.788640498415202;618,2.435338312321052;195,3.311939003601887
402,0;956,2.0820754124986456;846,2.1517846126033664
14,0;1001,0.31775811307442214;129,0.5127507160622892;493,2.1248001146522157
274,0;516,2.128238196144809;996,0.5371752057519726;851,0.5232654140933912;174,0.6392501248033483;838,0.8538548026999524;189,0.8754536840872309;578,0.7506022209959778;49,1.25737812527428;402,1.6332068495670948;734,2.8129184807148597;360,1.6215378663337303;956,1.647416775589824;846,2.3954599623682364
436,0;250,0.7555914523148674;129,1.3330992207491956
800,0;1013,1.0810856902807267;533,1.1697110518855611;408,2.2272345809963556;62,1.3710416138082362;597,1.6970700246188661;710,3.159202134404964;350,2.8651661404725703;965,4.8544612530017925;5,3.867148424965092
961,0;102,0.3145477402516108;493,0.19737208581219773;954,0.7117169704598818;344,3.6172966324722355;311,0.8407518360574293;427,3.794319253704022;504,0.9680537068154815;840,2.055069307114018;770,1.1886358943918747;70,3.9171578831883584;473,3.5195262747083675;20,2.2727405037693997;29,2.4952759781149383;328,2.5713578945956956;721,3.979636221009556;404,3.2025181660738533;831,3.1232071958503393;893,4.25588321917449;203,3.5609001515893786;678,4.516173644724528;360,5.8085192260718435
50,0;876,2.3790011174176953
804,0;37,0.4465022069144704;103,2.8177200964170206;845,2.0274708821990313;531,4.360566137307495;224,3.720482466237606;664,5.620423350748064;600,4.8553036057251004;561,6.062755249546493;443,6.787477644250967;247,8.936732801339154;900,8.39973614283807;812,7.624727818062937;409,9.771750551763587
