0,0
1,1
2,2
3,3
4,4
5,5
6,6
7,7
8,8
9,9
10,10
11,11
12,12
13,13
14,14
15,15
16,16
17,17
18,18
19,19
20,20
21,21
22,22
23,23
24,24
25,25
26,26
27,27
28,28
29,29
30,30
31,31
32,32
33,33
34,34
35,35
36,36
37,37
38,38
39,39
40,40
41,41
42,42
43,43
44,44
45,45
46,46
47,47
48,48
49,49
50,50
51,51
52,52
53,53
54,54
55,55
56,56
57,57
58,58
59,59
60,60
61,61
62,62
63,63
64,64
65,65
66,66
67,67
68,68
69,69
70,70
71,71
72,72
73,73
74,74
75,75
76,76
77,77
78,78
79,79
80,80
81,81
82,82
83,83
84,84
85,85
86,86
87,87
88,88
89,89
90,90
91,91
92,92
93,93
94,94
95,95
96,96
97,97
98,98
99,99
100,100
101,101
102,102
103,103
104,104
105,105
106,106
107,107
108,108
109,109
110,110
111,111
112,112
113,113
114,114
115,115
116,116
117,117
118,118
119,119
120,120
121,121
122,122
123,123
124,124
125,125
126,126
127,127
128,128
129,129
130,130
131,131
132,132
133,133
134,134
135,135
136,136
137,137
138,138
139,139
140,140
141,141
142,142
143,143
144,144
145,145
146,146
147,147
148,148
149,149
150,150
151,151
152,152
153,153
154,154
155,155
156,156
157,157
158,158
159,159
160,160
161,161
162,162
163,163
164,164
165,165
166,166
167,167
168,168
169,169
170,170
171,171
172,172
173,173
174,174
175,175
176,176
177,177
178,178
179,179
180,180
181,181
182,182
183,183
184,184
185,185
186,186
187,187
188,188
189,189
190,190
191,191
192,192
193,193
194,194
195,195
196,196
197,197
198,198
199,199
200,200
201,201
202,202
203,203
204,204
205,205
206,206
207,207
208,208
209,209
210,210
211,211
212,212
213,213
214,214
215,215
216,216
217,217
218,218
219,219
220,220
221,221
222,222
223,223
224,224
225,225
226,226
227,227
228,228
229,229
230,230
231,231
232,232
233,233
234,234
235,235
236,236
237,237
238,238
239,239
240,240
241,241
242,242
243,243
244,244
245,245
246,246
247,247
248,248
249,249
250,250
251,251
252,252
253,253
254,254
255,255
256,256
257,257
258,258
259,259
260,260
261,261
262,262
263,263
264,264
265,265
266,266
267,267
268,268
269,269
270,270
271,271
272,272
273,273
274,274
275,275
276,276
277,277
278,278
279,279
280,280
281,281
282,282
283,283
284,284
285,285
286,286
287,287
288,288
289,289
290,290
291,291
292,292
293,293
294,294
295,295
296,296
297,297
298,298
299,299
300,300
301,301
302,302
303,303
304,304
305,305
306,306
307,307
308,308
309,309
310,310
311,311
312,312
313,313
314,314
315,315
316,316
317,317
318,318
319,319
320,320
321,321
322,322
323,323
324,324
325,325
326,326
327,327
328,328
329,329
330,330
331,331
332,332
333,333
334,334
335,335
336,336
337,337
338,338
339,339
340,340
341,341
342,342
343,343
344,344
345,345
346,346
347,347
348,348
349,349
350,350
351,351
352,352
353,353
354,354
355,355
356,356
357,357
358,358
359,359
360,360
361,361
362,362
363,363
364,364
365,365
366,366
367,367
368,368
369,369
370,370
371,371
372,372
373,373
374,374
375,375
376,376
377,377
378,378
379,379
380,380
381,381
382,382
383,383
384,384
385,385
386,386
387,387
388,388
389,389
390,390
391,391
392,392
393,393
394,394
395,395
396,396
397,397
398,398
399,399
400,400
401,401
402,402
403,403
404,404
405,405
406,406
407,407
408,408
409,409
410,410
411,411
412,412
413,413
414,414
415,415
416,416
417,417
418,418
419,419
420,420
421,421
422,422
423,423
424,424
425,425
426,426
427,427
428,428
429,429
430,430
431,431
432,432
433,433
434,434
435,435
436,436
437,437
438,438
439,439
440,440
441,441
442,442
443,443
444,444
445,445
446,446
447,447
448,448
449,449
450,450
451,451
452,452
453,453
454,454
455,455
456,456
457,457
458,458
459,459
460,460
461,461
462,462
463,463
464,464
465,465
466,466
467,467
468,468
469,469
470,470
471,471
472,472
473,473
474,474
475,475
476,476
477,477
478,478
479,479
480,480
481,481
482,482
483,483
484,484
485,485
486,486
487,487
488,488
489,489
490,490
491,491
492,492
493,493
494,494
495,495
496,496
497,497
498,498
499,499
500,500
501,501
502,502
503,503
504,504
505,505
506,506
507,507
508,508
509,509
510,510
511,511
512,512
513,513
514,514
515,515
516,516
517,517
518,518
519,519
520,520
521,521
522,522
523,523
524,524
525,525
526,526
527,527
528,528
529,529
530,530
531,531
532,532
533,533
534,534
535,535
536,536
537,537
538,538
539,539
540,540
541,541
542,542
543,543
544,544
545,545
546,546
547,547
548,548
549,549
550,550
551,551
552,552
553,553
554,554
555,555
556,556
557,557
558,558
559,559
560,560
561,561
562,562
563,563
564,564
565,565
566,566
567,567
568,568
569,569
570,570
571,571
572,572
573,573
574,574
575,575
576,576
577,577
578,578
579,579
580,580
581,581
582,582
583,583
584,584
585,585
586,586
587,587
588,588
589,589
590,590
591,591
592,592
593,593
594,594
595,595
596,596
597,597
598,598
599,599
600,600
601,601
602,602
603,603
604,604
605,605
606,606
607,607
608,608
609,609
610,610
611,611
612,612
613,613
614,614
615,615
616,616
617,617
618,618
619,619
620,620
621,621
622,622
623,623
624,624
625,625
626,626
627,627
628,628
629,629
630,630
631,631
632,632
633,633
634,634
635,635
636,636
637,637
638,638
639,639
640,640
641,641
642,642
643,643
644,644
645,645
646,646
647,647
648,648
649,649
650,650
651,651
652,652
653,653
654,654
655,655
656,656
657,657
658,658
659,659
660,660
661,661
662,662
663,663
664,664
665,665
666,666
667,667
668,668
669,669
670,670
671,671
672,672
673,673
674,674
675,675
676,676
677,677
678,678
679,679
680,680
681,681
682,682
683,683
684,684
685,685
686,686
687,687
688,688
689,689
690,690
691,691
692,692
693,693
694,694
695,695
696,696
697,697
698,698
699,699
700,700
701,701
702,702
703,703
704,704
705,705
706,706
707,707
708,708
709,709
710,710
711,711
712,712
713,713
714,714
715,715
716,716
717,717
718,718
719,719
720,720
721,721
722,722
723,723
724,724
725,725
726,726
727,727
728,728
729,729
730,730
731,731
732,732
733,733
734,734
735,735
736,736
737,737
738,738
739,739
740,740
741,741
742,742
743,743
744,744
745,745
746,746
747,747
748,748
749,749
750,750
751,751
752,752
753,753
754,754
755,755
756,756
757,757
758,758
759,759
760,760
761,761
762,762
763,763
764,764
765,765
766,766
767,767
768,768
769,769
770,770
771,771
772,772
773,773
774,774
775,775
776,776
777,777
778,778
779,779
780,780
781,781
782,782
783,783
784,784
785,785
786,786
787,787
788,788
789,789
790,790
791,791
792,792
793,793
794,794
795,795
796,796
797,797
798,798
799,799
800,800
801,801
802,802
803,803
804,804
805,805
806,806
807,807
808,808
809,809
810,810
811,811
812,812
813,813
814,814
815,815
816,816
817,817
818,818
819,819
820,820
821,821
822,822
823,823
824,824
825,825
826,826
827,827
828,828
829,829
830,830
831,831
832,832
833,833
834,834
835,835
836,836
837,837
838,838
839,839
840,840
841,841
842,842
843,843
844,844
845,845
846,846
847,847
848,848
849,849
850,850
851,851
852,852
853,853
854,854
855,855
856,856
857,857
858,858
859,859
860,860
861,861
862,862
863,863
864,864
865,865
866,866
867,867
868,868
869,869
870,870
871,871
872,872
873,873
874,874
875,875
876,876
877,877
878,878
879,879
880,880
881,881
882,882
883,883
884,884
885,885
886,886
887,887
888,888
889,889
890,890
891,891
892,892
893,893
894,894
895,895
896,896
897,897
898,898
899,899
900,900
901,901
902,902
903,903
904,904
905,905
906,906
907,907
908,908
909,909
910,910
911,911
912,912
913,913
914,914
915,915
916,916
917,917
918,918
919,919
920,920
921,921
922,922
923,923
924,924
925,925
926,926
927,927
928,928
929,929
930,930
931,931
932,932
933,933
934,934
935,935
936,936
937,937
938,938
939,939
940,940
941,941
942,942
943,943
944,944
945,945
946,946
947,947
948,948
949,949
950,950
951,951
952,952
953,953
954,954
955,955
956,956
957,957
958,958
959,959
960,960
961,961
962,962
963,963
964,964
965,965
966,966
967,967
968,968
969,969
970,970
971,971
972,972
973,973
974,974
975,975
976,976
977,977
978,978
979,979
980,980
981,981
982,982
983,983
984,984
985,985
986,986
987,987
988,988
989,989
990,990
991,991
992,992
993,993
994,994
995,995
996,996
997,997
998,998
999,999
1000,1000
1001,1001
1002,1002
1003,1003
1004,1004
1005,1005
1006,1006
1007,1007
1008,1008
1009,1009
1010,1010
1011,1011
1012,1012
1013,1013
1014,1014
1015,1015
1016,1016
1017,1017
1018,1018
1019,1019
1020,1020
1021,1021
1022,1022
1023,1023

950,0;153,0.33562160863900964;100,1.500944046871718
955,0;797,2.4961794374432014
786,0;6,2.8734035928975104
506,0;272,0.7443682456224642;505,4.3408660899732325;126,4.819123768867676;791,5.635209787937941
474,0;427,1.2795083061195014;935,2.39319306808531;898,3.1453486600934273;2,3.94084800849594
324,0;438,1.991281904972672;969,1.9527822068082321
64,0;873,0.26481203427860356;129,0.33329911288738234;195,0.9895581646660669
939,0;718,2.7155418839235117;931,0.7556548019528397;364,3.127100749604243;295,3.505748195127892;827,3.882421519685036;485,5.293348841539933;762,6.637808689135397;475,9.199527274144675
663,0;500,0.618942493446936;260,1.351336799919149
1018,0;738,0.44048745720879046;290,3.700918316069498;58,0.6783569973558186;811,0.7607480609536825;745,0.6675317848622268;642,0.7632391702359644;998,1.4778873633166034;727,0.8123223955988923;67,1.4918038695155764;189,1.1964928009916191;198,2.695634970030682;916,1.844507030610207;734,1.5301118436978205;295,1.6585300926534148;907,1.8622959789692493;878,2.5306509693295745;447,1.936142062729045;343,1.9434357225451506;827,4.241005562843886;912,2.101009919052343;577,1.9454126417913216;792,2.288585639136418;523,6.822046392815068;822,5.674767181553657;485,4.420400347542447;318,5.759550100670833
971,0;225,0.41144839236353487;857,1.032216103098004;629,2.345081617144241;636,1.3575267068327082
815,0;309,0.15412759632349354
587,0;241,1.1383189194991419;510,0.16958801412466729;616,0.3686300438544404;478,2.709842007631571;576,0.6193677115266336;86,0.9011984388404006;715,2.96349803573615;274,2.0117557076062296;851,2.140807867877419;805,2.9250345759342613;605,4.280281421207708;970,4.83658511386128;657,4.3042476158648615;513,3.2239295520649405;85,6.064272088946976
331,0;354,0.4316615702536912
446,0;359,0.1286930991727075;974,0.5779164311316914;892,0.8370380599415246;244,0.8866435984716614;318,2.535359618636853;512,1.8451884389364208;647,0.7229932159192395;195,0.9072404396515232;486,3.6376188936722187;791,1.272780677637582;728,2.1203872451102357;611,2.625400389946772;895,4.635056056494191;2,5.783848054330693;562,4.874950945356792;509,4.054890849661344;741,4.413770523137435;644,4.5561994572763105;554,5.491600461296126;48,6.151115641832448;67,5.564969121326342;447,6.283090661689596;744,6.076408307060357;624,6.590427031495673;814,8.38135275455899
823,0;696,3.488505384003295
349,0;331,0.8482459777611457;628,1.1267589761383443
818,0;201,0.045059414769056234;844,0.23514925446599766
738,0;461,0.13506913140824478;811,0.12457752030016159;745,1.991290961366038;778,0.46233560231771553;642,4.961160456519601;510,5.130258956183472;198,5.115189989694404;916,5.142224141857743;478,5.935410411042012;664,5.942717054793952;605,6.626365689100393;85,6.899451373643041
171,0;914,0.8159797295961992;392,1.026606249396311;470,1.2125880258721904;430,3.000556590079475;157,1.9173432783438749;1003,2.6201306601963834;670,1.954805887193733;92,3.563697519777281;223,2.37868070462262;612,4.53303399486873;512,5.230055058354195;728,5.526333802838876
229,0;47,1.9080466134320584
875,0;675,2.059297336059252;355,0.31216675796116716;131,0.9623913129964583;537,2.366978306829865;727,2.972577643103546;531,3.0577018434279597;62,3.962816691914453;443,3.7451888476422024;900,4.6062707181999185
16,0;1010,3.0737128542728103
154,0;481,0.7979967336895546;316,1.1937561912426977;679,2.4386631598583373
961,0;102,0.5938231204921562;596,3.1316624959439845;493,3.9415907951514337;747,0.6524410520496194;513,0.9107404463464516;799,4.4627730756982;352,4.6030424823922145;869,8.71810801597977;438,4.90746228641843
711,0;13,2.0185869953317432;103,2.534284698787161
572,0;149,1.5586484248566639;789,1.2855906417038763;510,3.321056752747954;605,3.004536613164362
737,0;313,0.6229227921852102
196,0;727,0.2743888377936782;864,1.677312611813511;36,4.770986490779199
59,0;985,0.047259698380014994;24,0.06154017048046423;52,4.3279032893816805;589,0.230805662774213;728,0.38507738472367753
157,0;1003,1.2782634169115668;670,0.06423180153326055;612,3.1228359512839283;512,4.660938803640121;728,5.830499768858411;251,5.967115106791264
236,0;975,2.196864348252871;189,1.9936842554339675;295,2.207273376399135;861,6.336591217493691;827,4.538457799002521
120,0;651,1.1530579600342585;181,2.0327053317801473;399,2.0702110716175093
385,0;920,0.048441040484920324;152,0.842653307167774;342,2.693776548948948;528,3.221006635454156
42,0;210,0.26007889067328177;833,0.0783831777077492;159,0.5698278724199148;972,1.4577113616783657;949,0.7644053367742865;48,4.123920302116725;964,1.5072847541347782;246,1.7531820048017557;737,1.8943100036276954;316,2.393444577590463;955,4.155874022902185;95,5.740048944520637;624,4.684576352099889;814,8.892960782452057
139,0;911,0.8389792482585359
459,0;413,0.11760809711958814;994,0.6854665570089269
104,0;336,0.4265716457197586
986,0;861,0.8424732334206821;136,0.11558339832036156;72,3.905191213314359;169,6.378768224139376;249,6.943986939854662;806,6.793655718736176;578,8.615786350941972;322,7.3757957507919745;616,7.839851415367594;474,8.45560596163399;427,8.710897497444288;49,8.72814792275649;485,10.34504024539676;318,12.126439750668089;762,10.532869386131368
375,0;780,1.2258211158980865;394,2.3012660809044556
335,0;256,2.9193737837716287;618,4.080460340303592;195,4.263398020171222
114,0;924,1.26916670974992;539,1.3178347475819798;587,2.6790394909498687;428,3.669546549568461;241,4.452482034466993;510,4.021600606625598;616,2.861040706212536;274,5.494724610251407;516,6.3631645419231955;971,5.923645482957904;225,9.031605815533384;857,11.402185416136044;636,11.422402177959142;847,12.102480817839389;903,14.886122681406844
74,0;497,0.8099346554193693
563,0;814,1.2496233235701495
30,0;546,1.3603185264717137
41,0;839,2.0219524147859658;37,4.131877038871806;728,4.625343647941238;152,4.186704272217907
575,0;236,1.6240740693674622;209,0.18617182813830363;189,2.97823068195773;734,4.079301278474016;619,3.202909351722621;295,3.560712786169878;858,4.270890926884672;827,6.236160683846464;709,3.9404200185814795;813,4.501612256434228
936,0;835,0.14197528770327117
362,0;162,0.4410381782693974;559,1.6167347828732357;743,1.5460936229948947;240,2.150590509935532;853,1.9086640876454617;501,2.2514695527492155;979,3.645589310819627;131,2.282247468082004;307,3.737751825788839
377,0;571,0.941396897929468
812,0;400,0.7116231775368728
511,0;291,3.0478192260662835
708,0;327,2.106681032638618;993,2.462696300577943;225,3.6051592824720213;328,3.3144879968338743;944,2.5252310326630303;858,2.566972021229073;726,2.8088829206615795;580,2.832137232273916;831,5.182914014977984;93,5.458938125450798;24,5.513994180527122;305,5.481975925251949;78,6.099632601023382;73,6.828607401955584;696,8.154707146668587;841,6.264691217418045
948,0;570,2.6198257295801466;204,0.10070302152962138;990,3.255967850601541;871,1.085323147687894;125,1.6662011715928988;986,0.22325695992235373;861,0.25372133219555854;72,1.667265156673625;169,1.8319818127216214;806,1.9588367112126603;578,2.4615825298932204;875,3.3403151417108483;826,4.5233515926202355;162,6.0606837967851135;355,3.518458277654967;131,6.783611211488658;278,5.49392974788359;500,5.1197342312361105;128,7.524224863416299;743,6.810807633907205;565,6.565762427031474;955,7.01954276769772;684,7.290995457054126;738,7.554643553746182;102,7.92490685143111;461,8.761487877636839;58,8.567602603684753;811,8.451193548637772;778,8.55760548398027;189,9.11354379340832;37,9.120287390190237;619,13.613904879908539;152,10.754893553474659;845,9.183179637464338;628,9.234943026708486;201,10.763925954713162;515,9.980017196909643
353,0;901,0.09083841280376338;2,0.32771320487994465
1018,0;290,0.855812688671984;986,1.408318218087563;822,1.2403592529723015
931,0;254,1.8573494232493921
325,0;658,0.1163151163174882;735,0.14248452177085763;526,3.517463171784477;868,1.0131836236797997
722,0;57,0.8104536373287372;814,1.196520381511939;338,0.9955288221607851
237,0;1016,1.2222994044743611;398,2.233873315776929
983,0;61,0.3518495063973016;482,0.5477317918729356;234,2.2584815746001983;115,1.1490549064756506;78,2.7037684855269832;780,2.983040047321593;416,3.338959387832599;64,4.000272980957203
250,0;129,0.49409416830920566
729,0;45,0.4302733037101016;146,0.18873619051832466;443,0.5247690275056212;161,0.6959697891653999;801,1.2001141518213538;812,1.744242762450395;750,2.6849454569593676
912,0;792,2.3739027196213374;1009,0.3440231122509849;864,0.5267742340627154;36,0.9641550900790281;4,0.8813276697278701;795,1.3658598250701082;238,0.9981237896959348;611,1.2941828789918361;895,1.4690749579651614;291,2.1957416073576645
443,0;812,1.730953815117457;81,6.014375953972943;400,1.809737136457199;240,6.513054820672588
900,0;409,0.6824713840450087
1003,0;612,1.247818341213953;512,1.3192505696563397;611,1.3220616797641087
952,0;596,0.8104306834441605
486,0;509,2.572625428005837;644,4.550126588895253
920,0;748,1.6913288242973323
606,0;298,0.6878830239081132
974,0;512,0.2190195791093189;479,0.24932905504288339;647,1.1987116732310246;251,0.4068071791022617;802,0.4128323573895836;710,0.8797798718963576;5,2.324247810310922;154,4.279980947237657;481,4.7864489162329935
914,0;167,1.9059057845692888
467,0;554,0.08890105309756481
437,0;65,0.7424734678832754
803,0;847,3.7889256118284096;704,4.75552627843183;600,5.266784929749101
204,0;990,0.008559723748421521
17,0;862,1.5657863981379796;273,1.7878451264936082
854,0;884,1.7343807856766449
160,0;708,3.2590360859839325;1010,4.872336644773048
1012,0;888,0.17273149235809734
142,0;708,0.6417236408073415;1010,2.4296000540895815;871,1.2252760060654255
491,0;103,1.0590306328471586;224,1.6757917795657158;664,1.748220309754297
927,0;855,0.03589748432843351
113,0;370,0.7563525226208093;20,0.4783096314150305
493,0;799,0.7478644262846587;954,1.5487405992724388;352,0.5928249861887567;438,1.0337345738697497;376,1.153007953917962;664,1.4393677625297034;896,2.4199227959099567;344,2.3859940379606095
54,0;405,0.40785375878284363;1005,0.4858439796150287;65,3.791406346970935;356,1.0536501039907473;86,3.993843119744138
660,0;206,1.0103253878090148;386,0.5302357690802155;988,0.7799493245255327;88,2.151520192022174;245,2.434079996977979
931,0;254,1.0065552157775592;313,4.345383998887992
875,0;826,0.17158941293704738;355,1.3286627187475188;341,0.6844002126337918;278,1.6156850394069218;500,0.2918404269749456;260,1.7565631073025374;964,2.9180786406908146;737,3.2258176911835537;313,6.389005830092688
654,0;469,1.228896333705708;144,2.2026780215115225;160,2.0811899123235773;708,2.1258548328753557;327,3.68928296647628;1010,3.7562051681137976;871,4.070859863375723;993,5.174746652894364;225,4.059840497107204;483,8.405935850603546;857,6.0478431182548125;629,5.266041272878199;944,5.286755157833864;157,5.799938980329917;670,8.546667042336212
924,0;539,1.5629498244513995;428,2.304872631794219;240,3.312109246254794;999,4.131456108195789;131,3.3601433251143438;537,3.8575521824775727
210,0;159,2.264156803515994
104,0;360,0.014576754430202453;336,0.27822024847022964;1,2.261657009562329;971,0.7854397891134894
316,0;679,3.055719246713196
295,0;343,0.4601159063858628;709,0.9129657887019355;577,0.7100919778692836
678,0;474,0.6253270649360759;169,0.794024665650187;427,2.7458441002815652;935,0.6434952046850184;1002,0.7341548253307937;898,1.4807408508394329;192,1.5069247875960023;460,3.422610774571874;806,2.0740228616796967;578,2.362197403174841;49,3.700307899403483;740,3.7316149111253445;869,4.7248096225776015;485,5.121767430600636;729,3.9749192901521075
939,0;718,0.6053333599867078;931,0.17119041276495836;364,3.8296637899662884;986,1.931597433670289;861,2.0852483904346255;295,4.831880053784447;781,4.86700304892425;343,5.847329769366667;858,5.22200171880157;51,8.794324253651435;965,8.887705343313115;422,11.575098994143769;638,14.71484605077087;172,9.146590841629168
829,0;807,0.14187466566088033;287,0.20372269475422486;588,0.8660299611612613;521,0.729642395416632;162,1.5796884930310084;128,2.930349409576258;565,2.143230102342483;102,3.59241849205927
112,0;232,3.2036715516074334;707,5.05210797318718
991,0;24,0.16354554776397812;552,0.1587566524916316;73,0.36029539543693745
54,0;650,3.3011254096942935;499,3.512110792390583;937,4.842167230295824;119,3.900344768162003;540,4.963153088027596;955,4.5319653940814035;322,5.9137218821775;639,5.298671311126379;929,5.136536227317165;911,7.213758718499303;474,7.269571275680937;427,7.802907592297807;935,7.385802505486545;898,8.0513273710463;377,10.388838280739737
77,0;702,0.06054867988392382;427,0.9436951197741421;421,4.202290753007993;797,4.624212982635691
231,0;838,1.7838296570773606;402,1.9989020377896307;199,2.605039320106086;60,3.189306741743517
969,0;390,0.6151577060020637
395,0;745,3.609595093631344;642,3.9486218851375274;510,4.9697373104203795;198,4.70659508001241
1010,0;483,1.2309394886709089
606,0;298,0.293790405674869;553,0.3912100176521128
144,0;622,0.15827391946708813
129,0;745,0.2695455968447627;642,1.4953183783112485;510,0.29657620560555864;916,2.1325982842853577
697,0;1,3.0849296651857756;735,3.3422672468964083
1012,0;972,0.1944788835884716;246,0.7699736558648422
173,0;236,0.5010977158729588
635,0;656,0.4007143243187696
48,0;955,0.5635751693201094;95,1.1538707045197079;624,0.019948102823975036
1006,0;150,0.19029170254224023;442,1.2083218501622999;752,3.882546966224297;135,1.5490039884753792;399,4.141877909287482
135,0;261,2.5497949847830186;1,2.8685090439232788;735,3.8307154463547803;512,4.5852969519061055;728,4.728841317674377;611,5.2896016466553615;251,7.100148298667815;122,8.037349943445578;884,9.388443547363117
811,0;778,0.2095991123973016
756,0;411,0.28964953760225526
162,0;559,0.44898688095897016;743,0.011234609959891286;565,0.09822584637144424;698,0.5733226597972287;319,3.1567503106855845;234,3.4592425943161786;19,5.784230747247184;876,4.238172174141729
532,0;276,0.5719563807217078;11,0.9898443529246824
359,0;892,1.060695905862884;244,0.38887823262185317;318,3.305770109578257;791,2.663079994921719;486,1.412097884492549;2,1.8562070920876532;562,1.7067241041751928;509,2.168031878523977;744,2.6348669486450804;977,5.041069125299369;174,3.6293305211999596;570,3.8115420090977703;189,4.554861987415325;790,3.8116441976855637;578,4.7088126630266025;533,4.315012731871416;62,4.962228213675716;734,5.970925082320987;619,5.722038987661951;295,4.5662175402435246;343,4.728385665813887;709,5.471230906036598;577,4.985607701438143;352,6.010839056708771;597,6.5929490425972554;620,5.0483596865530895;883,5.029946117129587;778,5.694291795412169;944,5.279497644917546;430,5.7565567733996605;521,7.234536629127964;858,5.734291711332564;726,6.431325807808321;648,5.730505229576417;308,5.985182332576582;536,6.079059839163215;152,6.4147714193161995;47,5.848256528293606;749,6.320816432285999;629,7.158638984636647;824,6.358197587592011;438,6.425197286540294;45,6.171188853810444;394,8.563251304397943;292,8.52927698499066;801,7.394496702974466;689,7.44478138652854;157,8.936796616148294;335,8.692191195529716;279,9.859895929124834;256,9.17790668687734;1003,9.053375157310594;670,9.214057533910914;612,9.850574691976579;512,10.043208227300726;781,10.744826984596479;728,12.180384823921715;611,10.075063943786544;251,10.46055926155607;895,10.308620735588413;802,10.52720640450086;710,11.557837652657781;112,11.106096357736355;51,11.339096258645423;232,12.529246376488407;965,11.772140061462526;725,11.794558965724969;5,12.028175854653824;638,11.982922878684425;172,12.536555460564406;31,13.208452072396943;402,12.236515845134665;199,13.946383843472875;707,12.785427342003084;991,13.908178645413125;16,13.26614792561594;650,15.407253023036384;1010,13.3633277126716;735,13.605951062085733;24,14.057400764753833;493,14.077097564836905;552,14.034546266715399;60,13.949305057466265;282,14.85764264371652;73,16.14692136192917;954,14.670124473054395;825,14.793116743300947;896,14.673443545391164;554,15.315825923238359;499,16.409949066744115;937,16.593629797286706;119,17.40334587200405;540,17.567691712932742;955,17.917737303095723;639,17.773565409672745;929,18.071420558225565;911,19.065264684940146;857,18.45438036985636
702,0;360,0.5255150648038011
326,0;364,0.7823294532022929;781,1.9138195727963836
772,0;729,0.9499072431443788;45,1.048676472176095;146,2.4843369603442973;443,2.980266326302369;202,2.754464681678412;161,2.911622670009505;837,3.8134309853075576;170,5.042132575425438;900,3.8242272010530654;812,4.627073968642464;535,4.294846010346868;741,4.326880165901315;855,4.371697673689823;409,3.999542302705535;670,4.31622430317221;839,4.630497772224883;554,4.594049408793776;48,4.529744312995137;81,5.0186966300480425;400,5.87271780890858;37,4.691001103464258;728,4.702961850866281;845,5.756377690195456;375,5.411529273109357
982,0;10,0.5378184293009076;73,2.3769568189599095
974,0;512,3.314869830838795;611,5.206071843912168;895,5.230592754754632
689,0;888,2.9847109699334577
491,0;103,1.192183423478759
640,0;555,0.516816589520077;626,4.1654712014746185
424,0;66,0.39649065468717953;572,0.5792009380185796;513,1.0774752095853803;282,1.060224450988958
289,0;428,1.3048195282335304;187,4.770114346830626;778,1.3989562733090222;636,4.969757958615796;918,5.642028782984295
188,0;600,0.0006291180965267303
165,0;488,0.7441534479995198;116,2.631603579215482;830,3.3203369617860945;141,1.1890562224170909
278,0;964,0.04424023241031609
436,0;250,0.6992775214687611
578,0;49,0.5401591091574169;360,1.4343494535255332
716,0;11,3.677502342394258
351,0;281,0.6638093453024585
532,0;276,0.4189781994211942
173,0;236,0.24547064781584388;189,0.8423853001367261
373,0;19,1.3072203977570571
730,0;608,0.33759528559038304;77,0.5577352220470971;702,1.8760074956154003;360,1.996201455586892;427,1.930865135883965
403,0;812,0.06190862493060849;81,0.5315790942746458;400,1.2375678309783498;375,2.300878395904171;470,1.7571051549947145;157,1.8789972154339365;1003,2.4678218856900527;92,2.2297086352014603;780,5.595290518670723;913,4.215359012352478;612,3.5883544295369716;512,4.6442496005413885;498,5.886689808217959;123,5.001039520356904;728,5.13744373202406;251,5.92633841801103;999,6.467322700831099;802,7.76712434859302
975,0;524,1.9505596254169777;988,3.0594698165692407;557,3.12699838669272;88,3.239632779653542;752,4.241361247110342
64,0;873,0.7537617051584238
662,0;580,0.6257113698067518
869,0;1012,0.2227238576619339;691,1.6558159287362346;972,1.2235726136025997;246,2.5454584726122764;897,1.9395476955651982;405,1.8092702371015372;668,3.008721258021601;798,2.566559230645512;1005,4.513429621795567;1001,9.933125450090017;373,3.091845363391932;19,4.448157115860245;65,5.687210269473267;493,11.047185759543543;954,11.622220588691897;352,11.24267188684815;45,11.881709891595275;825,11.78640431794744;130,15.189091957269378;896,11.664579693854465;344,11.629883428532354;311,11.927235348706448;594,12.694153913092538;801,14.494699878484896;840,12.380972070732389;473,12.986215613136741;20,12.494688850356244;572,12.383403255656226;323,13.056682030200406;513,12.639266137308665;282,12.806194449815498;789,12.54177705294575;328,13.811855390176424;974,13.161298106401048;512,13.69866902583666;479,15.113895362215041;647,13.380837555779864;195,13.691506385543914;728,20.178592694552513;721,15.942808347855058;404,15.043862722527653;831,13.836484369990346;93,15.60834097042782;335,15.444918437458078;784,17.09928006901122;256,16.820790574270216;290,15.470067439299477;822,16.207632650631798;24,15.80639344319555;305,16.04104469263103;73,15.936865971489388;581,16.008037524731623;662,17.22536042989579;580,17.248154033905884
809,0;297,0.6916817586338889;111,0.6659404687902312;167,0.9191688238914129;506,1.5533017897674135;259,0.7315483938202603;672,2.143386038587015;272,1.9495979256060998;505,2.343198816092737;126,2.7368986050148103;211,3.1474185818374085
431,0;416,1.197921293163642
532,0;1019,1.1531752747050334
470,0;430,0.651837229909475;157,0.07191267098682153;1003,0.47304069246356945;670,1.0983324682894429;223,3.700419883415402;292,5.038200266938457
760,0;513,0.6797578144120732
964,0;737,7.282352012456657;313,11.768887116158108;403,9.846233700355338;316,7.626752745839749;679,7.813396299604637;789,8.052973150749361;539,8.133298934031775;587,8.985413661785872;702,9.272957259023492;428,8.58386883347726;999,10.306349254512401;241,10.476941606048168;622,11.059888748990412;616,13.89407301332624;360,10.540866424790737;421,9.444851456233192;812,11.509864795718233;365,10.708961624494975;738,10.766836096125479;918,11.900966311030846;58,11.16664997817999;811,11.648127969235055;734,12.338828893519292;998,11.816372021866087;727,12.534798436683444;67,12.726078170168048;189,12.042377686944258;400,13.51617635253464;878,14.2976159437468;173,13.510000993925155;447,13.137908217966693;761,16.198280542883463;236,14.391757868552432;470,14.440714714112326;576,14.59970110606558;975,18.676945267402132;297,16.24297590340471;259,17.533253913324696;861,18.76874693776965
403,0;358,1.178975211284782;528,4.628007620879373
702,0;427,0.6514813391365755;740,0.907595232203504;729,1.3930355541602721;146,2.848297087441496;443,1.863750132765639;900,5.2632313023143125;409,7.1639890398972526
364,0;295,1.4786047963151632;343,5.2272177801328406;858,2.194942852870523;827,1.6178806921145223;709,4.079976475569242;485,2.2923151020973256;580,2.5203609448432243;318,2.8109576430406484;174,2.929953263410816;570,5.165537916557065;578,3.811724430535623;308,8.364956846772793;912,6.1372446648707335;577,5.431742333504822;883,5.609536006081398;421,5.715436962857839;778,5.725218379312109;797,5.7165287822581945;1009,7.40370333999733;864,8.375170542750215;365,8.047043017917359;4,8.449602334426455
470,0;430,1.2546193155987253;157,0.8490021647513015;670,1.181185452280201
72,0;169,0.38723676557478925;249,0.5791271220530836;435,0.821054057421718;616,1.0747252758187518;133,3.284764299102166;234,2.3431337001587424;888,6.339796389949807;78,2.8481685136391492;876,6.024332511581197;780,4.950246701032919;696,5.358053615778875;190,4.517177751224688;723,4.962852848052236;394,5.121304208999813;325,5.388445244385223;885,6.081345550109571;393,6.401899511863048;526,5.3944173977618295;834,8.147809033096049;694,11.297356650761973;267,6.814559130244807;410,6.520079557705645;835,7.838399507690607;729,9.595672932402737;1005,14.99709155231253;622,11.706939018380861;65,15.426897082809077;356,15.376269292613902;221,17.91462974301974;256,15.734645121987043;618,20.734803923738205
708,0;327,0.11216351735478518;1010,0.10522353409607964;483,0.4010182751906903;225,0.417809052577991;979,0.8696859539798076;629,1.7102976495417084;157,3.420734421804929;670,3.8046531396064616;223,5.5305411018256265;292,6.1231983726361205;791,7.698701170529013
381,0;838,1.008682583574238
838,0;709,1.0887779324335989;402,1.463465944505888;956,1.5088997222130522
230,0;498,1.00524045891134;917,1.975703821941789
665,0;710,1.2097755439804385;725,1.6489753061108896
843,0;28,2.059613566326749;40,0.7572161347868727;489,0.029995027500341505;782,1.996441113612592
501,0;795,3.254228005358365;708,0.8681025827117227;871,1.9465829416324962;29,2.7223154330038772;580,3.2733709649424454;852,2.7237735308111564;3,3.5969841898421837;291,5.045227597589433
549,0;256,2.638876701954696;618,4.600641587637854;195,5.472191698730738
356,0;221,0.5321452013992187
505,0;126,0.7383006887414834;211,1.2685101659289288;791,1.741307100035934;990,3.7128887739790835
287,0;588,1.8898732551310966;521,0.3389042072910795
33,0;195,0.0896829340115433
754,0;830,1.412237169257759;943,2.573024769733592
611,0;895,0.44377518285382206
432,0;90,3.6630611513722044
226,0;308,0.4272412668854296;725,1.3678143265937066;824,1.5532933110954321;689,2.4270219609191965
623,0;210,0.2115783316981785;499,1.6495248545793457;1005,0.9923555276683239;531,1.671272999990621;19,1.0957187062911482;835,0.3236071732027175;949,2.275739817298474;488,1.7303111765745078;561,1.843610101932279;433,3.3496064643589145;830,2.121679293496244;247,2.328074625550762;574,2.8667780841923287;943,2.5058965414383456;5,4.133739745273749;154,5.0598046308718345
285,0;533,0.5461390318446913
166,0;860,0.9270793036086258
297,0;259,0.4375843520420616
284,0;283,0.04231581603985308
527,0;114,1.9505799097874819;924,2.1368634455309765
751,0;973,0.0691871902617014;1010,1.583038298884413;483,3.881675142062549;979,4.975530562469855;307,7.038437048841012;508,7.562298673817958;194,10.898328135181167;375,14.025803910404285;780,15.80839156693752;416,16.69763278650057
142,0;515,1.9511809085128815
772,0;729,1.7992035742743449;146,2.82590245931741;443,4.376525796727398;202,2.9494280674589297;837,4.027473281569499;535,4.163285249571566;741,4.655515250822158;839,6.503170506021808;812,5.478696710723303;554,6.1282149537370705;48,6.540178705381976;400,6.093904405591693;469,7.038287371025537;955,8.283275503650389;95,7.218420885318811;840,6.993165380560322;624,9.458988545957355;473,7.29605492684848;20,9.370616097716763;160,7.598318348648509;283,7.333613069253903;203,7.749763617877216;708,8.762552429710615;871,9.036181203946343;29,9.09081275390903;328,9.783731547526504;721,9.952923568723927;404,10.772350825727116;831,10.964542357090865;581,9.993557380171717;896,10.584162004088396
243,0;899,0.7772186044598244
923,0;656,0.2313842414502238
545,0;969,0.25708629210081324;83,0.518762149844615;476,0.27339309217838853;886,1.0183419455380212;295,2.1327527314241284;343,2.43293971314268;858,2.3019481288438004;580,3.1204169457230426;912,2.52754343900007;577,3.3602974607317817;792,2.998542709744303;1009,2.688970239942098;515,3.2021841869762677
982,0;10,0.008777187135207592
825,0;554,0.06764508205800324
626,0;412,0.7782691419200856;943,2.5220427416624824
182,0;91,0.19442674284572795;35,2.2097383214595636;377,4.156442577648803;237,3.5674531699165253;731,3.762231169912464;571,7.665627742167917;315,7.970308824890634
820,0;703,1.219997439648231;782,0.39665085586030613;164,1.984175341716851;847,4.555353325110114;903,6.793810853914749
37,0;728,0.17069254068994225;152,0.6179026515771545
382,0;869,0.24883916801002215
757,0;1022,0.005340277802655018
703,0;477,0.36162000624840535
987,0;925,4.641078360546111;718,8.104204773687126;584,5.23709053123116;767,4.997368254229215;533,5.491192951876188;635,6.251796869010527;726,5.839584164546547;986,9.318649676662368;861,10.395967020858759;136,10.956072777460191
675,0;531,2.09789017574219;898,2.481550065770112;2,2.726262012783532;744,3.296974975544364;977,3.3477669769748144
741,0;554,0.2606480450118996
642,0;198,0.9881732763694504;916,0.4418876643422311
1013,0;533,0.42611961197188986;408,0.22349699579397775;350,5.82466706497716;62,0.8958123475844764;620,0.966719993727102;650,4.018064813407671;430,2.159608225074476;499,4.2439461796794316
