0,0
1,1
2,2
3,3
4,4
5,5
6,6
7,7
8,8
9,9
10,10
11,11
12,12
13,13
14,14
15,15
16,16
17,17
18,18
19,19
20,20
21,21
22,22
23,23
24,24
25,25
26,26
27,27
28,28
29,29
30,30
31,31
32,32
33,33
34,34
35,35
36,36
37,37
38,38
39,39
40,40
41,41
42,42
43,43
44,44
45,45
46,46
47,47
48,48
49,49
50,50
51,51
52,52
53,53
54,54
55,55
56,56
57,57
58,58
59,59
60,60
61,61
62,62
63,63
64,64
65,65
66,66
67,67
68,68
69,69
70,70
71,71
72,72
73,73
74,74
75,75
76,76
77,77
78,78
79,79
80,80
81,81
82,82
83,83
84,84
85,85
86,86
87,87
88,88
89,89
90,90
91,91
92,92
93,93
94,94
95,95
96,96
97,97
98,98
99,99
100,100
101,101
102,102
103,103
104,104
105,105
106,106
107,107
108,108
109,109
110,110
111,111
112,112
113,113
114,114
115,115
116,116
117,117
118,118
119,119
120,120
121,121
122,122
123,123
124,124
125,125
126,126
127,127
128,128
129,129
130,130
131,131
132,132
133,133
134,134
135,135
136,136
137,137
138,138
139,139
140,140
141,141
142,142
143,143
144,144
145,145
146,146
147,147
148,148
149,149
150,150
151,151
152,152
153,153
154,154
155,155
156,156
157,157
158,158
159,159
160,160
161,161
162,162
163,163
164,164
165,165
166,166
167,167
168,168
169,169
170,170
171,171
172,172
173,173
174,174
175,175
176,176
177,177
178,178
179,179
180,180
181,181
182,182
183,183
184,184
185,185
186,186
187,187
188,188
189,189
190,190
191,191
192,192
193,193
194,194
195,195
196,196
197,197
198,198
199,199
200,200
201,201
202,202
203,203
204,204
205,205
206,206
207,207
208,208
209,209
210,210
211,211
212,212
213,213
214,214
215,215
216,216
217,217
218,218
219,219
220,220
221,221
222,222
223,223
224,224
225,225
226,226
227,227
228,228
229,229
230,230
231,231
232,232
233,233
234,234
235,235
236,236
237,237
238,238
239,239
240,240
241,241
242,242
243,243
244,244
245,245
246,246
247,247
248,248
249,249
250,250
251,251
252,252
253,253
254,254
255,255
256,256
257,257
258,258
259,259
260,260
261,261
262,262
263,263
264,264
265,265
266,266
267,267
268,268
269,269
270,270
271,271
272,272
273,273
274,274
275,275
276,276
277,277
278,278
279,279
280,280
281,281
282,282
283,283
284,284
285,285
286,286
287,287
288,288
289,289
290,290
291,291
292,292
293,293
294,294
295,295
296,296
297,297
298,298
299,299
300,300
301,301
302,302
303,303
304,304
305,305
306,306
307,307
308,308
309,309
310,310
311,311
312,312
313,313
314,314
315,315
316,316
317,317
318,318
319,319
320,320
321,321
322,322
323,323
324,324
325,325
326,326
327,327
328,328
329,329
330,330
331,331
332,332
333,333
334,334
335,335
336,336
337,337
338,338
339,339
340,340
341,341
342,342
343,343
344,344
345,345
346,346
347,347
348,348
349,349
350,350
351,351
352,352
353,353
354,354
355,355
356,356
357,357
358,358
359,359
360,360
361,361
362,362
363,363
364,364
365,365
366,366
367,367
368,368
369,369
370,370
371,371
372,372
373,373
374,374
375,375
376,376
377,377
378,378
379,379
380,380
381,381
382,382
383,383
384,384
385,385
386,386
387,387
388,388
389,389
390,390
391,391
392,392
393,393
394,394
395,395
396,396
397,397
398,398
399,399
400,400
401,401
402,402
403,403
404,404
405,405
406,406
407,407
408,408
409,409
410,410
411,411
412,412
413,413
414,414
415,415
416,416
417,417
418,418
419,419
420,420
421,421
422,422
423,423
424,424
425,425
426,426
427,427
428,428
429,429
430,430
431,431
432,432
433,433
434,434
435,435
436,436
437,437
438,438
439,439
440,440
441,441
442,442
443,443
444,444
445,445
446,446
447,447
448,448
449,449
450,450
451,451
452,452
453,453
454,454
455,455
456,456
457,457
458,458
459,459
460,460
461,461
462,462
463,463
464,464
465,465
466,466
467,467
468,468
469,469
470,470
471,471
472,472
473,473
474,474
475,475
476,476
477,477
478,478
479,479
480,480
481,481
482,482
483,483
484,484
485,485
486,486
487,487
488,488
489,489
490,490
491,491
492,492
493,493
494,494
495,495
496,496
497,497
498,498
499,499
500,500
501,501
502,502
503,503
504,504
505,505
506,506
507,507
508,508
509,509
510,510
511,511
512,512
513,513
514,514
515,515
516,516
517,517
518,518
519,519
520,520
521,521
522,522
523,523
524,524
525,525
526,526
527,527
528,528
529,529
530,530
531,531
532,532
533,533
534,534
535,535
536,536
537,537
538,538
539,539
540,540
541,541
542,542
543,543
544,544
545,545
546,546
547,547
548,548
549,549
550,550
551,551
552,552
553,553
554,554
555,555
556,556
557,557
558,558
559,559
560,560
561,561
562,562
563,563
564,564
565,565
566,566
567,567
568,568
569,569
570,570
571,571
572,572
573,573
574,574
575,575
576,576
577,577
578,578
579,579
580,580
581,581
582,582
583,583
584,584
585,585
586,586
587,587
588,588
589,589
590,590
591,591
592,592
593,593
594,594
595,595
596,596
597,597
598,598
599,599
600,600
601,601
602,602
603,603
604,604
605,605
606,606
607,607
608,608
609,609
610,610
611,611
612,612
613,613
614,614
615,615
616,616
617,617
618,618
619,619
620,620
621,621
622,622
623,623
624,624
625,625
626,626
627,627
628,628
629,629
630,630
631,631
632,632
633,633
634,634
635,635
636,636
637,637
638,638
639,639
640,640
641,641
642,642
643,643
644,644
645,645
646,646
647,647
648,648
649,649
650,650
651,651
652,652
653,653
654,654
655,655
656,656
657,657
658,658
659,659
660,660
661,661
662,662
663,663
664,664
665,665
666,666
667,667
668,668
669,669
670,670
671,671
672,672
673,673
674,674
675,675
676,676
677,677
678,678
679,679
680,680
681,681
682,682
683,683
684,684
685,685
686,686
687,687
688,688
689,689
690,690
691,691
692,692
693,693
694,694
695,695
696,696
697,697
698,698
699,699
700,700
701,701
702,702
703,703
704,704
705,705
706,706
707,707
708,708
709,709
710,710
711,711
712,712
713,713
714,714
715,715
716,716
717,717
718,718
719,719
720,720
721,721
722,722
723,723
724,724
725,725
726,726
727,727
728,728
729,729
730,730
731,731
732,732
733,733
734,734
735,735
736,736
737,737
738,738
739,739
740,740
741,741
742,742
743,743
744,744
745,745
746,746
747,747
748,748
749,749
750,750
751,751
752,752
753,753
754,754
755,755
756,756
757,757
758,758
759,759
760,760
761,761
762,762
763,763
764,764
765,765
766,766
767,767
768,768
769,769
770,770
771,771
772,772
773,773
774,774
775,775
776,776
777,777
778,778
779,779
780,780
781,781
782,782
783,783
784,784
785,785
786,786
787,787
788,788
789,789
790,790
791,791
792,792
793,793
794,794
795,795
796,796
797,797
798,798
799,799
800,800
801,801
802,802
803,803
804,804
805,805
806,806
807,807
808,808
809,809
810,810
811,811
812,812
813,813
814,814
815,815
816,816
817,817
818,818
819,819
820,820
821,821
822,822
823,823
824,824
825,825
826,826
827,827
828,828
829,829
830,830
831,831
832,832
833,833
834,834
835,835
836,836
837,837
838,838
839,839
840,840
841,841
842,842
843,843
844,844
845,845
846,846
847,847
848,848
849,849
850,850
851,851
852,852
853,853
854,854
855,855
856,856
857,857
858,858
859,859
860,860
861,861
862,862
863,863
864,864
865,865
866,866
867,867
868,868
869,869
870,870
871,871
872,872
873,873
874,874
875,875
876,876
877,877
878,878
879,879
880,880
881,881
882,882
883,883
884,884
885,885
886,886
887,887
888,888
889,889
890,890
891,891
892,892
893,893
894,894
895,895
896,896
897,897
898,898
899,899
900,900
901,901
902,902
903,903
904,904
905,905
906,906
907,907
908,908
909,909
910,910
911,911
912,912
913,913
914,914
915,915
916,916
917,917
918,918
919,919
920,920
921,921
922,922
923,923
924,924
925,925
926,926
927,927
928,928
929,929
930,930
931,931
932,932
933,933
934,934
935,935
936,936
937,937
938,938
939,939
940,940
941,941
942,942
943,943
944,944
945,945
946,946
947,947
948,948
949,949
950,950
951,951
952,952
953,953
954,954
955,955
956,956
957,957
958,958
959,959
960,960
961,961
962,962
963,963
964,964
965,965
966,966
967,967
968,968
969,969
970,970
971,971
972,972
973,973
974,974
975,975
976,976
977,977
978,978
979,979
980,980
981,981
982,982
983,983
984,984
985,985
986,986
987,987
988,988
989,989
990,990
991,991
992,992
993,993
994,994
995,995
996,996
997,997
998,998
999,999
1000,1000
1001,1001
1002,1002
1003,1003
1004,1004
1005,1005
1006,1006
1007,1007
1008,1008
1009,1009
1010,1010
1011,1011
1012,1012
1013,1013
1014,1014
1015,1015
1016,1016
1017,1017
1018,1018
1019,1019
1020,1020
1021,1021
1022,1022
1023,1023

858,0;580,0.4463138197163017
1020,0;437,0.246233853604283;65,3.3342374865868516
964,0;737,2.102156668262931
645,0;103,1.8901492402219804;390,0.34401688867574337;307,1.3432045997792843;218,0.6242500160293118;508,1.4856827029151842;224,2.040895156792829;664,2.4913710221845915
628,0;201,0.4223161820308138;844,1.4106862079119287
693,0;931,0.9507907167904981;269,0.40089160581894967;254,2.261277118405596;313,3.810676653524643
173,0;761,0.32293593407500104;22,3.654401949361133;726,1.6055321743661366
261,0;991,0.38430892584351767;921,0.8139647360510192;1,0.2061956674153683;906,0.2912363163022075;592,0.4453928687028278;493,4.839722120291964;304,1.1499364388686233;668,1.5125691199767644;578,2.2699376246566607;49,2.5415136402188057;485,4.677740131386434;360,4.155132029452052;799,4.866405395615681;954,6.2635508766490275;352,5.1890262220313375;376,8.544758274024254;45,5.710071355472736;801,8.317337918054097;130,6.410968002144654;20,6.89088791973392;29,8.570683389240742;397,10.214590193794107;948,11.143634608726789;750,8.42595748656683;697,10.53824035760659;664,9.326283808970153;193,10.889459942991012;570,12.845444648709638;204,11.46167427099062
670,0;223,0.24665440858564047;292,3.062758493976026;279,3.343918958007967;781,3.978474274331501;51,4.034706429643819;965,4.124433603727341;422,6.112326257972459;638,5.084822500508311;203,6.367139337901798
703,0;477,0.5559564046786575
300,0;170,1.9231139980292626;207,1.7456240412998465
604,0;27,1.0578378006907572;695,0.15755470238063;597,0.3657984790558638;646,1.1392413835483637;656,1.5353344284237265
508,0;194,0.4791357423194793;337,0.17699531546619954;811,0.5313982860745053;375,1.0582977594054408;778,2.6998996654774285;780,1.3169160135178437;913,2.415654059403339;416,3.332531372450207;498,3.8480555838023642
469,0;160,0.003932221423939557
594,0;405,1.4449076664492702;668,3.2878845724341845;798,1.7282292793607454;1005,1.5933867659852659;356,1.647921421159154;221,1.8144687903923613;86,3.515534609356931;975,2.2206719825957655;861,2.2417542050454884;18,4.322039616432864
906,0;592,0.5182460061616723;359,1.6700793630724717;304,0.7804739419270286;318,5.209490155576445
162,0;955,1.0185161303232197;240,0.1801444593733092;797,3.0963263521092697
203,0;350,0.6068040995153302
804,0;103,3.1084476913911043
140,0;722,2.247221150540074;818,2.6060157770079746;499,0.6044361130357717;488,1.0144476667219169;433,1.2774003332070112;201,3.726038226476309
561,0;247,0.6726168646432686
128,0;102,0.02698469246173957;747,0.10616174674185971;373,0.5028042917241462;19,0.9795465018459935
198,0;871,1.2435854315685697
742,0;520,2.4936054764815343;589,1.019403264650909;700,2.6185197096513644
925,0;718,0.3646025898658248;584,1.7829381518020821;767,1.2087293089293647;635,2.125074567408682;726,3.1811227702210685;656,4.13021327122639;215,3.502802777321566
224,0;664,0.5683321731448672
137,0;889,0.3985792833556131;873,0.8268111753763261;129,3.332756907640293;745,6.20001983532608;195,6.98447674251393;510,6.921020206250436
293,0;598,0.15555292384784894;840,1.2997027043054241;686,0.00992709994218043;473,1.3552755703797243;20,1.943350373126736;323,2.436448936488472;678,1.6585282038530076;360,2.270574597188303;474,3.074720729229084;169,2.030585699266451;29,2.3742616414732716;328,2.05523396202609;249,3.9616925072384603;806,2.6530285835227625;404,3.623484878602069;831,4.23919490208811;580,3.0942991686738783;974,2.988909802851934;578,2.999627416175702;479,5.005614137139089;935,3.3492750096288146;1002,3.5369545644029885;898,3.41814388684993;2,3.5354596187781095;744,3.7596953571416365;192,5.215024001658041;977,4.180572565926823;322,4.224287172835014;893,4.790056985919203
77,0;702,0.09982861482870375;427,0.38314893625640073;421,1.3415951484820783
424,0;66,0.14591754348514768;572,0.11324578064599827;149,0.37996072708043577;513,0.8426435911063384;605,1.8342634869872354
493,0;799,0.25333512689897997;352,0.5845635357244056;869,1.4081488022870055;438,1.721970899157526;376,1.14773714474742;697,3.527721948639879;664,2.293035896484416;718,1.8947149264720362;986,2.635117557332349;861,3.211077684887953;136,3.358083292832154;72,3.889170972228521;193,4.32387246715392;169,4.2502317527072515
932,0;666,0.6606827873621105;174,2.0394682609511174;790,3.4965366019328314;533,4.886739649742866;62,5.529630312839271;352,6.541218335347563;597,5.695305700573885;710,6.089490469180832;376,7.977571340395436;45,6.992186116770653;801,10.059104402217303;697,10.548221782809959;664,9.509365206337218;397,10.228343436143374;335,10.880057249110415;750,11.17495819846729;1,11.663251960828465;256,12.00857954733682;290,11.281319649241421;986,12.737601099377331;735,11.800217511859378;512,12.225869850530701;251,15.1609632373159;802,16.30612594046584;264,19.20282742081328;58,19.97357444650411;67,20.807373652553093;173,20.811743006402676;447,21.43719433350203
742,0;520,0.9614896896724635;589,1.0094433731318568;700,1.6871335679595605;980,1.6869540330995458
420,0;58,0.9487480371305866;727,1.4334596800786559;67,0.9638366324518957;189,1.2326166845458177;878,2.349413352444995;173,3.3614420006434225;447,1.032167592638821;295,1.5199947527898232;827,2.004707247369655;485,4.2235190012226145;318,4.638328285514199;762,6.446488853762596;174,5.9901978449115365;570,6.348233491354399;578,6.870482136906354;49,10.975231480788047
336,0;1,0.21126649399359954;971,0.8996066643755148;906,0.3938149076708734;592,0.5829112217518979;359,0.909560530338106;225,1.4292667474920606;892,1.3581453301597062;330,3.13323915537915;486,2.352171209033647;629,1.4900093778923897;562,2.7312417202571013;509,3.4677860916500034;67,2.8013858122508952;878,3.635350843594112;173,2.996280443003547;983,3.39460265542689;375,3.4902267595910694;405,3.7622761372447973;668,5.05531016478476;798,4.1963773384808425;373,4.4113279965986;339,4.298318435666383;39,7.037010402419211;630,7.080929237043891
595,0;575,0.1482486475212519;914,0.04123253832927334;236,0.41265584741590655;189,2.593913609065983;734,3.876285351384829;295,4.781445079052503;813,5.893514907984146;731,4.378773523519095;343,7.361241731231438;858,5.626439317787326;827,5.018062695549785;709,7.377274687093813;485,5.187306936898142;580,5.707239272270812;912,8.690643649900538;577,9.20085807005182;792,8.825392158033802;1009,9.139634756320927;515,11.073134855778346;523,9.511598172997825
287,0;536,3.0613035660070502;588,0.06054397967916305;521,0.1605083741750322;292,3.8726583972168678;279,4.105737945962822
912,0;792,0.7178312327913764
395,0;665,1.9826415374155177;656,0.4985485679568509
343,0;912,0.23295430950123655;1009,0.38204467318447155;864,0.8311379762260542;4,3.9848649826225384;795,4.115039561348344;291,4.96708253335002
984,0;515,1.231811567757116
967,0;105,1.5689042052226692
487,0;110,2.3216946904535076;433,3.0335936677762616
199,0;60,1.3577319850010416;282,2.3288369354824705
804,0;103,1.5100130253999335;224,3.3818437298545514
48,0;955,0.7017370383952389;624,2.5079141144292993
586,0;583,3.410730232397613;159,1.0761833545794113;48,2.519580881455592;955,3.813905532643069;95,4.5082398901925576;931,4.374455653238152;797,4.067750369909855;364,4.675476577563648;254,6.448010770369001;295,4.828248417741883;781,8.661569082471512;343,5.003984684473289;858,5.8390090389431695;709,6.223062343570556;912,5.253338004506134;577,7.327854531077797;580,6.483133823290736;103,12.60618103214995
969,0;476,0.8176248835370614;886,0.937440086983221;390,0.8668695745475333
858,0;580,1.336210814118528
501,0;708,1.8457419354425801;1002,2.4412661876932584;327,2.4793192074719363;460,2.4516590592984686;869,3.469463469405514;1012,3.879145908183314;691,4.64046243004932;405,6.497140344763932;1005,8.816833120404972;65,9.10284599039088;356,10.214822453264576;221,10.555466930495449
707,0;991,0.879402194201936;24,2.0401152497594284;493,2.1777338094629948;552,1.6132673512574156;810,2.2702052140601587;799,2.7093197909656666;869,2.7783741458811697;1012,4.115007237939155;972,5.172565456007632;246,7.565846621251129;1001,7.811268534673728
888,0;947,0.36767502545822905
113,0;370,0.6963534048252711
461,0;37,0.20157505410440085;152,1.108118247862528;845,0.3537139838984906;628,0.4896615550118131;201,1.0708202654150756;515,2.4110204392118373
990,0;875,0.04631382410959577;675,2.550539331140572;826,2.0255192472784027;162,0.07109221011443652;559,3.199082978023174;565,0.6794849010085662;698,3.1773989830678167;278,3.2420133646308438;500,4.189802151461235;531,2.98724785739148;600,3.6759427394829367;561,4.972175407901876;62,3.1407280938878483;443,3.4462035365463595;597,5.069693212974013;710,4.2949116106161656;501,5.956446566680588;260,4.202770564540276;965,5.593968827716532;5,4.99118721522342;247,5.85661039554528;154,5.079885208258847;422,5.615289889017417;638,6.496934222203585;203,6.1622094941709955;795,6.209053827763438;708,9.064918574254737;327,9.221843777303606
25,0;772,1.3249339203869857;698,0.39711044622369807;319,0.723570349190978;234,3.5099585095184236;19,0.8470278872758493;729,1.8964784436754711;443,5.004642751426683;888,3.6524991902512616;78,3.7138845213222127;876,4.392452480718425;947,5.114505430968874;696,5.128414955015296;812,6.28045474060017;400,7.265603070021663
679,0;789,1.2087933927220669;539,0.7260795747735097;702,0.9427518962959273;428,2.1697848279494334;983,1.3587613024727325;421,1.3176953675199605;61,2.0578849750986286;999,2.3752389523718076;778,2.9563343656102785
915,0;959,3.7359516014756977
990,0;875,0.6173905196131277;162,1.3757634060345816;355,1.4124041276595616;128,5.616591710502057;559,3.1955210699859187;743,3.5366871068820247;131,4.304268520411748;853,4.56974999244202;537,4.385405861964137
506,0;272,0.5024200714617544
58,0;998,1.6445981961717;67,0.4191379495991859;189,1.0020323092806898;878,1.1021491163127983;447,1.129907209582408;734,1.685309913460687;907,1.8724841857778147;731,3.0834101974222525
23,0;1005,0.6089888678936604;65,5.354059579211321;356,0.9277356116859232;86,2.1589338927063304
679,0;539,1.8175244577108585;702,2.8898585284662475;428,3.702534043296019;983,2.381753005437517;405,3.2721144087331773;61,2.3877504752140215;360,3.357137851221143;421,3.427324763715986;668,5.331873565772706;798,3.423435245001639;797,3.9246251190350074;187,7.356042136261395;999,6.709629014222427;778,4.841525480911756;636,8.15056410933532
27,0;656,0.6305615692939083
451,0;291,0.5338591406692373
413,0;994,1.0150258651726556;416,0.9425008992569237;64,0.9927572665697665;873,2.186331147635869;129,3.3962165802880575;195,4.230358641750321
579,0;78,0.731951184846113;696,1.3464760119213386;841,4.130852704565675
997,0;588,0.04721193650635965
1009,0;864,4.266808503644446;365,0.29871141009305757
701,0;846,0.9576915052699737
758,0;484,2.602173068235169
204,0;871,1.1676064934797357;125,1.9148827753859856;741,2.8521115904516865;554,4.6545704291652745
746,0;40,0.1938063498351814
63,0;748,0.8197926878270807;616,0.8971970869225445;576,1.4248097099890322;86,2.021733239884645;18,5.482922935559749
424,0;66,1.0350383229664797
413,0;416,0.19619793620684897;64,2.9052327287005335
585,0;87,2.084116854959859;389,4.389821118429857
377,0;571,0.45420214615027604
836,0;198,0.9190018209649063;871,2.850670020524877;29,3.749498099569759;580,3.831413847386311;852,3.7623381642418536;3,8.498018594060637;151,8.559856568364301;671,8.9684757579686;452,9.53793147908779
1010,0;483,1.3844602674230404;979,4.0341862876164445
868,0;451,0.05239729259909471
695,0;874,2.1063126202880786;597,0.7071395144298812
236,0;189,1.0204816014942504;619,1.0676865527961426;295,1.0955754426601363;858,3.2833977499419746;827,1.7070491635153298;709,1.598606828215944;485,2.8167478926951453;318,3.670862099760595;762,3.063902484173063;174,5.155642475461018;570,5.883472696854726;790,5.2170278723113865;533,6.821090003481651
359,0;892,0.5161341701250274;244,3.154495216335838;318,0.21165247772203663;185,3.6457116979298747;639,6.202163390517797
424,0;572,5.0286197000063275;513,6.389299751022271
146,0;161,2.5198956760279674;170,3.013621232559631
518,0;396,0.8088594448783557;797,1.1697222124440776
567,0;725,0.10860167110879314;31,0.21069169721179098;16,1.0764563796665916;1010,1.5002791679912741;483,2.641827653788388
139,0;911,1.099176961723527;194,0.38775473932388393
405,0;668,2.2268821651262813;578,2.322551700297559
969,0;476,0.4856490156508418;886,0.27920914019868853;390,0.24414293096270662;295,0.4930999411568251;95,4.465921077156892;827,0.8059815961090485;485,0.8461924150129603
288,0;336,0.17251619700603996
640,0;658,0.3561628340766181;555,1.485506749845042;868,3.74650772892194;867,1.6021529299009871;276,1.9891558545613743
942,0;1012,0.24465667012547468;691,1.2154825029920033;754,2.322318303123109;405,1.2605815012311106;668,1.9501892962718483;1005,3.657522350121992;830,4.857944446116084;356,3.747501741598479;221,7.644554930546439;256,4.4238858964527585
375,0;780,1.4784564261667632
237,0;1016,1.5769117701481217;731,0.46894875227926786;398,1.5889752697633872
831,0;893,0.24407020853023537
54,0;650,0.7662536604172796;405,1.5395595427536573;253,1.127275898462169;1005,2.06571259061025
595,0;398,4.8296657910895745e-05;575,0.15544509331563797
176,0;711,0.7663948771635724;13,1.0996772596405244;103,2.3338468610408962
155,0;398,0.6130629951446182
441,0;189,0.6835290747405434
949,0;964,0.1875153345241016;737,0.43030051474257164;313,1.2187339101956773;403,1.1590200444137206;316,2.0710623889244157;812,2.0036787254726858;358,1.3577312808627289;153,2.163242208854;679,5.3538215389471535;100,2.708927393859612;629,4.538940272009651;157,5.023208020153876;789,5.933122245711977
936,0;835,0.6247587352567087
572,0;282,1.37697763128565;789,0.17766462206919853
70,0;518,0.17366053070978218;455,0.3170634616730743;892,1.0899413710206383;330,1.3305821555869612;486,1.8988371097283179;735,2.7026335965263115;906,1.3697544197152856;187,2.6065280792991716;592,2.3632583137085463;512,4.037589001981969;251,5.764186528083805;802,6.0796520647915635
226,0;308,0.8214104893666901;725,0.31590927080426595;31,1.0189481929454163;824,1.1134093201828308;689,2.0006451492643347
188,0;515,1.5925786382706997;600,0.26838241037726446;391,2.532144893379702
839,0;37,0.6245847016051406;728,0.6345448223500415;152,1.5801336308292848;845,1.8439090156617315;628,1.895379132519497;515,4.805453397773465
826,0;278,1.6031139506023244;500,1.5844447682113685
952,0;596,0.024180047616916178
482,0;850,0.5850592480010095
67,0;173,1.7741102842310847;447,0.9130310345239243;761,1.7904699199338379;297,1.8246868493487025;259,2.0713939110294346
368,0;402,0.14486941664306327;199,0.1982945333643468;319,1.5513430526901464;234,2.375423026329396;893,2.056724742721094;888,2.764368249605557;876,2.4050888944015467;780,4.109999690433856;394,4.423720047017468;416,5.464056699516527
875,0;675,0.520982196791591;162,1.1978198587532136;355,0.8899672158365363;727,1.0473668538861096;131,2.2490060010111113;559,1.843485298725009;565,3.4791613764888973;240,1.9798220264157922;537,3.551605134880954;698,4.022547672731927
997,0;588,0.5114021598562695
161,0;170,2.706582562722057
788,0;86,5.784346999519737;705,0.7992383858906061;424,1.0262592767386576;66,2.3402412574535956;572,2.3239976374001303;513,2.4297931815148743
843,0;28,2.876243783673495;637,1.4157871351524816;336,1.452825734104462;1,2.2205994999584813;971,2.109991169685202;225,3.048585078838562;906,2.261646398511909;857,5.523706412325588
359,0;892,1.9901041216459436;330,2.5187735544976477;486,2.7049156932138754;735,2.555769220041906;906,3.1747515081201847
567,0;52,0.1621622882481011;381,0.06515832958699604;838,0.7889910580107131;402,1.8004209617956302
939,0;718,0.026633762159019032
796,0;32,0.21256163798649802;944,0.6687122570940671;680,2.056045378955166;269,0.5181379653308047;858,1.7386191190131872;726,0.8756989360644531
939,0;718,0.7390855747878925
81,0;240,0.12906452341663988;375,0.963771382245385;131,0.3902059953107699;913,1.4156077746553322
605,0;85,0.2937487290585137
162,0;559,0.1782575433283344;743,0.36678703881071717;955,0.9111365643274186;240,0.20025639941682075;501,0.7835485738090854;853,0.9184879112541924;795,1.09501489357151;708,0.860583307870317;327,0.9630696360451201;401,1.5389567132355337;993,1.441765906562385;291,1.7408096539397888;944,1.9254008258802133;68,2.109422580681989;726,2.097910885344982;648,2.683307525980283
336,0;1,0.3883718400931819;735,0.7543589719038196
446,0;359,1.3104151652646265
304,0;668,1.1227003623832368;578,1.1587286980496547;49,1.307988719762943;360,2.212596229233693
781,0;103,3.050578735350152;224,5.6005164246947805
625,0;968,0.45510263207030544
841,0;494,0.04546517273699975;738,2.940964284069127;918,3.5745182840108214;58,3.206372458786493;811,3.4212154785111695;734,3.3901052930915014;67,4.364138953983958;447,5.988601029928583
254,0;313,0.29412763146286786;594,1.4900566546916372;405,1.5141629613531467;798,3.8093191664721164;373,4.2456534725518065;19,6.916394232651014
243,0;899,1.6590323139261445
771,0;615,0.10099003732595573
249,0;322,3.561096456959293;616,2.5443641038748948
500,0;260,1.7734831312749035
362,0;331,0.010876289435119178;162,1.0160588571237295;354,0.7776326496716756;128,3.2555088348567716;743,1.5455337150919528;684,3.00032025529433;853,2.320837819326087;401,3.4081374313217943;979,4.184806905662207;523,3.028096898207962;609,5.144668602697596;102,3.7213196809081253;77,6.225624432847921
483,0;979,0.15282588605452005;307,0.303029512404944;508,1.1011513139256568
460,0;869,1.6297914193782146;1012,1.811686668201057;691,1.9639472684671289;972,2.4156415225791354;897,3.506446921456615;516,2.57069839031076;246,3.534732649334489;626,4.3844651735995175;1001,5.060396837804082;493,5.49883487711463;799,6.740871515598987;954,5.670565299230753;825,9.1430368933167;344,6.394326227507208;594,9.467851928678819;554,10.063917402972239
193,0;456,1.256869891230643
502,0;202,1.3746102668057045
300,0;170,1.6459969306489528;484,5.241426222111713
20,0;328,2.160880140981506;404,7.000689744135859
511,0;291,0.45029645956858755
673,0;207,0.16012888206003575;525,1.0710261838448014;70,5.746257239674131;731,0.21815095799446835;801,2.104571197649363;948,2.3988637989548454
395,0;656,0.1862304504656737
954,0;825,0.9102939446578496;130,0.04604192159639942;896,0.015027547656938388;344,3.086654951489122;311,0.6423062508367433;20,1.2203480677341174;504,0.7758399967349798;840,1.7796267715818916;770,1.6251035305395791;594,1.0048455506494796;554,3.1322574917851913;405,3.2741560350548076;29,1.5456867252165039;328,1.704193029676931;852,2.9464836016253013;102,2.551253877745361;70,1.6737110975927314;518,2.8081763551139214;721,3.411791650643079;404,1.8039564651612063;572,1.794122964131689;139,7.125533591555087;323,3.5256475947963226;282,2.421481939588655;789,5.128878081175614;747,2.850699198307587;396,4.53874519329114;373,4.559178001757652;141,3.3369639256238077;3,3.3345303510035085;668,3.8862107690091516;151,3.674050063634155;974,4.376357434865132;63,5.956918792232265;578,3.958254534599242;49,5.502296368330577;647,4.930213622919147;195,6.102197473227344;485,7.005489299662032;748,6.514397594337584;616,6.71309322598526;576,7.146594477772097;318,8.72353696712388;911,8.279371599123953
289,0;428,0.25171559081549116;187,0.4744762327243768;999,0.48885036840705076;778,0.37179982268075507
621,0;793,2.2032730495258352;876,2.972640643399484
557,0;752,0.32919532253287925;399,2.5116362509522743;539,1.1883608266196193;702,2.03424477509274;428,2.5198108947880966;983,1.4192533965393823;405,2.9676084723806158;360,2.499694612516502;240,5.010520229222237;187,2.638014703244379;999,2.968174979063969;778,2.6653956738822906;668,3.3416050727672455;798,3.3589763878571146;373,3.7876495945019633;339,5.13943868571661;39,5.920866941820759
221,0;975,1.3084318485801008;524,3.772783882169537
301,0;635,0.5884866808935448;215,0.6570701809812612
257,0;73,2.5197480999505246
864,0;36,0.11812844664343614;4,0.15874875496315713;105,1.6605209614511893;238,0.5495649230769732;795,0.4745122590612716;291,0.47575572669513133
607,0;267,4.808741930022207e-05;835,0.9676324647822433;270,2.925910095880804
715,0;513,1.0650078174191377;249,0.03822500420334372
909,0;488,0.38322129735753896;433,1.1057707643671817;830,0.47497110437060974;141,1.8953595164162946;574,3.581059035686369;943,0.5500203879694787
216,0;287,0.3600492943753775;536,0.6382341345827938;162,3.3771599080386583;565,3.530943286289732;955,3.6988153003916113;698,4.286935790320907;797,4.079243517209278
629,0;157,3.252488253949371;670,3.9948643263459243;92,3.5164859929115257;223,5.819812489918425
711,0;13,1.4295205204787207;268,1.9518870650043887;284,2.1377668911988508;209,2.4935635544028627;22,2.611546499265828;775,3.56946065756516
323,0;974,0.06866152826918501;63,1.220862838996656;914,0.4201924356150011;512,2.916091953600257;647,0.13238073673775858
420,0;58,0.9692324885188377;998,0.9859836423348876;189,1.0256309029812467;447,1.6979419119857342;907,3.222277914883903;734,3.966165563214074;295,1.0705454401106067;343,2.39906980078372;912,3.680061804702628;577,3.015529041583365;1009,5.682282836747925;365,7.766902387139595
117,0;879,1.165264865987174
386,0;988,0.45364921447281314;557,1.0867672580152075;523,0.9194445132194959;752,3.8515560476614628;399,5.216584602915187;539,4.0429257164525385;587,4.925023554067035;702,4.184557860632765;428,4.115103286986996;240,5.261705418744333;999,4.957925347774816;360,5.635338130811027;427,6.414921496846942;421,5.300090113820959;241,5.917050858526412;622,6.325974495938958;131,6.62361744838505;365,7.104853672987287;740,8.304661572585802;537,8.414258131933568;636,8.297672964133586
279,0;781,1.946454924364456
413,0;416,0.44402532538932055
722,0;57,0.8390954932068266;814,0.9252670952969069;896,1.000293322744812;338,4.842433130840718
783,0;489,1.7933903022546567
405,0;798,0.15645307663962352;373,0.6316598005209944;19,2.577057410148325
851,0;174,3.841253726118395;189,5.330251330461292;790,4.762773483732015;533,9.645119887374054
372,0;783,0.18251519343199918
796,0;32,3.064728307056272;65,1.1706045157604674;269,5.858122468883755;171,3.288530585591758;914,6.553284006726762;392,3.388254510587939;226,3.6591427680982602;725,4.390601239790945;825,4.042596126063758;554,4.907153558232295;167,9.078393764303318;672,9.934176014431904
197,0;572,0.6104581572927775;282,0.9792789294907946
733,0;956,1.0944048546170166;846,1.5998704345892656;356,1.489601442783672;221,2.0602247018852005;256,2.1799414798696066;86,3.2352429165946184;975,2.17057761227433;861,2.455557984106777;524,3.3671223989023766;18,3.479256084189147
577,0;883,3.0260935362156562;421,3.729340705602273
300,0;170,0.5852521126931015;207,0.08095298920491571
711,0;13,0.03595483588474976;268,2.679300348241357;98,2.7150687902497657
527,0;114,2.936898798898161
301,0;635,2.357484763701398;656,2.4669470465965087
948,0;570,1.0889494879386383;204,0.2361959664569227;871,2.2749384266812247;125,0.43698760707837336;107,0.5877912425757147;741,0.47740001018218087;554,1.2032147384069705;48,0.8378993797330208;95,1.2081160467053278;840,1.7100393018510243;20,2.821719078962833;139,2.51763632331886;194,4.87676079675656;29,3.9282832604381945;328,3.0866960210522074;404,3.283471832606139;375,5.110903895380063;780,7.447761289422385;913,5.840769597735178;966,7.55863360820242;123,6.398770429778247;999,8.547660051262675;416,7.845772431321438;64,8.180124944133878;873,8.19490499999062
812,0;81,0.9258088656911456;240,2.26720762680054;375,2.4787108300650935
973,0;249,1.072192691595094;1010,0.11491232452117386;155,0.3754609652526452;483,0.26965519610310096;979,1.6231298774368015;322,1.37109878975761;616,2.030315159463345;576,2.1104346861991665;86,2.1744620960492007
498,0;917,1.0032104644377315
882,0;74,3.732717451564185;497,5.149861319467128
224,0;664,2.291619344604089
216,0;974,0.6867590483936742;287,1.623743805805742;479,6.296524892681652;647,0.7133734742294255;536,2.367244664212765;521,1.6722751008461312;162,5.635899811750742;743,5.770472361833209;684,6.038656646950526;853,7.416033293071164;523,6.673477655121997;738,7.942826704211642;314,6.609320048931109;401,7.831203074051265;461,8.819302592616953;745,8.036437349969493;734,9.59618641117824;731,11.147221579203377
905,0;223,0.5026851539107888
549,0;256,2.367722538289864;618,3.1411737667280457;195,5.321992009105198
313,0;594,0.6652505597438829;405,0.800140980830278;1005,3.5039449565220853
944,0;521,0.0964507047222825;858,0.5774388005554046;726,0.06172273693974614;648,2.002627837173423;536,2.4476720481736054;152,2.18518450340442;292,3.1374703803252735;279,3.4709558818308937;791,3.4844473318826017
210,0;159,2.8006971021444382
135,0;261,0.3529571473261009;921,0.9970493189944198;1,0.9807081919884402
310,0;654,0.29433390065011394;469,0.3636035343198728;825,0.5202149734738668;160,1.1064544645358665;283,0.7042046199927305;594,5.367798529155821
640,0;658,1.5301161662470255;555,1.064177361169561
131,0;537,0.8034055155604789
777,0;660,0.22102774236655004
715,0;513,1.5017151015618366;249,0.07259047336144354
47,0;629,0.10699078551788699;157,1.7481706336585665;1003,2.2218836114648273;92,2.830322054067546
62,0;352,0.48915466103557936;597,0.46032052495068043;117,0.7232781372164643;438,1.7711366489451779;376,1.0794035366258459;664,1.8126714541139695;718,2.728176543076623
285,0;533,0.33416422276606056
607,0;458,0.7764199650249656
109,0;1018,0.14705454490835393;290,0.8403739689350693;986,0.998482285117426;861,1.103898778692888
906,0;592,1.228973264889751;359,2.802143722418501;892,3.8755435770087665
442,0;135,3.3480370730161986
182,0;35,0.4220608713207649;237,0.8316135488491021;731,3.315023466770197
412,0;943,0.5779905773493658
400,0;470,0.9548673264520552;430,1.4341157138271665;157,1.3074554638412286;92,1.5403337364328409
974,0;914,0.26494262083798775
616,0;576,1.3568938440043625
800,0;425,0.5921099236208631
46,0;812,0.3415837532644137;118,0.46647109398323766;765,0.13549893824438547;81,1.3428900047146832;400,1.1397531469852193;470,1.9855308768957078;240,2.020835665714963;375,3.2242351185320293;430,3.674256877553778;157,2.2271158449885147;131,3.2005430949249845;1003,3.504486011849977;670,4.614009200175131;92,3.857529940890694;537,3.247909356894273;612,4.591208681540988;223,4.8848785741135075
122,0;884,0.889360787666401
905,0;223,0.03749479957426756;292,0.315655721128035;279,0.739437518776401
160,0;708,0.09708622098996264;1010,0.25336275994746194
493,0;954,0.33856470112818604;825,0.5686383210869784;130,1.8570417165420467;896,0.51043499580288;311,1.5181352614200907;554,1.9481161744454325;840,2.429529974690013;784,2.336606608174256;20,2.00240812207387;662,3.441646285344498;139,3.068080198095619;323,3.9696407429931098;911,4.502431663207886;974,7.758494799243963;63,6.332546721424226;748,7.999163745735583;512,12.84608117607728;479,10.044538965137477;728,15.579347652615777
480,0;924,1.1231816569827335;539,3.67749196314237;983,3.8439335880408536
13,0;103,1.671024611130852;224,1.871686894699271
642,0;916,1.7768902878646788
800,0;1013,0.542774737620988;533,1.1910907717712171;62,1.4017995219222936;597,4.499527496125519;620,2.3476384063154434;680,2.5228887758717913;650,3.4177393771432127;944,3.2473247298548427;430,3.209992556987439;858,3.4695178043462143;726,3.3240755907023876;580,3.5208674284030588
144,0;622,0.3685097959868875
174,0;570,0.670907707326465;189,1.7250284379665686;734,2.3222629695131562;813,8.726254818685375;731,2.764904681336424
72,0;169,3.755344450611161;385,2.725999005910152;875,2.880784124828571;920,3.262584042687732;675,3.4061222852163984;162,3.483007927747777;531,4.74433579639779;565,6.823073906244771;955,4.170721297146239;249,3.941159747239421;806,7.337567319096254;322,5.023211166032312;616,4.075036475299817;576,6.405482771391393;797,5.762101573648796;898,4.892359987964525;2,6.3819027377729025;744,7.704386055315598;86,6.409734908299543;18,6.634086165884806;578,9.594342901980161
144,0;622,0.07116722563159257
741,0;48,0.9627850141163287;95,3.4198381551154786;624,1.9203022698028271
153,0;100,2.2496512312937105
708,0;871,3.5998257577801622;29,3.722052306924273;580,4.729325734673077;852,3.8443997333947784;3,4.491975561280074;572,4.073535405421752;149,4.496480015012191;513,4.459010233075952;789,4.669310330603042
135,0;261,3.7896381339792704
852,0;3,0.1242517788052888;572,0.18052378035393996;282,3.931736928563926
720,0;932,0.027589520626745388;666,0.7161491664253947
507,0;435,1.005762346842357;234,2.3911614415322022
48,0;840,0.4190058923974346;624,0.3598395239125751;473,0.6587014475591669;20,5.293924821879382;139,1.2858234749781086;911,3.32278933051002;29,5.8805690023226;328,5.670940656795676;831,7.151490270561684;852,6.705527283909838
415,0;592,0.16198764671663973;304,0.9537892275341149
840,0;20,1.2360117574012854;572,3.2959373515102626;139,2.3584539331592773;323,1.531552196569771;974,2.105940779392233;63,2.294572615467627;914,4.326380663982402;512,2.5350128344987692;647,2.910682427998652;616,2.5717646579679854;194,3.0602706513492532;728,2.881421035020619;195,2.9787741847599283;513,3.4299053620029034;282,3.71166036627144;789,3.9518889160485005;167,5.144914698538211;672,5.488827981949781
691,0;754,0.5617351134720076;516,0.3498309703554088;405,0.9369582315246218;668,2.3115201405393035;798,1.0769957994764607;1005,1.8975855615730712;373,1.421685195508934;339,1.659511411010611;65,2.2118836632172436;578,2.738524568799086
172,0;326,0.3254193980858346;382,0.12066312785284669
565,0;698,0.1931757940511428;319,0.41105731849518834;893,0.8363632212207495
356,0;221,0.10184073022997997;975,1.9218016491180647;861,2.813903563913591
920,0;342,1.3679889063570438;748,0.6965286223122308
627,0;208,0.0309111553694137;1001,0.5076988937340459
504,0;770,0.5962430019826399;102,0.837451103444419;70,1.5910360325797162;747,2.217501998065069;518,1.6673365611036657;396,1.8108571496696613;535,3.888671763413871;513,2.5426207358319144;141,2.4771738139361257
712,0;410,0.8193485329130026
689,0;888,0.12209388540183629
33,0;195,0.10155791399313642
594,0;405,0.9913418539123107
126,0;791,0.8737226225414141
300,0;170,0.15912439370917617;484,0.5138126621355048;497,1.7741897202869692;875,0.968758900640621;826,1.6054014578960523;355,2.755284584153875;131,2.8662740968972025
858,0;580,0.42526197011096795
547,0;157,0.2689394969220299;670,0.8154465062115956;223,1.2050365052529897
621,0;510,1.4256429998696427
628,0;201,1.0937572471512182;515,0.4742618860139468
592,0;304,1.7880692577234034
703,0;477,0.14161927162963123;164,0.7799150377779818;847,1.4110387649411547
17,0;862,0.516411707766995
830,0;574,0.020137762729414917;943,1.6925894491738838;5,0.31413584474266265;402,5.722523250359677;956,6.184504128003533;199,5.93043379008916;60,6.8939291285043405;846,11.56378279453948;356,7.030915583091217;256,8.591390491007534;86,7.158206617339973;18,7.718846610232449
451,0;291,0.7597010875729402
205,0;626,2.1139234431640808
860,0;649,1.177304208857841
969,0;476,3.3064811285133446;390,0.9441752253240916
434,0;166,0.11081039867608533;860,0.9452023884092945;106,7.98309278189718;422,9.155926130242639;203,9.837211548515185;350,10.759713087044839
704,0;65,1.4541789372330147;600,0.5654833280994245
1014,0;863,1.5922560285290026;965,0.23402521223152423;276,0.9226296016104396;422,1.4193597667821212;11,1.6458358719030002
651,0;181,0.9809507559280437;573,1.5390246197629553;399,1.4206720485144662
169,0;806,0.9663823769606017
991,0;493,0.7528202835869203;799,1.6719115684907462
393,0;410,1.5338153819017744
453,0;681,1.2369318188751237;348,1.4959588248851654
575,0;209,0.023116726668183613
805,0;970,0.7856290346550627;657,0.10679766212781022
724,0;626,0.8766552101455357;412,1.3859992414594662;287,2.81051747279747
209,0;710,0.10933250524912916;775,0.14206918527745377;965,0.9841691419255748;5,1.0384860263773006;21,2.028727180779035;172,1.7699453685235729;402,1.2853967253438296;956,2.8417174893187793;326,3.304017055736353;356,4.087249196030419;86,5.010171488438955
395,0;745,1.343233214010132;656,0.4577113303788846;510,2.1007726485368066;478,3.5227689347404336;484,3.9474316514198025;605,4.817485830066008;497,3.9500757724025526;875,4.316743205437311;82,4.873892710078727;675,7.129443123394725;826,4.93688261836539;162,4.655364708644375;355,4.456573642031629;131,4.866703527628383;128,5.951971826624381;559,5.648791686336723;743,6.287961410267613;955,5.242531132906342;240,4.6928250626909636;85,4.851273319910691;278,6.821399440772328;797,8.340786286925567;102,6.728355952009046;853,6.3230828367841845;401,7.931744310794887;979,6.5448312173058945;307,8.586731326643417;964,7.53992988566833;737,8.526533074626512;68,11.167412687712718;313,9.44566852098637;403,8.783157962941102;316,8.700007414221432;594,10.371352846254922
232,0;707,0.18425696559018398
1016,0;398,0.21344153048582987
145,0;934,1.8113928516683744;34,0.5129393716375192;612,2.7836959046037046;691,2.0106057269943824;754,2.757207659314091;897,2.106819197279452;405,2.7017269658599417;225,3.3287992542873956;512,4.665601245716068;629,6.445746070224091;611,4.674486096477739;251,4.713172203343164;802,5.221866195223461;122,5.87894369336453;710,5.653323682650163;112,6.888939701476726;725,7.334327521090328;884,6.162898988306148;238,7.323069120010456;232,8.130015596539737;31,8.221126053634096
165,0;488,0.4620385897026833;830,0.6554691352369588;141,2.477605663985775
63,0;748,1.4537689084468561
971,0;225,0.32558029593531185;857,2.6408029815753573;629,0.7680488820022434
287,0;162,0.04378664670297387;128,0.8047328849098022;955,1.8448688177606887;240,2.243205412961602;102,1.4521189890045054
633,0;458,0.28430355724026124;124,1.44732257899812;582,3.4691047934204
374,0;504,1.1549727107718304;935,0.2795913466746783;1002,0.3109135088211658;377,0.6652748793602743;460,2.6650939962048636;571,0.7640314725715633;869,5.176843135773934
665,0;710,3.5819253379145937;965,3.86546453569485;725,3.741971655824849;5,3.9790353204689963;31,4.20311695913004;172,4.601890996430204;16,5.49024722620566;650,12.249073207651307;1010,6.2486734277241105;499,12.633608486531818;119,13.14989185265604;540,14.224524700568978;955,14.462577217499481;322,13.697440486653226;639,14.883512364504476;929,16.69938772398575;433,16.413149180103613;911,15.635491964052333
246,0;1001,1.6699115740387862;493,1.7063429195605744;799,2.380161785426711;869,3.4994577977457446
51,0;965,1.1340017472888413;172,2.4002933086857556;326,2.7765038777027526;364,4.336589957049082;781,4.588118707347041;103,5.311427178430741;224,8.831652383669002
595,0;398,0.9425837603866581
475,0;995,0.10920945333436949
545,0;83,1.4319828178001506
76,0;717,2.114562920274209
821,0;483,1.6322913658855387
229,0;47,0.09734183603538285;214,2.103306075328134
628,0;201,0.6124655494461758;515,1.656265810062105;844,1.208383110914744
650,0;499,0.2992634425666503;937,0.16014531230205364;119,0.9202816336298474;540,0.9987672265878104;322,1.5957956064549141;639,2.4196270413828898;911,6.080637240740574
883,0;778,0.09892955736986629
126,0;211,0.4889669788836588;990,2.446988383028465
1014,0;863,1.6880232926764092;276,0.7858938289148242
295,0;858,1.548186048147213;827,0.3624901636242378;485,3.809117673893275
839,0;469,0.8532503321397119;37,0.13082385174815134;728,0.8535944641904768;845,1.2066651167669573
543,0;908,0.10951440118330577;15,0.32438799825012377;657,0.33901796520139693
213,0;162,0.574101011203757;852,2.1770577192602643;565,0.6724995832768544;698,1.2732064958702347;572,3.040354039876502;149,3.231397238380006
578,0;49,0.844595423527024
