0,0
1,1
2,2
3,3
4,4
5,5
6,6
7,7
8,8
9,9
10,10
11,11
12,12
13,13
14,14
15,15
16,16
17,17
18,18
19,19
20,20
21,21
22,22
23,23
24,24
25,25
26,26
27,27
28,28
29,29
30,30
31,31
32,32
33,33
34,34
35,35
36,36
37,37
38,38
39,39
40,40
41,41
42,42
43,43
44,44
45,45
46,46
47,47
48,48
49,49
50,50
51,51
52,52
53,53
54,54
55,55
56,56
57,57
58,58
59,59
60,60
61,61
62,62
63,63
64,64
65,65
66,66
67,67
68,68
69,69
70,70
71,71
72,72
73,73
74,74
75,75
76,76
77,77
78,78
79,79
80,80
81,81
82,82
83,83
84,84
85,85
86,86
87,87
88,88
89,89
90,90
91,91
92,92
93,93
94,94
95,95
96,96
97,97
98,98
99,99
100,100
101,101
102,102
103,103
104,104
105,105
106,106
107,107
108,108
109,109
110,110
111,111
112,112
113,113
114,114
115,115
116,116
117,117
118,118
119,119
120,120
121,121
122,122
123,123
124,124
125,125
126,126
127,127
128,128
129,129
130,130
131,131
132,132
133,133
134,134
135,135
136,136
137,137
138,138
139,139
140,140
141,141
142,142
143,143
144,144
145,145
146,146
147,147
148,148
149,149
150,150
151,151
152,152
153,153
154,154
155,155
156,156
157,157
158,158
159,159
160,160
161,161
162,162
163,163
164,164
165,165
166,166
167,167
168,168
169,169
170,170
171,171
172,172
173,173
174,174
175,175
176,176
177,177
178,178
179,179
180,180
181,181
182,182
183,183
184,184
185,185
186,186
187,187
188,188
189,189
190,190
191,191
192,192
193,193
194,194
195,195
196,196
197,197
198,198
199,199
200,200
201,201
202,202
203,203
204,204
205,205
206,206
207,207
208,208
209,209
210,210
211,211
212,212
213,213
214,214
215,215
216,216
217,217
218,218
219,219
220,220
221,221
222,222
223,223
224,224
225,225
226,226
227,227
228,228
229,229
230,230
231,231
232,232
233,233
234,234
235,235
236,236
237,237
238,238
239,239
240,240
241,241
242,242
243,243
244,244
245,245
246,246
247,247
248,248
249,249
250,250
251,251
252,252
253,253
254,254
255,255
256,256
257,257
258,258
259,259
260,260
261,261
262,262
263,263
264,264
265,265
266,266
267,267
268,268
269,269
270,270
271,271
272,272
273,273
274,274
275,275
276,276
277,277
278,278
279,279
280,280
281,281
282,282
283,283
284,284
285,285
286,286
287,287
288,288
289,289
290,290
291,291
292,292
293,293
294,294
295,295
296,296
297,297
298,298
299,299
300,300
301,301
302,302
303,303
304,304
305,305
306,306
307,307
308,308
309,309
310,310
311,311
312,312
313,313
314,314
315,315
316,316
317,317
318,318
319,319
320,320
321,321
322,322
323,323
324,324
325,325
326,326
327,327
328,328
329,329
330,330
331,331
332,332
333,333
334,334
335,335
336,336
337,337
338,338
339,339
340,340
341,341
342,342
343,343
344,344
345,345
346,346
347,347
348,348
349,349
350,350
351,351
352,352
353,353
354,354
355,355
356,356
357,357
358,358
359,359
360,360
361,361
362,362
363,363
364,364
365,365
366,366
367,367
368,368
369,369
370,370
371,371
372,372
373,373
374,374
375,375
376,376
377,377
378,378
379,379
380,380
381,381
382,382
383,383
384,384
385,385
386,386
387,387
388,388
389,389
390,390
391,391
392,392
393,393
394,394
395,395
396,396
397,397
398,398
399,399
400,400
401,401
402,402
403,403
404,404
405,405
406,406
407,407
408,408
409,409
410,410
411,411
412,412
413,413
414,414
415,415
416,416
417,417
418,418
419,419
420,420
421,421
422,422
423,423
424,424
425,425
426,426
427,427
428,428
429,429
430,430
431,431
432,432
433,433
434,434
435,435
436,436
437,437
438,438
439,439
440,440
441,441
442,442
443,443
444,444
445,445
446,446
447,447
448,448
449,449
450,450
451,451
452,452
453,453
454,454
455,455
456,456
457,457
458,458
459,459
460,460
461,461
462,462
463,463
464,464
465,465
466,466
467,467
468,468
469,469
470,470
471,471
472,472
473,473
474,474
475,475
476,476
477,477
478,478
479,479
480,480
481,481
482,482
483,483
484,484
485,485
486,486
487,487
488,488
489,489
490,490
491,491
492,492
493,493
494,494
495,495
496,496
497,497
498,498
499,499
500,500
501,501
502,502
503,503
504,504
505,505
506,506
507,507
508,508
509,509
510,510
511,511
512,512
513,513
514,514
515,515
516,516
517,517
518,518
519,519
520,520
521,521
522,522
523,523
524,524
525,525
526,526
527,527
528,528
529,529
530,530
531,531
532,532
533,533
534,534
535,535
536,536
537,537
538,538
539,539
540,540
541,541
542,542
543,543
544,544
545,545
546,546
547,547
548,548
549,549
550,550
551,551
552,552
553,553
554,554
555,555
556,556
557,557
558,558
559,559
560,560
561,561
562,562
563,563
564,564
565,565
566,566
567,567
568,568
569,569
570,570
571,571
572,572
573,573
574,574
575,575
576,576
577,577
578,578
579,579
580,580
581,581
582,582
583,583
584,584
585,585
586,586
587,587
588,588
589,589
590,590
591,591
592,592
593,593
594,594
595,595
596,596
597,597
598,598
599,599
600,600
601,601
602,602
603,603
604,604
605,605
606,606
607,607
608,608
609,609
610,610
611,611
612,612
613,613
614,614
615,615
616,616
617,617
618,618
619,619
620,620
621,621
622,622
623,623
624,624
625,625
626,626
627,627
628,628
629,629
630,630
631,631
632,632
633,633
634,634
635,635
636,636
637,637
638,638
639,639
640,640
641,641
642,642
643,643
644,644
645,645
646,646
647,647
648,648
649,649
650,650
651,651
652,652
653,653
654,654
655,655
656,656
657,657
658,658
659,659
660,660
661,661
662,662
663,663
664,664
665,665
666,666
667,667
668,668
669,669
670,670
671,671
672,672
673,673
674,674
675,675
676,676
677,677
678,678
679,679
680,680
681,681
682,682
683,683
684,684
685,685
686,686
687,687
688,688
689,689
690,690
691,691
692,692
693,693
694,694
695,695
696,696
697,697
698,698
699,699
700,700
701,701
702,702
703,703
704,704
705,705
706,706
707,707
708,708
709,709
710,710
711,711
712,712
713,713
714,714
715,715
716,716
717,717
718,718
719,719
720,720
721,721
722,722
723,723
724,724
725,725
726,726
727,727
728,728
729,729
730,730
731,731
732,732
733,733
734,734
735,735
736,736
737,737
738,738
739,739
740,740
741,741
742,742
743,743
744,744
745,745
746,746
747,747
748,748
749,749
750,750
751,751
752,752
753,753
754,754
755,755
756,756
757,757
758,758
759,759
760,760
761,761
762,762
763,763
764,764
765,765
766,766
767,767
768,768
769,769
770,770
771,771
772,772
773,773
774,774
775,775
776,776
777,777
778,778
779,779
780,780
781,781
782,782
783,783
784,784
785,785
786,786
787,787
788,788
789,789
790,790
791,791
792,792
793,793
794,794
795,795
796,796
797,797
798,798
799,799
800,800
801,801
802,802
803,803
804,804
805,805
806,806
807,807
808,808
809,809
810,810
811,811
812,812
813,813
814,814
815,815
816,816
817,817
818,818
819,819
820,820
821,821
822,822
823,823
824,824
825,825
826,826
827,827
828,828
829,829
830,830
831,831
832,832
833,833
834,834
835,835
836,836
837,837
838,838
839,839
840,840
841,841
842,842
843,843
844,844
845,845
846,846
847,847
848,848
849,849
850,850
851,851
852,852
853,853
854,854
855,855
856,856
857,857
858,858
859,859
860,860
861,861
862,862
863,863
864,864
865,865
866,866
867,867
868,868
869,869
870,870
871,871
872,872
873,873
874,874
875,875
876,876
877,877
878,878
879,879
880,880
881,881
882,882
883,883
884,884
885,885
886,886
887,887
888,888
889,889
890,890
891,891
892,892
893,893
894,894
895,895
896,896
897,897
898,898
899,899
900,900
901,901
902,902
903,903
904,904
905,905
906,906
907,907
908,908
909,909
910,910
911,911
912,912
913,913
914,914
915,915
916,916
917,917
918,918
919,919
920,920
921,921
922,922
923,923
924,924
925,925
926,926
927,927
928,928
929,929
930,930
931,931
932,932
933,933
934,934
935,935
936,936
937,937
938,938
939,939
940,940
941,941
942,942
943,943
944,944
945,945
946,946
947,947
948,948
949,949
950,950
951,951
952,952
953,953
954,954
955,955
956,956
957,957
958,958
959,959
960,960
961,961
962,962
963,963
964,964
965,965
966,966
967,967
968,968
969,969
970,970
971,971
972,972
973,973
974,974
975,975
976,976
977,977
978,978
979,979
980,980
981,981
982,982
983,983
984,984
985,985
986,986
987,987
988,988
989,989
990,990
991,991
992,992
993,993
994,994
995,995
996,996
997,997
998,998
999,999
1000,1000
1001,1001
1002,1002
1003,1003
1004,1004
1005,1005
1006,1006
1007,1007
1008,1008
1009,1009
1010,1010
1011,1011
1012,1012
1013,1013
1014,1014
1015,1015
1016,1016
1017,1017
1018,1018
1019,1019
1020,1020
1021,1021
1022,1022
1023,1023

377,0;571,0.18614303406727703
708,0;1010,0.029965099254991592;871,0.8644158888681907;29,1.9384391080217913;580,4.229672142293557;852,2.6605672417483803;572,6.158906582279834;282,8.542639870258135
668,0;578,0.749001973902169
176,0;711,1.7061824243522197;13,3.1177289803776413;268,2.759664507444982;284,5.9029670850597995;103,3.270173468805088
616,0;576,0.5922735450874984
164,0;847,2.612419845702627;704,4.060189458937666;600,5.9805532255436775
172,0;382,0.7753350592556992
842,0;544,1.4012058267183245
335,0;290,4.813956212889172;822,6.60815960353667
699,0;686,0.1325536611942263;795,0.42096191241179165
848,0;751,1.7014212166943756;637,1.713520755116371;973,2.5871724512837146;443,3.6465061968030774;336,1.822057459379519;1,8.5752816324108;249,3.737659287944206;155,2.896244837937535;398,4.117920509341074;900,5.089166031886428
57,0;814,0.4161993334887854;896,3.64797586322825;338,0.08743469883612447;99,1.7298888366974496
1013,0;408,0.5726323884961946
512,0;251,1.0834043043906652;802,1.2092511322961965;122,1.2104439750132716;264,1.370092286540336;710,1.321658667099698;884,1.9338908195780786;725,2.7652298195314713;5,2.67996392026867;983,4.128934208917516;58,1.8266798013310008;998,2.823741373681738;402,5.01246689162512;154,3.5973524216105544;447,3.193517093897126;907,5.789800988155383;481,4.475759772775602;405,5.2398185889689595;61,5.253194542435292;798,5.508550587812861;1005,5.3339346645400045;65,5.86370621866975
551,0;408,0.7868648144022691
156,0;255,1.3683205460804821
681,0;348,0.5712299752722003;650,0.9695972485788512;499,1.2038960182686544;119,1.9486161289417248
204,0;871,0.9940629382213538;986,0.018339112146709424;136,0.26065073604864236
773,0;893,0.03955490062380931
718,0;986,2.389561527611195;136,3.834742489479871
843,0;28,1.9905206007951248;861,1.5259684237219775;637,0.43828705774988774;489,0.7582098161981061;336,2.166529840905475;1,4.222321718227828;971,3.7477117119946097;906,4.48838536249072
422,0;203,0.33810145914108525;350,1.4391632442878897
975,0;524,0.10219174732005457;988,4.384181409368535;557,7.765422063331448;752,8.35952226133698;1017,7.822279507498557;399,9.25665373307299
961,0;596,0.02243419638196134;493,2.2946109503433;799,3.6083232771947253;352,2.8063456162262357;438,3.1304549892103384;718,3.2138537244496748;986,4.560834681219509;861,5.285476034955823
988,0;557,0.858955500301043;88,0.1280337326602584;1017,1.824837379072458;950,2.0888952912457723;834,2.5029503925829464;593,4.536036367186263;153,2.823956107341037;36,5.353920157137711;105,5.9001204566118055;238,7.801599464283708;611,8.97536643619559;895,9.913617453104202
655,0;338,0.40935849748751735
275,0;114,0.4162187727311132
850,0;598,0.3708780204499418;49,1.9185556153642824
939,0;931,3.2160253806333117;364,3.285005190035898
923,0;911,0.5024020830837926
76,0;717,1.8637811038706347;38,0.5290226766227974;238,5.003092283640622
250,0;129,0.9011374793434246;745,1.4173721577181468;510,2.4297612578822063;478,6.020955935375398;664,6.089524609550204;484,7.150150579080964;605,6.192327857801854;85,9.841180905793713;497,9.058101495884875;82,8.186058225872541;633,10.236626947227737;458,10.995057532584978;448,10.579363363588849
130,0;20,0.4302216608919754;29,1.0117432275586238;852,1.1285249289546768;3,1.5158884803810355;151,1.6361328141562712;671,2.1928126157847347
450,0;311,1.5502791461821146;504,3.3504614524337315;840,2.9584460954608764;572,6.19069286930049;770,5.0459351605734195;70,5.066235793872329;518,5.43054063904684;149,10.453998483239726;513,7.632333952770308
642,0;916,0.8361615857157051
473,0;203,0.9910437030802174;678,1.0746246703440097;360,2.7857967686893303;474,2.9738351638016445;169,5.161172859102899;935,4.647120049998094;898,4.963607561752294;377,5.004377708237202;571,5.413320426384484;315,6.084207312616412
439,0;848,0.3282681085215068;304,2.7146901424264613;866,1.3698058368199546;751,0.8527186714946601;637,1.2255280009154836;973,0.9309971008767426;336,2.7975916667640286;881,1.8550505902673315;1,4.685150162382407;971,3.189081367274574;225,4.049459075139552;857,4.997982763992579;906,6.555520879290074
800,0;1013,0.05397786850066229;425,0.6448186261626391;533,2.044225882306595;408,1.1606675227178542;983,2.031395731159516;350,2.05855569015435
319,0;19,0.25459741595036167
122,0;884,0.4632260861077749
699,0;686,0.040616820704982556;31,0.7809473103972483
232,0;707,2.9507370567082507;991,3.4531031946018222;24,3.581457382087704;552,3.654612505839242;73,3.985538958374591
305,0;78,0.650046289456508;696,1.430298606822442
572,0;149,2.0075726487634467;513,0.1490356895918388;282,0.29369471275046605
461,0;37,0.3281495412948257;728,4.0003071282989815;152,3.848337273473748;845,1.3050547355843602
436,0;250,1.0284876815887252;129,3.0872020302116687;87,3.279986832875973;745,3.213226158767543;195,3.1929159302429846
678,0;169,0.8112060988657807;249,1.6850367783487343;806,2.16397094704128;616,1.7081717721197966;578,3.391964460607846;49,4.252067292272329;485,4.4991556274228754;360,9.519830435563954;318,5.783909690386574;762,5.270807130317087;475,5.606468480211087
501,0;795,0.8331488683162014;1002,1.8752490758949951;291,6.90008730889756
234,0;78,0.31586889060170686;876,0.6253916838627304;696,1.0328781786329315;841,1.3974213763209806
104,0;20,1.8011648488241558;29,2.1515504483312182;328,3.008810860350172;852,3.1157583203122554;404,3.050340327496322;831,4.39900969322936;572,4.51405878370853;893,5.214498840878335;513,4.5735064711707585;789,4.996084053381964
668,0;578,0.08867513064548767
802,0;112,3.8558106323632177
645,0;390,0.801617809766478;925,0.9999358987854365;584,1.8146231532633892;767,2.3400544941471777;602,2.0110835897030745;726,2.676441904503986
335,0;256,0.046820657523073066
297,0;259,0.03278007210003116
541,0;864,1.686260563151279
770,0;102,0.19098200902529947
558,0;1019,0.7745400328115435
125,0;72,0.014220117877448757;169,0.40765126120055495;385,0.4577981314013694;435,1.303117423553931;806,2.4020121033634694;920,3.6331123905353424;152,0.9921158150435022;234,2.2803783976898675;888,2.3550302577571323;78,4.628492049725313;876,3.662981024668878;578,3.194204864613531;342,5.524416304746398;748,4.463631571237322;696,6.107361131174231;528,6.305269596826769
481,0;316,1.6325653206334785;679,2.917565339747993;539,3.8404513931093565;428,4.532765740367768;187,5.973788956848859;778,6.891471668592017
64,0;873,0.44655177997609885
43,0;229,0.5965608165211977;787,0.23264777163709413;98,1.9061757560491537;47,0.6110748405825353;214,2.1829467032790624;222,2.0738379632087653;629,0.6970903711676003;876,5.3749490375937565
933,0;402,0.08738560477485185;956,1.3250498372376236;846,1.366165776793797;356,1.4626611480902252;256,2.7814794357787216;618,4.01184550548161;195,4.5623699098261685
832,0;917,0.26277393403888993
686,0;31,0.8626107213274898
149,0;510,2.201493375017406;478,2.4961419900480886;484,2.590804480809924;497,2.8472615015736773
934,0;363,0.23752233202252807
802,0;710,1.0133609019272747;965,1.3034073241412512;725,1.2023286802726165;5,1.3445020750211354;31,1.7780241965053318;422,3.5962705665064205;638,1.999055305353723;172,3.0702616344073848;402,1.7783393632069247;154,2.329290732476338;16,2.923351809253519;956,2.6011744117005815;1010,2.924828265160327;735,3.0917397571949743;483,3.6684617682903204;326,4.095873030479025;512,3.144013338006326;728,6.79405325722525;611,3.42582769855259;251,4.657199551246145;895,4.321256136231022;203,5.62574844112339;979,4.419070008740739;364,4.183232033894208
484,0;875,0.15144521190165033;675,2.6606530336062484;162,0.40658693740037777;355,3.3037184890706293;743,3.193491196752001;565,1.786813194921649;955,0.8921701023724384;797,0.9929585759442495;531,2.962506089963074;443,4.066917243482348;684,4.048320973417432;523,5.925341293990235;900,4.898991979730713;409,5.450722785776809;609,8.058323784634007
693,0;269,1.4190861727825992
823,0;996,0.5881625669450153;838,1.3810759648791566
256,0;618,0.7934404447267043;195,1.505041342062083
155,0;398,1.375313876734636
216,0;192,2.581516283699758
461,0;37,1.016063938821751;728,2.2539689696863388;152,1.9595503918839112
413,0;416,2.0991047852957285;64,2.7599983529874956
64,0;873,2.285125462189203;129,2.2995646891664827;745,3.00019157832739
125,0;741,0.291444794835312
108,0;24,0.4811242887517488;693,1.452671390756198;120,0.2115069757863576;242,1.101807180712495;824,1.8180030841860526;269,1.6899482540945803
48,0;955,1.402217767571296;840,1.1251770762616868;624,0.23834489050535132;20,1.2371582291704764;139,1.8249738062487755;29,2.5505224257716534;328,1.5760341643554794;194,3.496238902622295;580,4.867503700439492
462,0;446,0.3435187228048706;350,0.5467905578796608;974,1.392103900750359;512,1.9913921023043277;479,1.965115045024758;314,1.973417295976202;143,2.3919841237276334;728,5.096483391669197;251,2.2983915817563174
708,0;327,0.5704842641271233;871,0.3862401574160476;29,3.8881994931396844;225,1.1068495724185543;857,3.2674123607369956;580,4.9027060174088515
1006,0;150,1.5589509184914552
838,0;709,1.8380743670737396;308,3.297508286409643
837,0;535,1.167319819415171;741,0.8326246925545778;855,3.0492281138233235;554,1.0729159483834385;48,1.3409096907413371;670,1.3829582496969035;840,3.705592239570046;624,1.4557723929066548;223,2.7259568769789317;814,2.4130019479992995;20,3.949960961704823;572,4.320625299474458;323,4.135804269025857;974,5.035683589935875;149,5.727095700877886;513,5.951654245951435;282,4.73451605727988;789,5.731959761670716;914,7.700277084231754;512,7.109729706871766;510,7.097504179973784;605,5.823657545314037;478,8.363404421461887;251,8.62254620738551;167,7.787350432105821;672,8.989049289776116
1015,0;1007,0.1062018512929361;764,0.08753291651067001
478,0;484,3.005628987508004;805,2.938104984482887;970,3.1907219943857337;657,3.379540142591018;497,3.309231601762671;875,3.2717735898779545;82,3.6532826515178707;675,4.441679975464052;826,5.061366981279219;355,3.8224519426185326;633,3.9059881375809895;131,4.413965606621149;458,3.9566814136381048;448,8.981152842394922;797,4.966367090195013;531,5.23276920350146;500,5.519365647547071;260,6.769001486889034
108,0;693,0.016212997135593418;242,1.9959124160789237;824,0.6690533834657083;931,0.7244326374050889;689,0.9366007316607905;888,1.9011249933425662
25,0;698,1.6493472173068187
952,0;596,1.586288762771612;672,2.058541854992216
481,0;316,0.3679877392642023
805,0;970,0.42688073123837683;657,2.079113131038526
547,0;157,0.6832168099318537;670,0.7199611791702978;92,1.043581029534887
524,0;988,2.0404850465160975;523,2.4625434149882666;609,2.5627973668103623
103,0;224,1.0361086788503278;664,2.4155915420325482
851,0;174,0.011050172378859835
471,0;660,0.060144329877482305;206,1.3193589259193743
956,0;846,0.306154622126456;356,2.179854031275119;86,2.301656808670735
48,0;955,0.19077039676528676
973,0;1010,0.7639025158612888
854,0;866,1.2384563318419537;845,1.3283310981105205;628,1.5178551526491164
695,0;646,0.9297946819258355
121,0;193,0.11820294065258369;993,0.4089764958020295;328,4.707159222155157;944,0.7701204619220747;726,1.5312257953464186;721,6.739104846796234;404,6.37184219965615;581,7.144860114662296
730,0;608,0.12243314069386074;973,0.6839956111898664;1010,1.770953376932367;155,3.431370510054191;483,2.1169928087141807;979,2.5141302519043864;307,3.9087033384251146;398,3.663732659874272
949,0;964,0.43298643938287273;737,0.6407120281932249;313,0.8608230381644862;403,7.209754316736465;316,0.8106854039266016;679,1.6829587893085418;594,3.510681187384596;789,2.1925342779722983;539,2.7335446373455037;702,2.80437235237089;428,2.8706081213349246;427,3.697237300289158;187,3.915725102261516;636,4.976014647481332;918,6.070486832761849;847,6.3533806459999544;903,6.601051588954272;812,9.263503406553895;358,7.442824308305975;400,9.41293924734925
770,0;102,1.0898069102537518;747,1.4110545552789295;513,2.4410736056649505;373,1.6452341531497745;141,2.7601208115998097
540,0;639,0.85558270855316;929,1.8029384461616536;433,1.2208749293412084
735,0;512,1.399274917547185;728,3.9125036410244505;611,3.2504721864073542;895,5.809581424475336
395,0;745,1.8540420567460711;656,0.19692390399575938;510,2.0605679534092953;478,6.472420406082907;605,7.3278947609586345
498,0;917,1.2013543830043343
780,0;416,0.8085918024129569
912,0;1009,0.05746785830499399;864,1.0791622716394305
478,0;664,0.27520265477328526
431,0;705,0.34471843842071903;416,1.5763921050753427;424,0.6171528678066023;66,0.833188962619154
518,0;455,0.010600020739459431;396,5.292066616343691;535,5.95344939882446
421,0;797,1.1524587653713416
974,0;914,2.260671492449698
403,0;812,1.2539220520025165;81,3.9740330221975695
926,0;677,0.9364379445944331;443,1.1901821222686253
843,0;861,3.2100283447062057;443,2.302016162710174;637,1.6724455164526926;489,0.14980978535149686
753,0;884,1.0670301481480375;996,0.6709221774761055
611,0;895,1.9438540799510553
839,0;37,0.3701593812925858;152,2.2606048972212243
598,0;49,2.9076020371431133;485,3.37609295711538;360,6.7228032893969925;762,4.057177677589866;475,5.1348428872032095;995,6.351773405139081
424,0;66,0.1306441873673849;572,0.2709516477756099;513,0.7537253654449354;282,0.37633758741168033;789,0.5315957046274911
923,0;656,0.13638755281240206
992,0;912,2.8086387018341967;1009,5.703918362472306
752,0;399,0.5623927125480185
1001,0;493,0.8451536895559278;954,2.3719033252846558;352,1.246500120600334;117,2.1836479075361472;45,2.3531480429131086;879,4.482350865422985;801,3.3702537231524654;130,2.399447153530002;896,2.9457495454687894;344,2.7077976106428854;335,3.7574238421603305;750,4.152530732122234;256,4.158712497860152;290,5.347194033085597;618,5.865888831103389
745,0;642,1.1707291076457387;510,0.845204453868001;916,1.1754039239619214
378,0;148,0.2789369815668741;334,1.4908217623518965;228,2.6990268775804243
798,0;339,2.1864491960866865;39,2.4918873205534156;630,2.8525828316348534
519,0;769,0.44534130107483033
108,0;120,0.7583181588721649;242,1.4685529576033556;824,1.7077666674351701
673,0;731,0.9281061993399484
928,0;1017,0.6250771623849201;998,1.1100493959069468;344,0.5251817346057095;834,1.3657451520459714;876,1.440269948628836
508,0;194,0.008218345205284644;337,0.40204171983469555;811,2.467035058790294
151,0;671,1.0404993453742493
358,0;528,0.15434176978306602;153,0.34319569596197563
905,0;223,2.037599212510517
811,0;778,1.8718940189439086
162,0;565,2.7987713847493443;955,2.538314395585834
1012,0;691,0.096678583933144;754,0.16642958219261003;405,0.7364620683461055;830,1.1639573639395928;668,0.8177778393729865;798,1.951465874340926;1005,1.490259423797737;943,1.6113668684256477;65,1.667903679667984
402,0;199,3.7781970275266494;60,5.249017579928962;319,4.506632100379311
76,0;38,0.98718289369863
666,0;520,0.04454052841535918;700,2.1360196782326044
230,0;498,0.014774579500891406
130,0;20,1.1855307948543852;29,1.435499877437919
305,0;78,3.2197475895132577;841,4.0322535271775735
584,0;602,0.36651775125634584;726,1.8054079729212826
59,0;985,0.226683270806558;52,0.9603448575004195;589,0.2555284574746219
67,0;173,0.7412303224607714;761,0.9681727226884094;236,2.3066857997869703;297,3.7093598566795913;975,3.9051353013185657;189,3.2872145677470663;734,3.6551951763827106;295,4.320483158749266;813,5.110588764494541;861,4.538528245669861;524,6.627679951253937;343,6.01752490377422;827,5.320517760624958;485,5.488522201130322;762,7.9433617552614635;912,6.427650598929955;577,6.049520921809017;1009,6.445793061849585
356,0;86,0.5829947325682137
487,0;110,1.2999077522471776
285,0;533,0.22555519801308688;758,1.0637705624553766
474,0;935,0.10307579469595894;898,2.0107087348964447;2,2.9651158667703803
932,0;666,0.5557125768761846
182,0;644,1.4363801587982161
342,0;528,2.0555674824079877
253,0;641,1.0279977772030644;352,2.5752470667991085;117,3.324511722417349;438,2.5772883267442794;376,2.96363790630238;718,2.9566452316607714;986,4.37640051599091;664,3.1509485418782677;861,4.801839843182473
540,0;929,2.183555581158065
140,0;722,0.48410897881783094;818,2.7524919309525084
34,0;539,1.1595914444214612;702,1.4074497065064508;983,1.455865042690839;427,1.496481629571541;421,4.510336038811273;405,1.6371056374326312;797,5.838364599950058
503,0;607,0.05231128794763597
487,0;110,1.2558256148613167;860,1.3111175506365198;649,2.3178505289704705
443,0;812,0.08151807453529387;81,0.328848397431756;400,0.14085390212606358;470,0.37087078918267335;375,1.3248168844444859;430,0.5138108318640585;157,1.072696277596617;1003,3.437445494017491;670,3.6464113600257333;780,1.6734759300831217;416,1.786533499713764;64,2.0066498200564262
678,0;169,0.16495132345346367;435,2.227474345296129;806,0.17072152337687696;133,2.2704887880751823;190,2.8815039200729315;384,2.5459678875496268;26,3.065282057193035;723,4.472685123131577;677,3.32725729292849
55,0;617,0.6770184846995103;98,0.8207038106045379;183,1.3217991176213362
741,0;554,0.3295389113969113
795,0;291,0.3605928402836392
556,0;413,0.809239991575268;416,2.4993097233589636
428,0;240,1.766966662700683;187,0.6312573417695142;999,4.37667563876451;778,0.6581114176601778;636,2.508673297875606;918,1.3837255200743217;131,1.8124064266616609;537,5.2945699872446195
322,0;474,0.7359774188350036;427,0.9907234176921619
948,0;570,2.279573928672143
172,0;326,1.1084143661869044;382,0.6331071491178704;364,2.1912383866570257;295,2.752099631130521;343,3.025702367474144;827,7.005091078508256;709,5.017097978571442;912,3.164131501356051
594,0;405,1.1981306067291162
605,0;85,2.3748118184994964
172,0;382,0.16089820291753526;869,1.873440363135588;1012,2.1277227496897173;691,2.4854897666799602;972,3.0467508705253037;516,2.6804812098558;405,2.6753143629016174;1005,3.9355249926847367;246,5.230997349585353;65,9.793671715256203;1001,5.52164780985818
403,0;358,0.6620709922546499;153,1.2190259713736489
384,0;26,3.866798208584077;677,3.9843459461873563;439,4.809466734461669;443,7.171509813077773;647,4.816899299172207;304,5.095194994058268;792,8.24286349874054;195,4.886846578380317;668,6.142894612584775;578,6.641467262713764;515,8.712214183243413;523,10.416135618566322;609,11.463997662191542
372,0;783,0.8763966070310915;499,0.4129234707531759;119,2.488453256993811;488,2.432042427313392;433,2.873832428190785;830,3.661648048330839;141,2.490798047876844;540,2.806601974754857;955,2.851005247572151;639,3.5304233423200917;797,3.5398300240356226
487,0;110,0.12924017801626903
53,0;856,0.21358452315793786;835,1.0975675634150088
270,0;219,0.8157273800657038
154,0;481,0.9150210512387473
555,0;626,2.3203908674044147
493,0;799,1.9409330142988732;352,2.59137116121934;117,3.479019183124828;376,5.490359535724421;45,2.7748075027921204;801,3.9787035697114694;397,4.003340032996755;948,6.772259006994089;697,6.0898287663306885;664,6.196410795103819;193,6.570476759151884;1,6.352192124319022;906,6.685800904437769;456,7.1337555560272;570,6.8926266587288305
458,0;124,0.3619103301505144;797,1.4311076579670077
805,0;970,1.159151960885709;657,1.0334857421261496
704,0;600,3.0722676025664284
3,0;151,0.49191912002655397;671,3.8598312973747886
703,0;477,0.15089414401839654;411,0.3416049910662616
815,0;309,0.057194099378999816
887,0;566,2.1234544026038527;989,4.284418522765985;271,3.1421893291320044;206,2.8036124047020428
545,0;83,1.2129170499575812
412,0;943,0.5896817963778336
546,0;817,1.3289837003223657;175,1.4377186872633216
4,0;795,1.0981470260701542;291,1.1906386381099472
25,0;772,1.60254582390719;698,0.26906694136081905
387,0;1000,0.39869069190025386
866,0;881,0.2883692281425993;845,0.5084255586392616;822,0.8793159878628836
279,0;781,0.554929286272189;103,0.6507476703785021;51,0.9179997793599917;965,0.9230371417030151
760,0;513,0.28760783668975837;196,2.370555696797051;747,3.142217922879921
106,0;422,1.2683349309512992
351,0;281,0.8877433644242082
251,0;122,0.38701085232598514;884,0.5402903400093408
655,0;338,0.20392491644228364;498,0.0485458549287414;917,0.905081849801856
761,0;22,0.08210856159731679
420,0;58,1.9591718266278606;727,2.868752705570923;189,2.042050309516554
986,0;861,0.3298746209921958;136,0.6281304220165765
395,0;665,1.5680975567059772;745,0.5441991016514148;656,2.6361709056308045;642,0.7893728739179088;198,4.192868125856689;710,2.415885074110456;725,4.339843740156877;31,4.399088685415086
156,0;255,1.0528682345405083;322,2.5163942235196295;474,3.514657471386564;427,4.626437543486479;935,3.6818413836119435;1002,3.9246160018986487;377,4.959608618541043;571,8.090040746675552;315,9.903694301148441
800,0;1013,0.8876146678581732;425,2.7025825272646284
261,0;991,0.19070175433423375;1,0.7498067475924173;24,0.5722575403839347;493,0.9965605575990139;810,0.6916684484806938;73,1.272061577532368;799,1.5630859354283193;954,1.3579276851541013;825,4.947323931356285;896,2.21401518997291;311,2.4557213702192717;869,4.659192674735321;1012,7.9086316586478524;554,5.363226608293578;691,7.94879992898108;972,15.474109506916703;888,8.294363634073697;516,9.196729295265035;947,8.391725051611026
342,0;528,1.1614090904908598;468,1.639120344001613
204,0;125,1.0352610314860573;986,1.097326435548524;861,3.764939284591499
469,0;160,0.43316327408859034
952,0;596,1.7145127487698852;672,0.09957688357881048
826,0;341,0.7157662825103233;278,0.27360148831778625;500,1.4503072173783051;260,2.1973242708735397
658,0;868,0.5294149630303973
62,0;710,0.7043941827798775;965,0.7210596413537436;725,4.736243427842437;422,0.7798807695664282;638,1.898193303129426;31,5.857878917343996;16,7.057016181262442
244,0;185,2.3628392856318507;639,2.8679225825002637
196,0;747,0.4930833292918207;864,0.3401142620722116;373,0.5231997727676032;141,1.2070695118395736;19,1.0241407339643067
224,0;664,3.229417403752176
547,0;157,3.759668142159399
531,0;898,0.6580957595549007;62,0.9097928873792218;2,2.382419454869401;352,2.7690470660242665;710,0.9849259073587636;620,1.4612404983655092;965,2.643726162882058;725,1.286386327301131;31,2.0268635510912785;680,2.057281693979834;744,2.8749701907294294;422,2.9015904062332196;117,2.9006059700882365;438,3.4764157265369526;45,2.8306903580134706;801,2.8382829978921187;948,3.537469448121096;977,3.041733861558887
328,0;404,0.8430794381231401
172,0;326,1.3423284330951972
611,0;895,0.664410926377155
758,0;484,1.3340862011477057;445,0.1473563765197538;809,0.8443347660434335;297,0.8555093545300569;497,1.6985976041479305;875,2.093288911917752;826,2.273243216361988;162,2.4169502133622687;341,3.028640821977637;278,2.9888148936779286;559,4.064399329801615;743,3.064744203770215;565,5.0074664350530735;955,2.6837239562828867;240,2.8624867735179715;964,4.312240660375485;684,3.0678501051937466;853,3.825899738734024;738,3.953239009190365;979,5.497132093288473;918,6.3475451468278195;461,4.088166403782037;811,6.277626832774017;734,5.010306352605701;501,4.206159156376973;37,4.486742002782348;795,4.68040761014887;845,4.552477007907771;628,5.729936908971809;531,5.001618443973763;291,5.8223741803449975;600,5.339978940231241;561,6.100855765918329;898,8.129776885281508;813,5.174953721369315;731,5.711968461425749;515,6.224573865810153
50,0;876,1.6260797030570806
336,0;1,0.049148148035610975;971,0.23146941359683473;225,4.503718450028915;857,4.800758625421841;636,5.593453796124976
845,0;531,0.15665283297766747;62,1.55992711315076;597,1.8584861233444898;620,4.564022391501793;650,5.468211814496829
153,0;100,3.034939493316512
679,0;789,1.1740071492015989;539,1.5414084346780943;587,2.1497550055233923;983,4.097912277037631;616,3.282265983860477;405,5.561987236575905;668,8.191660919870307;1005,7.282567636959691
971,0;225,0.6436301229699644;857,0.9190865957324452
319,0;893,2.216393278094257
104,0;20,0.4279739445537249;29,0.6938643192168663;328,1.2691257273049898;580,0.9917406832356069
969,0;476,4.38407451913903;390,0.4747460832474344
196,0;747,0.3036382451583975;727,0.17982704600183344;513,1.6184062145206286;373,5.874373006593274
446,0;359,0.31070448711371734;974,0.5768546393713717;892,0.9422764187107212;512,1.3282050795073244;479,3.9579669434554603;647,1.431208640017568;330,1.6225262727586194;486,2.2469921731159195;728,3.0967724721269128;611,2.367157833059699;195,1.6557974420953976;983,1.8132623156968977;735,3.1192468446878827;906,5.020186631177879;187,2.787974578735674;375,1.9476769410827757;405,4.501635773910981;61,2.2442514100992415;780,2.142200845699936;416,3.742827536797334;2,3.9159947213363084;562,2.7341692572927623;67,4.427680293464172;918,3.3380331497797493;314,5.4198107604512025;878,5.685141301183781;447,6.2659499660270255;668,5.429871791536595;1005,7.799116605561586;578,5.493167552748507;356,9.226765230999375;256,9.31802440092648;618,10.030496574757509
682,0;999,1.213811795907263
347,0;534,1.6027728351618842;396,0.14797371126907158;514,0.25048871862033756
767,0;533,0.6009599659820951;635,0.6640934097124741;62,1.051885055862277
941,0;658,0.22399580469879515;868,1.919999439050834
417,0;285,4.069886438815689
986,0;861,1.1961700008478382;136,3.2339562001123934;72,3.770685978936186;169,4.684349872100727;249,4.903861042797028;806,5.0299726995484235;322,6.012375894527415;578,5.476314027420425;474,12.16089105785775
382,0;869,0.6489094173682799
161,0;170,0.395217818783821
99,0;550,0.01867967747580627;318,1.3407070090127218;174,2.2233843141606364;570,2.889230130979057;578,3.2070365625373087;49,3.82716678438267;485,3.8559138215354096;762,4.427007139634265;475,6.891639142092963
186,0;978,2.2015234397909698
636,0;847,0.9027066621128861;704,1.098741528053308;65,2.1855325977175175;600,2.937808726074305
546,0;817,2.773400452878529;175,2.944001690161727
640,0;658,0.06909414877421914;555,1.259434814313275;868,0.5658412177702346;626,1.3718205070140308
199,0;60,0.35267990311473957;319,0.9587224141468923;282,2.8718758184520494;893,2.372059384172815;19,2.8098616706394863
32,0;171,2.5634613826901425;392,5.5155434272817825;226,5.963714500582756;725,6.253563136421146;825,6.938173008813938;31,7.521463911013459
336,0;1,1.6356316188680466;735,2.2399882007014043;512,3.195229496130127;728,5.406071844998724
988,0;523,0.6946396740172367
105,0;721,0.2532968257547399
262,0;120,2.6806282806567285;651,2.7515121883793223;181,3.4343802987217993;399,5.3446910379624075
742,0;520,1.3299151318638807;589,0.8817383559386534;700,1.6360680954214435
237,0;731,0.9993698350620189
891,0;589,0.379987784165469;835,1.3946441647690777
601,0;564,1.4199391280223588;775,2.0387713796561213
648,0;536,0.5654566892842927;152,0.05718720021485473;394,1.0602919178660377;325,3.4946425784703825;658,3.5716206883488666;885,4.050986503623895;393,3.7519953946608764;526,6.6024986005681185;868,4.172655584256391;694,6.195352561527858;1005,6.24624045003672;622,7.822571058715165;65,6.5993040634973745;356,6.308936091207408
32,0;171,0.6157049020562885
41,0;839,0.11606587618217219;37,1.8610059438029358;845,4.9098329794792015
396,0;797,1.044082395433987;535,1.5894074500812467;670,1.769469521268962
915,0;319,0.7924701179652971;332,0.6670788781603999;991,3.601839437283681;234,1.0828759687562715;19,2.008949091402825;888,1.709012486735476;78,1.633943177431222;876,2.8840672015631856;696,2.0054423086607747;841,1.880518848356445;494,2.1955648721607064;24,3.7401801593950426;493,3.629891303020102;552,3.7804180634470965
237,0;1016,0.028056018257793868;398,0.2072160850953453;193,0.2815264867960385;456,0.5937530757518256
261,0;1,2.9905229272465355
826,0;341,0.5578888249029007;278,0.22768691448474726;964,0.6086684171923245
740,0;729,1.063323839949672;146,1.5239208196462384;443,3.3441074982980807;202,2.3247357439294625;161,2.1798433408522007;170,4.579301256095793;900,5.20662568755774;812,5.191529458213576;81,7.217387361679096;409,7.872938399030785
770,0;102,1.2280712332123591
531,0;561,3.060646486414641;247,3.115663815300886
993,0;328,2.7285931307347937;721,4.810287007651299;404,3.149484898882932;831,3.440891185521706;93,5.110891391237987;893,4.166080034006111;581,6.82188975659459;24,5.605110435398517;305,7.678897605942865;810,7.457665099654944;73,10.841041020342038;896,7.268181719671332;78,9.416473136469437;696,9.587146945005045;841,9.534636575565226;494,9.876878436320364
155,0;398,0.001093936375641442
699,0;795,0.051809488479799055
762,0;475,0.14389041301690556;995,0.8769119515201059
614,0;79,1.3817658324436262;241,0.08536747615944706;365,1.814479357133708;715,0.4437997623961399;274,0.5669178645769664;996,2.1091253623265622;991,0.7144103786911147;971,2.2272614136265023;851,2.3352602801195332;24,1.3855658823444754;493,2.38174501757329;636,2.7187423625446194;225,4.332795595985658;174,5.577073451348302;954,4.437463120609129;847,5.109196528705302;825,5.292157971602834;896,7.685396259275118;344,4.849807036396651;903,5.200464561437214;704,5.4068554301940654;594,7.5828821592582685;554,14.967460139441904;189,5.839459156801919;790,5.657517830413648;734,6.226666664414874;619,7.363029298547467;295,6.6543487830452985;813,6.34208501517809;731,9.947557410081318;709,7.266758548044841;308,7.449733095184828;824,8.099365095304917;405,9.700666954424566;668,10.011408366254413;798,10.175100506572162;578,11.925048161141241;373,11.581732361874296;339,10.775970861243309;39,10.931138086854332;630,11.624962683938115;49,12.986308418882285;485,13.37118420859345
435,0;133,0.7503960001680798;234,0.7372416499499789;285,0.7223953796954616;888,4.231271547790298;78,0.8494965735068715;190,1.6725769610131973;384,0.7714891390713516;696,1.3401172536675903
129,0;745,3.1853239758625222;510,4.173537328473382;478,5.141825286679286;805,6.534978775812396;605,7.647045936804648;970,9.622055700122068;657,8.435540573056663;85,7.821053950666024
523,0;609,0.45977079808323806
840,0;139,2.826925226799637
52,0;654,0.7733992078731785;469,0.8707487966266999;825,2.9276371782851887;283,1.311555783879177;594,4.20344794978565;554,3.351193996020179;405,5.019346216489738;1005,5.517773312223347;65,5.617167408843362;356,8.171451805045015;221,9.591169220929674;256,11.834473711828327;86,9.602244966576013;975,10.521597354767206;18,10.107693348867096
111,0;167,0.6375985129698175;672,1.4752917518865958
185,0;639,1.1410291969670379
367,0;644,0.30534648026262134;560,0.3098277713642045
539,0;983,0.23892082892562833;405,1.3840863401035275;668,5.8032387209471485;1005,2.0728579840246337;65,3.724102074393964;356,2.274312851189554;86,3.807920221576667;18,4.3270736750086805;578,6.280484116842402
910,0;313,4.264724966337548;594,4.303697593053003;405,7.888635168636489;1005,8.058070162090983;356,8.175908663691882;221,9.34068524923386;256,8.883050009823585;86,8.491541239138316;618,9.256465532593557;195,10.639591886059911
992,0;912,0.04187306118448583;792,0.12365752635568955;1009,1.2030625074544676;515,1.9626754977473013
304,0;668,0.7188454642985119;578,2.640006956056694
149,0;605,0.8863663211580312
383,0;893,0.7006267470262528
307,0;508,0.18886989465833198;337,0.4266621202454438;293,2.4691375330557075;811,0.33774829447153487;840,5.382104719209266;686,3.195709270953125
13,0;103,0.31317287263960214
488,0;433,0.49991349745627534;830,0.9843937866080615;574,1.7476129295118277
403,0;812,0.5523640915099801;81,1.1160857434644158;375,3.1013006698403958;780,3.8432310970914854
877,0;230,1.798212714577748
81,0;240,0.5848107810871305;131,1.6436136774390944
992,0;912,1.6440044159541924;792,2.1953372706670544;523,2.7168810011426126
751,0;973,1.1928707230900464;443,0.32596388733461945;812,0.6381951811780341;81,1.2227518097604972;400,1.300654088863895;249,2.4835711453682485;375,1.8002287874774368;470,1.5823192411452887;430,4.883919699579058;157,3.192563207069517;780,2.0342260768454477;913,1.9402146111960918;429,2.2060719457022753;209,2.1086163615495925;498,3.010452374367082;123,2.306946944687264;394,2.4093889085582694;416,2.9364038044709453;22,4.716154304413328;775,2.456913717289547;782,2.3878486095510714;999,2.5931019338094474;142,2.940796710502238;21,2.9700815766899753;322,3.270558988594461;616,3.86510913604199;902,3.4068158932574826;917,4.556465261455635;670,3.256775737609488;92,4.453955062275361;223,5.600039372014111;474,4.722355789460128;576,3.929581122519333;292,6.2322673344288395;279,6.539315831420536
42,0;210,0.1250259617509309;833,0.00792400161143245;159,0.20016180390428584;972,0.7519542812527422;835,0.5574531540384081;48,0.22305861346927314;840,0.2383990364928361;624,2.818276338453944;20,1.4494750686661477;29,2.0446809353007502;580,3.742971782547255;814,3.037579555116031
466,0;501,0.6597590961447112;708,0.7765358101783375;1002,1.6014256132547877;327,0.8268394336678714;225,1.5355683077002902;629,3.228500296624774;192,1.8348898600145673;460,1.7361854421107934;157,3.3325532324245577
173,0;761,2.3187928659675103;236,2.1916500808244757;975,3.400851944439988;189,2.3244846928997083;22,3.4037474717016125;297,2.559377850298383;726,5.137359785213004;619,2.8171610482779172;259,3.183785870533785;861,3.936840280753529
632,0;828,0.1917678737941064
836,0;292,0.6080412977190424;802,0.8135121210992181;399,0.35912467839470297;130,0.5627492148732405;20,0.5881655151609492;29,4.130801317552757;328,0.8666556881786698;264,0.8772209931444689;112,1.1365810289119906;721,0.8917356720078198;404,1.8186829671724523;58,0.9883472016013666;998,2.5018940360066786;189,2.7403212988291976;907,4.293724237900273;619,3.418456239613318;295,3.2422356300107453;343,3.7253944622957973;858,3.3248774572841406;912,4.134848506678965;580,4.431617092705882;852,5.174378726125864;792,5.362626163075407;1009,5.694229450052296;572,5.568572436986967;515,6.163982025486044;149,6.342810696165421;864,6.954962404504542;365,5.81185407759067;510,6.469033774607046
434,0;166,0.31771920836506995
300,0;207,1.2310994917168998
123,0;782,0.445337990181034;999,0.941958874009324
26,0;677,2.342330750305328;439,0.2452281923692073;848,1.8159326743697264;792,2.4905307546108144;751,5.050534222458956;637,3.1793279420900267;443,3.634374276748341;336,3.224106910802347;1,4.087088702721877;900,7.1117067304714485;812,4.412875389700455;735,4.172387499797466;512,4.502826879466512;81,4.564247658887662;400,5.1933640893296;728,5.799151488163957;611,4.9403346550140235;470,5.289195109408114;157,6.251027513946427;1003,8.847991088187616;92,6.268336090325174;612,8.996864429748657
473,0;203,1.8336090605206836
32,0;693,0.21705061608215645;269,3.7373563167684005
539,0;702,1.5165252154274491;428,0.11467348245305671;983,0.7739534808778329;240,4.761264194946658;187,0.3223626605207013;918,0.37942067479111746;405,0.8268283114655951;668,2.2574913619121553;427,2.651231377454808;421,1.9202392479816708;797,2.6391891769382543;740,2.9856237071611447;729,8.045758954776266;131,4.891564493481286;146,8.06757306226178;202,9.138344988641531
629,0;157,2.984619048307413;670,3.5262595605471905;223,5.6468484103766885
776,0;606,1.6318832309537712;298,2.8294081277506864
648,0;536,0.2606307807719275;152,1.170721962920117;394,1.1896250572424432;292,1.2513162152593644;325,2.704060492443607;658,3.023560808534639;393,2.877831822044901;526,5.980890443870899;868,3.314459835865052;867,3.422895175808016;834,6.26008969915336;876,7.522768615790876;729,6.566994674425588;45,6.714522895071008;146,6.66359964746833;161,7.391537576354358;801,7.0057766073142895;170,7.868314402916527
954,0;344,1.7650576791907149
549,0;256,0.06165510251800628;618,0.5396613464059961;195,0.6916950590022168
816,0;85,0.05085758466470617
852,0;572,0.2110942261380203;513,1.35518506252575;789,2.788595923964569
373,0;19,1.6473603100535184
607,0;458,0.10772504153878391;267,0.20137378628923727;124,0.8895501708903397;835,0.8865016668287232;270,1.0913429670229784;582,1.2920425983339483
807,0;915,0.954089336020909;959,1.7998222532036596;332,1.9089302026954158;507,2.3465613593666794;435,2.7327906150096752;234,2.8034868725814808;888,3.926565751571709;78,2.92825165183397;876,3.6397899816833768;780,3.309167576218072;696,4.9208046261412814;841,3.1059967509182798;494,4.884835775350192;947,3.9854505970938607;738,7.736260625891485;58,7.979430226321168;811,7.87232441201633;778,8.492715559667008;727,8.459413134252147;189,8.081319208909006
167,0;38,1.119295942112406
213,0;162,1.1273834723254772;852,0.814328736775859;572,0.8311311264165925;149,1.1660193935597902;513,2.5332713891783003;282,3.3166050538506417;743,2.851536674766789;565,1.19824600098867;955,2.390020053001864;240,1.7898115384820366;510,2.138180745319608;605,1.7771455118967223;131,6.050019856767388;478,3.6879535714129146;484,4.926032303671034;875,7.180246101762286;82,4.976480907497504;633,5.941730771198884;458,6.2223417775172445;448,7.071425335776833;797,6.47728417513454;675,7.684930985205909;727,10.845078369200005;531,8.073647131246917;561,9.070517508093888;443,9.233356539838029;900,9.395249637615793;409,9.994971998358444
71,0;247,0.4002048853587513
997,0;591,0.08273077215165175;588,1.4690972185775655
912,0;1009,0.3923642091538446;864,2.1112209169089375;4,2.50452951041288
304,0;668,4.738651107572449
729,0;443,0.33648503985659833;900,2.2715362275044475;812,3.3093045420806164;409,2.668708524690972
998,0;447,1.567945543805266;907,0.42112373488961546
571,0;315,0.4958186571615015
394,0;325,0.76058236889558;658,1.2654019784182944;69,1.3793548084633884;868,1.683275902520874;867,1.9382162805325158;449,1.680929424841122;451,5.136356050538594;276,2.7192606223689735
607,0;458,1.7648279489416028;124,3.5206834578256934;582,4.001098229342186
93,0;24,0.8676346392096548;73,1.6893797755381943
691,0;405,1.5478242985138202;668,2.6829257640998065;798,2.2758910434267983;1005,3.6965055509194658;373,2.8647116580950307;339,3.0348023461484654;356,5.874254770808254;221,7.658604423843577;256,7.089754224348567;975,10.62674375324844;861,12.16704570162442
264,0;58,1.3165855048407613;998,3.043357705699612;67,2.034494318217937;189,1.7372865514354583;619,2.056021769690569;295,1.8091333345879823;343,1.9495945513739605;858,2.948056760228496;827,2.8494277632239076;709,3.796831567498579;912,2.409618397003438;1009,5.103787678629018;580,4.303609896029757;308,4.637835612491041;864,5.156709696156409;4,5.183367823373526;795,6.602494197737734
0,0;154,0.3760530004974168;1003,1.254500577469518;612,4.581823628001412
354,0;822,0.31253482351047646
237,0;1016,1.5299992417095665;731,0.07046984319832322
563,0;814,0.5528999654508153
931,0;364,0.12551565878466242
394,0;325,0.9206039969649947;885,1.6305289486027397;393,1.2459218305962843;526,1.5564373114700294;410,1.7059754964984155;267,2.528399682611285;224,1.6696644449093474;835,2.543684088821892;270,2.935288681833192
211,0;990,2.893764542321974;460,3.1622752633951423;869,4.056321264673661;1012,6.249710271797694
975,0;861,3.233063704626086;524,0.2680645084197012
13,0;103,0.10991909589559978
804,0;103,0.4455438664689188;224,1.0236906628825884
402,0;956,0.8660788515168034;846,2.9162768774318577;356,2.14513562486058;86,2.204023394453611;18,2.7340997827886193
730,0;608,2.410053010355105;77,2.8849484897656636;973,4.161618379211601;249,7.430528870819301;1010,4.453949867958564;483,5.608365107539234;322,7.843565725391268;616,7.7780718069372075;576,8.22892712003348;474,8.0527113480501
441,0;189,0.6482520215062085;335,0.027629301546080415;256,0.33207801771936046;734,0.6949109931354229;619,0.7673524101287105
292,0;279,1.6791521987990208;791,0.8301082736161879;781,1.7033748709653576
892,0;486,0.04132710101745471;2,0.7660627189166778;562,0.6734375674730063;509,0.6773602818863446;644,2.772859438106654;744,2.237180379192502;977,2.7596389220960127
610,0;81,0.2390047055254102;240,1.5982393427180819
395,0;665,0.9233606778350714;656,0.31761770823344493;710,2.119441453759492;725,4.816472860174601;31,5.677629651051656;16,5.809650323031683;735,6.120552640037187
181,0;135,0.9120151863847914;399,0.6271454666169209
453,0;681,0.8257066023264286;840,0.9562836628928414;348,2.0320393536062733;650,1.2272641295736273;256,1.321551569885486;473,2.123656695320441;323,1.699640275225092;499,1.6728464176276072;937,5.130546121468155;63,1.9898548260879259;748,2.425116221048298;203,2.5813368535798276;678,2.2688621454414526;474,5.134592454743081;169,3.5603300240181235;935,5.240310132047153;898,5.427553091021987;377,7.03423094570924
431,0;416,1.741711805407106
343,0;577,0.4480692633826499;883,2.006007937565622;778,2.1811491729559447
912,0;792,0.13668526390080418;523,0.570193485901866;609,3.239090625767967
625,0;968,0.01001964056364558
318,0;174,3.145409873708642;570,4.4715081149523375;790,4.408252962683639;533,4.590393683623324;62,5.5981579909605905;620,5.764035277686897;944,5.86375698406488;430,5.965821851662793;858,6.426458493893182;580,8.687827879290042
64,0;873,0.19699380231275118;129,3.536638460341482
97,0;782,1.8515485692506681
912,0;792,0.31650261759603643;1009,0.15097427080310175;864,0.28098060618757026;365,1.6102648059994504;4,1.1462381566434312;515,0.7024075921898774
57,0;814,2.3616584579430526;896,1.0785916874701884;338,1.9081840452694059
965,0;422,1.6836713669116368;638,0.5049160170458125;172,0.7543945984011906;203,2.2365675433189063
542,0;269,0.7025554115842075
508,0;194,0.6403787141831647;811,0.16083488448406477;375,0.7005385656830817
978,0;915,0.12992780236422663;319,1.6294455323317223;332,2.2501350788945054;234,3.1085005784761894;893,2.911698546426014;19,4.691403421944161;991,2.5632133415270104;876,4.513381004168918;780,3.674472313732558;416,4.164397339348181
653,0;561,1.0250016247686555;247,1.2931926038837978
133,0;384,1.493568243194577;26,4.611094292981747
850,0;598,1.425217859991781;840,1.6720477472812358;49,1.7845828522574214;473,1.7752786049411164;572,3.612759047687896;323,2.4690049281259436;360,1.8677486317417227;974,5.658874023217477;513,3.705286204645423
714,0;160,2.1890742068091074;708,2.233391322667235;871,2.731152543184904;29,2.8190347042063575
153,0;100,0.6108909475974008;629,1.5487444011425242;157,1.925197577886547;670,2.889180062000146;223,4.565073561615959;292,8.30883861930004;279,10.908934984004693;791,9.420530187836793;781,11.153044336090753;103,12.468915868345675
840,0;473,2.056102895465363;572,1.2063041372245127;139,0.1356363435533301;323,0.05257446329250475;974,1.0176060903142912;63,0.09062085805349893;194,0.22757320875856804;647,2.199414868363902;513,1.949610883821907;282,2.3753278862377765;203,4.797712933996397;678,4.239789387452877;360,4.519344866556991;474,5.317957163859871;350,6.201091345925439;427,6.220100347519068
697,0;1,0.3934698259115602;906,1.2027870151419318;592,2.2143416488081717;304,2.6511385073745646;668,2.934579470304976;578,3.3563473224975593
525,0;984,0.31265185258955874;881,2.5544370397723983;515,0.9935180883935584;822,2.7043054348673707
568,0;987,0.023589843211853194;382,1.0847096261422942;331,0.43548293634076707;869,2.5436741204035505
827,0;485,0.5934039828037635;318,1.660590332854214;762,2.1457681172822833;475,4.876585761697394;995,5.211355033343258
375,0;780,1.756991162104124
759,0;20,0.6379484916757209;29,1.290474345472226;328,1.3995479673864601;721,1.4988483820454794
864,0;36,0.8643279242645961;238,0.9867250316403041;611,1.2930826851227835
10,0;73,1.080166276107745
483,0;979,0.27244128890975466
441,0;335,0.4217346170899785;290,2.3147011519135043;822,3.745901375453711
511,0;291,0.45796761031127914
816,0;768,0.24326237628610345;971,3.4409854839181144;225,4.105965800611433
607,0;458,0.7355324379011785;267,1.3992929563155203;124,1.114571636174471;582,2.1655999819359772;835,1.7577826947410502;270,3.5564967712973496;219,4.346417448859427
274,0;991,0.10420417860587401;971,0.7590913992746144;851,2.04840169190368;24,0.5734500689267212;810,1.8235488340516444
858,0;580,2.6652494514788634
34,0;539,0.9068120737242311;983,1.2002131521515673;61,2.0381668448592243
705,0;424,1.7707877088611519
50,0;876,0.3338603464738875
717,0;238,0.9969010998880352;611,2.0531979339522097;895,3.036202519114177
30,0;546,0.6458094394899135;817,0.7545842925077101;788,3.4321646550707725;705,4.662397800273363;424,6.583574358982385;66,6.599846678396297;572,7.660795489037648;149,9.148022194887519;513,9.436400925364437;789,8.932124727284041;605,12.082412368854227;85,12.173374454550896
490,0;530,1.4452829620020877;745,0.3908338176316641;642,0.6965369961147919;198,0.933025386936911;916,1.879972100181475;871,1.5290763556495484;721,2.5227763983797393;581,2.587151131908074
379,0;474,1.1031018286363787;427,1.2136646990497864;935,3.305605328023515;740,1.9314577130853925;898,4.289305904268579;377,4.329235898201896;571,5.89485339693015
459,0;413,1.2847269505947005;994,1.3909480164260946
467,0;554,0.05127307811432051
940,0;6,1.4242893509738397
