0,0
1,1
2,2
3,3
4,4
5,5
6,6
7,7
8,8
9,9
10,10
11,11
12,12
13,13
14,14
15,15
16,16
17,17
18,18
19,19
20,20
21,21
22,22
23,23
24,24
25,25
26,26
27,27
28,28
29,29
30,30
31,31
32,32
33,33
34,34
35,35
36,36
37,37
38,38
39,39
40,40
41,41
42,42
43,43
44,44
45,45
46,46
47,47
48,48
49,49
50,50
51,51
52,52
53,53
54,54
55,55
56,56
57,57
58,58
59,59
60,60
61,61
62,62
63,63
64,64
65,65
66,66
67,67
68,68
69,69
70,70
71,71
72,72
73,73
74,74
75,75
76,76
77,77
78,78
79,79
80,80
81,81
82,82
83,83
84,84
85,85
86,86
87,87
88,88
89,89
90,90
91,91
92,92
93,93
94,94
95,95
96,96
97,97
98,98
99,99
100,100
101,101
102,102
103,103
104,104
105,105
106,106
107,107
108,108
109,109
110,110
111,111
112,112
113,113
114,114
115,115
116,116
117,117
118,118
119,119
120,120
121,121
122,122
123,123
124,124
125,125
126,126
127,127
128,128
129,129
130,130
131,131
132,132
133,133
134,134
135,135
136,136
137,137
138,138
139,139
140,140
141,141
142,142
143,143
144,144
145,145
146,146
147,147
148,148
149,149
150,150
151,151
152,152
153,153
154,154
155,155
156,156
157,157
158,158
159,159
160,160
161,161
162,162
163,163
164,164
165,165
166,166
167,167
168,168
169,169
170,170
171,171
172,172
173,173
174,174
175,175
176,176
177,177
178,178
179,179
180,180
181,181
182,182
183,183
184,184
185,185
186,186
187,187
188,188
189,189
190,190
191,191
192,192
193,193
194,194
195,195
196,196
197,197
198,198
199,199
200,200
201,201
202,202
203,203
204,204
205,205
206,206
207,207
208,208
209,209
210,210
211,211
212,212
213,213
214,214
215,215
216,216
217,217
218,218
219,219
220,220
221,221
222,222
223,223
224,224
225,225
226,226
227,227
228,228
229,229
230,230
231,231
232,232
233,233
234,234
235,235
236,236
237,237
238,238
239,239
240,240
241,241
242,242
243,243
244,244
245,245
246,246
247,247
248,248
249,249
250,250
251,251
252,252
253,253
254,254
255,255
256,256
257,257
258,258
259,259
260,260
261,261
262,262
263,263
264,264
265,265
266,266
267,267
268,268
269,269
270,270
271,271
272,272
273,273
274,274
275,275
276,276
277,277
278,278
279,279
280,280
281,281
282,282
283,283
284,284
285,285
286,286
287,287
288,288
289,289
290,290
291,291
292,292
293,293
294,294
295,295
296,296
297,297
298,298
299,299
300,300
301,301
302,302
303,303
304,304
305,305
306,306
307,307
308,308
309,309
310,310
311,311
312,312
313,313
314,314
315,315
316,316
317,317
318,318
319,319
320,320
321,321
322,322
323,323
324,324
325,325
326,326
327,327
328,328
329,329
330,330
331,331
332,332
333,333
334,334
335,335
336,336
337,337
338,338
339,339
340,340
341,341
342,342
343,343
344,344
345,345
346,346
347,347
348,348
349,349
350,350
351,351
352,352
353,353
354,354
355,355
356,356
357,357
358,358
359,359
360,360
361,361
362,362
363,363
364,364
365,365
366,366
367,367
368,368
369,369
370,370
371,371
372,372
373,373
374,374
375,375
376,376
377,377
378,378
379,379
380,380
381,381
382,382
383,383
384,384
385,385
386,386
387,387
388,388
389,389
390,390
391,391
392,392
393,393
394,394
395,395
396,396
397,397
398,398
399,399
400,400
401,401
402,402
403,403
404,404
405,405
406,406
407,407
408,408
409,409
410,410
411,411
412,412
413,413
414,414
415,415
416,416
417,417
418,418
419,419
420,420
421,421
422,422
423,423
424,424
425,425
426,426
427,427
428,428
429,429
430,430
431,431
432,432
433,433
434,434
435,435
436,436
437,437
438,438
439,439
440,440
441,441
442,442
443,443
444,444
445,445
446,446
447,447
448,448
449,449
450,450
451,451
452,452
453,453
454,454
455,455
456,456
457,457
458,458
459,459
460,460
461,461
462,462
463,463
464,464
465,465
466,466
467,467
468,468
469,469
470,470
471,471
472,472
473,473
474,474
475,475
476,476
477,477
478,478
479,479
480,480
481,481
482,482
483,483
484,484
485,485
486,486
487,487
488,488
489,489
490,490
491,491
492,492
493,493
494,494
495,495
496,496
497,497
498,498
499,499
500,500
501,501
502,502
503,503
504,504
505,505
506,506
507,507
508,508
509,509
510,510
511,511
512,512
513,513
514,514
515,515
516,516
517,517
518,518
519,519
520,520
521,521
522,522
523,523
524,524
525,525
526,526
527,527
528,528
529,529
530,530
531,531
532,532
533,533
534,534
535,535
536,536
537,537
538,538
539,539
540,540
541,541
542,542
543,543
544,544
545,545
546,546
547,547
548,548
549,549
550,550
551,551
552,552
553,553
554,554
555,555
556,556
557,557
558,558
559,559
560,560
561,561
562,562
563,563
564,564
565,565
566,566
567,567
568,568
569,569
570,570
571,571
572,572
573,573
574,574
575,575
576,576
577,577
578,578
579,579
580,580
581,581
582,582
583,583
584,584
585,585
586,586
587,587
588,588
589,589
590,590
591,591
592,592
593,593
594,594
595,595
596,596
597,597
598,598
599,599
600,600
601,601
602,602
603,603
604,604
605,605
606,606
607,607
608,608
609,609
610,610
611,611
612,612
613,613
614,614
615,615
616,616
617,617
618,618
619,619
620,620
621,621
622,622
623,623
624,624
625,625
626,626
627,627
628,628
629,629
630,630
631,631
632,632
633,633
634,634
635,635
636,636
637,637
638,638
639,639
640,640
641,641
642,642
643,643
644,644
645,645
646,646
647,647
648,648
649,649
650,650
651,651
652,652
653,653
654,654
655,655
656,656
657,657
658,658
659,659
660,660
661,661
662,662
663,663
664,664
665,665
666,666
667,667
668,668
669,669
670,670
671,671
672,672
673,673
674,674
675,675
676,676
677,677
678,678
679,679
680,680
681,681
682,682
683,683
684,684
685,685
686,686
687,687
688,688
689,689
690,690
691,691
692,692
693,693
694,694
695,695
696,696
697,697
698,698
699,699
700,700
701,701
702,702
703,703
704,704
705,705
706,706
707,707
708,708
709,709
710,710
711,711
712,712
713,713
714,714
715,715
716,716
717,717
718,718
719,719
720,720
721,721
722,722
723,723
724,724
725,725
726,726
727,727
728,728
729,729
730,730
731,731
732,732
733,733
734,734
735,735
736,736
737,737
738,738
739,739
740,740
741,741
742,742
743,743
744,744
745,745
746,746
747,747
748,748
749,749
750,750
751,751
752,752
753,753
754,754
755,755
756,756
757,757
758,758
759,759
760,760
761,761
762,762
763,763
764,764
765,765
766,766
767,767
768,768
769,769
770,770
771,771
772,772
773,773
774,774
775,775
776,776
777,777
778,778
779,779
780,780
781,781
782,782
783,783
784,784
785,785
786,786
787,787
788,788
789,789
790,790
791,791
792,792
793,793
794,794
795,795
796,796
797,797
798,798
799,799
800,800
801,801
802,802
803,803
804,804
805,805
806,806
807,807
808,808
809,809
810,810
811,811
812,812
813,813
814,814
815,815
816,816
817,817
818,818
819,819
820,820
821,821
822,822
823,823
824,824
825,825
826,826
827,827
828,828
829,829
830,830
831,831
832,832
833,833
834,834
835,835
836,836
837,837
838,838
839,839
840,840
841,841
842,842
843,843
844,844
845,845
846,846
847,847
848,848
849,849
850,850
851,851
852,852
853,853
854,854
855,855
856,856
857,857
858,858
859,859
860,860
861,861
862,862
863,863
864,864
865,865
866,866
867,867
868,868
869,869
870,870
871,871
872,872
873,873
874,874
875,875
876,876
877,877
878,878
879,879
880,880
881,881
882,882
883,883
884,884
885,885
886,886
887,887
888,888
889,889
890,890
891,891
892,892
893,893
894,894
895,895
896,896
897,897
898,898
899,899
900,900
901,901
902,902
903,903
904,904
905,905
906,906
907,907
908,908
909,909
910,910
911,911
912,912
913,913
914,914
915,915
916,916
917,917
918,918
919,919
920,920
921,921
922,922
923,923
924,924
925,925
926,926
927,927
928,928
929,929
930,930
931,931
932,932
933,933
934,934
935,935
936,936
937,937
938,938
939,939
940,940
941,941
942,942
943,943
944,944
945,945
946,946
947,947
948,948
949,949
950,950
951,951
952,952
953,953
954,954
955,955
956,956
957,957
958,958
959,959
960,960
961,961
962,962
963,963
964,964
965,965
966,966
967,967
968,968
969,969
970,970
971,971
972,972
973,973
974,974
975,975
976,976
977,977
978,978
979,979
980,980
981,981
982,982
983,983
984,984
985,985
986,986
987,987
988,988
989,989
990,990
991,991
992,992
993,993
994,994
995,995
996,996
997,997
998,998
999,999
1000,1000
1001,1001
1002,1002
1003,1003
1004,1004
1005,1005
1006,1006
1007,1007
1008,1008
1009,1009
1010,1010
1011,1011
1012,1012
1013,1013
1014,1014
1015,1015
1016,1016
1017,1017
1018,1018
1019,1019
1020,1020
1021,1021
1022,1022
1023,1023

424,0;66,0.24795519967075316
1005,0;356,0.8000532441890269
77,0;702,0.15369883020973293
230,0;498,1.6771627223364602
105,0;721,0.25228408386124657
439,0;647,0.34028585774945413;848,0.30792044084685627;304,3.832085905911171;866,0.4756854343002497;792,0.2813068766748327;515,1.600694580538622;523,1.4930936342682424
854,0;866,0.9599136043300484;881,1.5321410388866101
983,0;405,0.08736275339701652;1005,0.8976611100571738
50,0;876,0.4720680927568077
199,0;60,1.9103891411525333;319,1.0392757409627331
108,0;693,0.7726344216873519;120,1.037586534104939
883,0;778,0.08568619859870122
708,0;327,1.299588440986658;871,0.03890418732734298;225,2.154163286351995
816,0;768,1.0129680113646793;594,3.058090301912783
776,0;606,1.420594507683746;553,3.5158515304661995
216,0;974,0.05334533819690241;287,1.332913382719115;512,0.34989644636351;536,1.5710277981786533;588,1.6905332240207152;521,1.845022994288401;394,1.6617028079970566;292,2.3215717733801458
148,0;228,0.9956248177515419
964,0;737,3.415324448377781;313,3.8358346345925214;403,5.6845234458753096;316,5.873470428737063;679,7.898654095529064;539,8.391025547544668;702,10.364335624227206;427,10.853886196619985
660,0;386,0.4901188592729489
113,0;370,0.7325243445181057
164,0;847,0.013702514091880892;903,1.645571373182301;704,0.7184522541673819
840,0;20,0.06115028905782144;572,0.36789533755712206;139,1.065489297895998;29,0.8386559121841921;328,1.447192336016845;149,1.748661955859432;580,0.9452838556866903;852,2.1057110239967933;911,1.3020227148770802;404,3.261519022514141;510,3.256874787606648;605,2.050433639838897;85,2.3056446466261438
352,0;117,1.0739113468687447;438,0.8572150074200613;45,0.06727327211125379;801,0.6947990813716235;718,1.2158021562463772;1019,1.637492739876726;986,1.5718325287482542
304,0;668,0.41175341871941057
157,0;670,1.216567743426621
204,0;871,0.1214796848920621;125,0.9700010792562694;986,1.5155509968303438;136,1.7617713761360827;72,4.967504006280441
336,0;1,2.1559406365443565;906,4.363419403421874;592,7.300191770305068
857,0;636,4.6021665428814975
459,0;413,1.4860200701417259
951,0;353,0.1272162145880844;1,1.9872785009314606;901,0.5494662411850484;735,2.037759688594016;512,4.573730549146976;251,4.6007351385219755;122,5.584768083663683;238,7.025848235498365
616,0;576,0.6380738012598128
540,0;929,1.095946935563164;857,1.5824315890932483;636,1.9106015216454542
42,0;833,0.8599716519251799
610,0;81,0.6652361045676684;240,0.786474989430792;131,3.7426823408784355;537,4.6283005464898155
335,0;290,0.6348469577364566;986,1.6706935308271103;861,2.3112391486316084
1009,0;864,0.5531356366956642;4,1.1284460324860874
151,0;452,0.08004246166757689
663,0;500,0.22740626380309398;260,1.1034906223649255
229,0;222,1.1909661753764784
882,0;74,5.038266076881888
612,0;512,0.6467686987165164;728,0.9940097355415223;611,1.0190620549684053;251,1.003144198618502;802,1.732684926550142;264,2.2372120463939744;710,4.211419550906678;725,6.414654126570079;31,6.423346989070467;16,8.43293003610976;650,9.221740013077849;1010,10.1900327039211;735,12.480058000797438;499,10.520303770600464;483,11.129941521155358;119,10.800661444710677;540,10.880897163528608;639,12.531197085784715;929,11.63267066260332;979,13.328049370497249
110,0;433,2.1599642292935637
466,0;166,0.20786183124241087
295,0;709,0.7234317586701722;308,1.7091373554227811
103,0;224,3.0244835752223094;664,3.0933173336084145
97,0;782,0.41826727879590303
38,0;174,1.6052319101027814;570,2.335015931960873;790,3.124545529603184;578,1.732083794282491
927,0;125,0.2593154202518659;855,0.25117144173409545;107,0.445579682109534;741,0.2732192456183847;554,0.392805638196637
567,0;381,0.8992666193914395
752,0;399,0.8641863146069236
858,0;580,1.9746593760421902
994,0;516,3.6156623188112538
830,0;574,0.3055762193472726
158,0;121,0.07712219351496416;193,0.40588720267732703;456,1.8049761061376302
488,0;141,0.8902921983407307
54,0;405,0.7364606418335322;253,0.5457077953488711;668,1.0017283649030297;798,1.594676928164639;1005,1.012113313568109;356,1.952400537448372;339,1.829201532309291;39,3.110979728508769;256,2.465386296420776;630,3.4905208119189535
555,0;626,0.05577913752291248
204,0;990,0.5114331067474557;871,0.041291865095328825;29,1.7600318024809478;460,0.6014588925223067;852,1.9150850279194598
736,0;767,0.47271960429508614;533,0.9217194141789871;62,1.643141584538888;597,1.706950626447876;620,2.380358692533136
1001,0;493,0.20911070882919916;954,0.3511042705105239;825,0.8445392885998709;344,0.806832046552475;311,1.354935646508448;594,3.5839714616091825;427,1.5463458221159128;504,1.7279855365294168;840,2.297188993209284;740,3.6390115385721544;572,2.396179650117622;139,2.991700973559445;323,2.398324072442785;149,3.45714482808428;513,2.599795551381535;974,3.2115406064862855;194,4.106112620949581;914,4.742903454252845;647,5.852910681601463;405,3.7786981600177576;729,3.724604600462328;375,7.067034548942068;913,8.345092017219441;966,8.402808000375485;209,8.472281445015446;498,9.171582709764678;123,9.215019502424171
269,0;626,1.2487357220522615
826,0;341,0.032538289705644576;500,0.1995872106175007
132,0;973,0.057495316601679884;155,2.3568208261382053;398,2.6152389471411936
925,0;584,0.3247117986411531;726,2.794400690221319
186,0;563,0.07166903296289659
36,0;105,1.6138263910681714;238,0.2910239696105991;789,1.7012586254857966;721,3.6901431707216332;581,4.435336974573793;896,4.459421046135235
967,0;68,0.6129522360237297
910,0;34,0.25653907687429395;313,2.665637667291827
644,0;560,1.916209142083945
415,0;592,2.582355227568988;304,3.588789334643352;668,4.113578637774549;578,5.3275930222180605
351,0;281,0.6163818488040744
682,0;999,0.9684475336380781
527,0;733,0.21397575643842556
517,0;19,0.2790967329889703;881,0.6536097935155416;822,1.2925781930150793
147,0;962,2.3986902524117406
691,0;897,1.9812113292839963;405,0.6499312377528326;1005,0.8372252759924402;356,1.0977696444910894;221,1.676601150625709;256,1.9212864779082963;86,1.621478326068163;18,2.3830772603689763;975,1.8730796065416717;618,2.0079168423193625
406,0;559,2.8623751514719413
1001,0;493,0.37554781105213675
541,0;861,0.2863382360122475;184,0.04202249252111419
870,0;7,0.42116025967955706
539,0;702,0.08603369019801634;428,0.6216744797602123;360,0.6798882722129722;427,0.17891444172438792;421,0.9042968302239667;740,0.2526539109141084;729,2.017441355761301;240,1.6066268861653965;187,3.709490667181494;45,2.8770081279040784;801,5.875854673833732;335,6.36616008036258;750,5.898598891241009;256,8.022534525198015;290,7.340267876751765;822,9.407787641154869;618,9.307321728802465
673,0;525,0.9127982943914233;731,1.8702120699038358;618,1.5844091476638267
948,0;204,1.3705159102061684;990,1.794637207315637;871,2.4491395502554365;125,1.4606367818262813;986,2.5835134069343875;72,2.6070049697152027;385,3.441180268654749;875,3.8070817755093045;152,3.9267396976017097;675,4.528502158816203;826,3.9557256595535315;341,6.347497788931591
645,0;390,0.34299879480290413;218,3.8889264478789918
806,0;578,1.0149000652124334;49,1.3181423174969848;485,4.877684944786351;360,3.36286569822133;762,8.128450776254997
522,0;360,0.738273076845294
379,0;474,1.3986594038225515;427,1.9962899662282805;935,2.1869092325193122;740,2.480241747885842;898,2.7037829257821326;729,5.878487463901042;2,3.2044637399648956;45,6.275040102600813;443,6.665484063112582;801,6.478109219256726;397,7.693222872235989;948,6.542748106645783;750,6.5739826703995945;900,6.925281119574018;812,7.3947875730735495;409,7.412457222171385;81,7.938838299766367;240,8.318776947264379;375,10.625133427826375;913,13.671338439888997;966,14.135635635998796;209,13.998221544413598;710,16.010235718152117;775,14.309666721200811;142,15.607281942847358;515,17.722301724939836;430,15.910505180539788;725,16.5730585262091
469,0;160,0.5045317651328106;708,1.1435862496060796;327,3.2595977260296314;871,2.1301557455392635
709,0;308,5.536440148598391
475,0;995,1.9788823554590014
973,0;249,0.9208520815437304;1010,2.7065899601319887
948,0;204,0.5342678546962034;125,1.4618864970143695;986,1.5631920862776143;107,1.5951055878685285;72,2.952926061211111;861,5.717920963271334;136,2.3614087454047183
86,0;18,0.14714880702125954
973,0;249,0.8558801506850369;155,2.7841515521000004;616,0.8741682737197976;398,3.3529447106347785
489,0;782,0.12436889631122784
721,0;581,1.4567031462561473;896,3.1702601115173676
169,0;249,0.016719946729353754;806,0.03200391430410691
785,0;540,0.14667720877409274
699,0;795,1.7570073158848174;291,3.784727433708678
640,0;658,0.8765275157674708;555,0.44406392587730464
42,0;210,0.7336638843310883;159,2.988178300785026;972,1.1236611513600694;835,1.2967442107214127;949,2.012346107875475
640,0;658,0.0482635255148269;867,2.025097542029907
103,0;224,1.348827813161923;664,2.492839923614561
36,0;238,0.03414548307706683
691,0;754,0.9408248179407163;830,1.0398042110011754;943,1.657524299629305
422,0;203,0.07544596156763395;350,0.5269137681993955
669,0;237,1.9615497557762502;1016,2.2676461157042187;731,2.199192355475222;398,4.559568058884569
428,0;240,0.40075025233134554;187,0.9209742113442791;131,0.45315484790260774;537,1.718586901864783
624,0;814,0.9338039478928633
503,0;607,1.3091299790665152
941,0;278,0.8589058317404281;380,0.3757872847545744;543,0.415946054722424;669,1.41920305328602;53,0.6062972350715417;908,2.029747081615215;835,2.402087191587718;964,1.8984407919126343
450,0;311,1.6769538318641697;427,2.741185831287124;504,1.9227521994443066;770,2.55830715804105
784,0;662,0.9893916358585608
417,0;285,2.7302157947620973;758,3.088737017483465
773,0;893,0.4264012291111561
26,0;677,3.0875969143699504;439,1.5599210128939753;647,3.5667866779697683;848,4.793942909225513;443,4.015287047415168;900,4.5923003996170255;409,5.974092666186454;751,6.926591999016772
721,0;581,1.7429740182794344;896,2.3072314147443045
376,0;664,0.08681484372750514
216,0;974,0.5784761417092482;192,2.046364242117767;287,0.30845405300611606;536,4.65812702705244;914,1.7179343852386149;479,0.902005550864972;647,1.4588099850644303;195,1.998199577508347;394,5.6781745992280195;325,7.139651327629558;658,8.256265039650826;735,7.757937488738279;885,8.235880516875842;69,7.98270272579503;526,7.522078108255476;834,8.198703950557192;512,8.1510581554691;728,8.496848064007681;251,8.411788339158319;729,8.510796696186434;867,8.509250884190129;122,8.440508102515672;238,8.783361057856709;276,9.68517706517895;146,8.796413113168713;611,9.368763957223535;161,9.653410499946734;170,10.511512874046874;11,13.976149323589695
860,0;649,0.01502781909846799;150,0.5693379778382046;442,0.9838759424497592;752,1.1493150535509775;399,1.615082805286955
474,0;935,0.9071339544407412;1002,1.3461174606135595;377,1.2806017570953017;571,1.8512732959105667;192,1.746732699351394
401,0;68,0.19838450338995814
56,0;482,0.0368909456101994;850,0.6710604406721226;234,0.3325999859495786;78,0.7464491182781513;876,1.045241273689238;841,0.8823575980923525
823,0;996,2.7797847500453345
940,0;6,0.604809870586877;455,1.09664879975077
232,0;707,1.2364026792033436
297,0;259,1.8801958187788563
952,0;596,1.692729327531299
979,0;307,1.8657875699995474
944,0;726,1.9380336719382347
565,0;698,1.8149410471672478
343,0;912,0.15710185414702166;577,0.269069725452084;792,0.7929740169001178;1009,1.7121030750593063;883,1.0594997036445413;515,1.5883657263825977
770,0;102,1.4424743240140085;747,1.5187235215469848;373,2.0035707108637855;141,3.397998618897865
159,0;48,1.2190117405117886;955,2.1953471417364776;840,1.7557203470706786;20,1.8946275849782082;139,3.163669535733133;29,1.980497595387842;580,2.6423596691484206;852,3.4529053092996103;194,3.493706761830684;572,3.6009362663623876;149,3.824709687402777;513,3.796766259885189;282,5.431205875719312;605,4.180779165168326
760,0;513,0.24038989452613996
678,0;169,0.041057130319960194;249,1.6246697590090515;435,6.173076866257555;285,7.382158989496696;533,8.114273622268598;758,8.63883333804164
77,0;702,1.7941958952714658;421,3.970886234119787;797,4.374845827808817
55,0;617,0.29876909155111775;98,1.1064193095444674;509,1.0498811287855212;644,2.5467263672158005;560,2.863638545089903
948,0;204,3.2084810928991025;990,3.8097703855318055;125,3.768170633830223;107,4.381140662638363;72,4.149244100437309;741,3.9642308256558603;460,5.675328063031575;554,6.530747927603024;48,4.639200804764551;169,4.277310842450201;249,5.190461303828645;806,4.723661612923631;955,6.314750260317143;95,4.994339499208831;840,4.760098756357542;578,5.003528039727913;473,5.740025012218243;572,5.055240584827256;139,5.1303671797274655;513,8.17139437473322;282,5.619684617728195;911,5.876024294817261;322,6.522010621680507;616,5.651176382615726;576,6.526401531078838;678,6.108359516816658;360,6.152017831054194
543,0;908,0.05294729591749248
347,0;668,0.9253900727047468;578,2.4917576681484928
645,0;103,1.0297410074849611;390,0.5011559925044601;307,0.0907999294939405;218,0.5070300788720548;925,0.3600951924208903;508,0.40734776186906585;718,2.074687818773893;767,0.9148403616810235;194,0.6644366429600628;811,1.1542206993186752;635,1.0392815562287527;224,1.4000485529010622;656,1.2441127099074845;215,1.8880361629290479
293,0;686,0.15842963714850328;31,0.515674041108642
69,0;449,0.0399853771531482;251,2.9514428930132985
39,0;630,7.325793359085819
758,0;484,0.3564046402921253;497,2.266471957986992;875,1.459330454529658;82,0.3843936882107161;826,1.850456903363785;162,1.7622142102006197;559,2.6600055938671674;743,2.1283485800298694;240,2.9584286769057293;341,2.003185349351883;278,2.313598468998941;501,3.0292053208591874;131,3.116856537261972;795,4.706875176254106;537,4.158382997495085
839,0;469,0.9047420338164865;37,0.6401957162292643;152,2.2067954846527136;845,4.880753713465675;283,2.462745590496872;628,6.971050761844797;531,6.543878871225057;561,6.66242532501779;898,7.719996577383409;62,7.089783750358376;443,7.620271280792211;247,7.440155520964753;352,7.247834870948265;597,8.136451859894306;620,8.23435119387377;117,7.908911675237532;45,7.291360614641338;812,7.945145606728907;2,14.062366391035578;879,8.120070070506754;1019,9.498499396249414;81,10.256731969848907;944,8.57731707270281;430,8.801125459774779;521,8.692262231609066;858,10.37861164454179;648,8.581040991521169;47,10.135817248209381;749,10.319408203541476;375,10.666655288627036
178,0;744,0.1602555471837799;977,0.6810432483534706
317,0;931,0.6954403677557772
458,0;124,0.6083763740855966;797,1.1966038477941285;582,0.9721258953477347
46,0;118,0.6460068530284041;765,0.7718155692392151
428,0;778,0.2367011209591531
472,0;179,0.18125038193290616;424,2.523344482535421;572,3.7921677865355155;789,4.747372944860054
526,0;834,1.3403821054396865;729,2.3149075167265885;146,2.715775935423959;443,3.949509602847914;202,2.789633170746658;837,2.8198594690700114;232,3.5276133043521316;812,4.011826919555342;81,4.493340206512375;400,7.532100757211945;375,4.582722888857063;780,4.6768179668965075;913,5.55689882262869;416,6.122265671496907;429,6.495635251943788
196,0;747,2.365670688398087;727,1.1504520534182234;864,0.6490400686513028;36,1.1288192251939193;4,0.8176143136778316;105,3.9335210948524786;238,1.947946001048533;141,2.655760100083296;789,5.635053805417217
771,0;615,0.28209160015042883;669,0.4012232793401332;93,0.6593889273992493;237,1.1710303923023986;305,1.9457337187931107;731,1.8237608125243239
450,0;311,0.40976837905518126
939,0;718,0.864514463465079;986,1.3640271468000267;861,1.4264759888613665;136,2.812794682449481
699,0;795,0.08101641026034717
335,0;256,0.7882320815370208;290,0.4299356707894194
241,0;365,1.7301103833481957;715,0.23300551095877292;513,0.6704759435020482;249,2.9796459908633848;616,4.137586246212646
653,0;561,0.358417754088475;247,0.7573464348405239
308,0;824,1.1011297918119745;689,1.6880948457652454;888,2.6575088054564957
651,0;181,1.969682141621443;573,0.7098855333406554;135,3.643152940351116;399,4.752897139736156
772,0;729,1.5975998037222527;146,1.9946606901383905
592,0;304,0.23910058826827324
63,0;748,0.13004094276287836
991,0;493,3.652561067140525;954,3.8814480139494494;352,5.233400452615681;825,4.146704260853988;896,5.063969599830974;311,4.853165912602306;594,4.344349821194704;405,4.931433267226813;504,5.972905418794752;840,6.987381757567252;668,6.06273340403788;798,4.996599012262974;339,6.248730778201244;117,5.56863732675227;376,6.969696429802747;45,7.238154250920552;1019,5.653008208979818;39,6.985869185419143;473,7.370363655161839;139,7.72806373522976;801,8.391810474364044;203,9.117176263692196;194,7.877430824260274;750,9.17363598096212
754,0;830,1.1766034973372674;574,1.5303076894478655;943,2.8307515003453454
617,0;509,1.7644124912166141;183,0.6673229877065586;741,2.590271586025742;644,2.714440659878048;48,2.670557289804141;955,2.917378012513366;95,3.196004183849015
203,0;350,0.5773756791549257
541,0;864,0.027067820186957747;184,0.5191400727515099;4,0.698589497667912;795,1.2423090834723207
451,0;291,1.0528208752605197
375,0;913,0.6438895609770501;429,1.8184247146001298;498,2.761495364676989;917,3.2811603643090863
625,0;968,1.6424907267886628;608,3.948407742238735;973,4.622842866742275;1010,5.85002283962877
836,0;292,2.1336138895470835;802,0.3067243162842077;399,0.41858778413782044;198,0.30132453617639077;146,0.21223126256575328;161,0.31955360941520916;871,1.3450682440298771;710,1.7379637887608448;112,1.746270961908283;29,2.4932681488037947;965,3.717856527203047;725,2.4552784765887186;5,3.4519383914146236;232,1.793120605803666;791,3.5074272276707443;580,2.917544682195281;852,4.113616916692862;402,3.551010364925647;154,4.829098591849132;199,5.285154398719799;422,5.632446240448814;172,4.326011160016113;3,4.567982154692901;60,6.840127881194147;203,7.317234310698771;212,7.83772078508387;350,7.82598970791511
614,0;79,0.18370013798930912
56,0;482,0.500815028325042;234,0.9256063128715041;78,2.604141176527782;780,2.4406488928308425;696,3.4888189406048626;841,3.5472303140640244
781,0;51,2.4433271772286322;965,3.560727032404691;422,4.985036013987159
800,0;1013,0.9610746490162096;425,0.5071287411551144;408,1.461935862510394
738,0;918,0.19494529246095496;58,0.42534914639806953;811,1.0801656600629406;745,0.004655098660704422;510,0.13506762098439246;478,1.7866778863127768;998,1.187308093123424;727,1.2542831420998213;67,1.3076113479892515;189,2.297797988343191;778,1.8972721804615404;907,1.4702149849077268;664,2.1371320460436434;484,2.2648280033358166;497,3.568047278594909;875,2.389964677379396;734,2.6705594640110313;619,2.7783135658831797;826,2.832585726010634;162,6.479629999998517;355,3.1258899773549844;341,3.792145963450519;278,2.9469738758212074;500,3.0144897679940197;260,3.7609990683618766;131,4.299600724307943;537,7.143586767290941;565,10.96317958898685;955,7.306757625519207;240,8.444004422885438;797,9.81058240979942;698,12.046158941763432
711,0;268,0.10792868496372812;284,1.8876455696091758;98,2.2856372299240593;209,4.359381859019678;283,3.0934547519685496
805,0;970,0.07967707074396224;657,0.22079230237829978
295,0;858,2.252803041859831;827,0.41747026706032847;709,1.4043899791797374;308,2.1032768028696984;824,2.251096289743814;689,3.9220309765010968
471,0;374,2.1583447990739315;660,0.5210658788475033;206,0.7088666302555129;25,3.179446141472611;698,4.0668032882209415
502,0;149,0.816171141244009;202,0.7003675626208703;510,1.0107885777940722
786,0;6,3.1035871878815158
663,0;500,1.3380408591651978;260,1.768663626299717
839,0;37,0.286419335402869;845,0.9828089752668107
737,0;403,2.3260506996529853;358,2.627556510012902;528,4.251806233708564;153,3.004151614000687
931,0;364,0.2264096454226171;254,0.2708824018130625;295,1.849007505939949;313,1.694972061341812;827,2.3851359722862657
97,0;782,0.43925175994971394
626,0;412,2.4923459752084525;943,2.858795260836083;287,3.173208853007505;162,3.679241120378286;128,3.6918866772404657;743,4.947282860280836;565,4.3092095706773135;955,5.1853753329868475;240,3.987403936923747;853,5.4999642279184915;401,7.113523013180216;979,6.695959475864831;68,7.2856130580626015
735,0;512,0.7014802758614072;251,1.263292134503383;802,1.7927601223916403;264,2.246279043711462;58,2.6008275773566787;998,3.5099184907064807;189,2.647842932911068;734,3.8412400305886187;619,3.0358001762024487;295,2.7297511369645635;827,3.973908437558892;709,4.668276030531418;447,3.9289735773027648;907,3.5488080457267746;731,4.917436046288076;308,8.346658818029052;824,9.592051473697609
1012,0;691,0.7331168634162814;972,2.314238711741194;754,3.4651421888610394;897,1.7090392979237832;405,1.2553839341283997;225,2.054363587991774;626,2.726222438338101;629,3.4780630719435432;246,2.794077014562125;1001,4.278680040734258;830,3.790685894796268;157,3.6511125367983603;574,4.084449784472514;943,4.9522413246356916;5,4.3660073037610125;493,4.990343832832931;402,5.7438772220321965;154,4.932525288569868;481,5.202807434865319;954,5.49264685794871;352,6.612926217685987;956,6.158816861256489;199,5.791058995641427
245,0;510,0.9807324918404293
632,0;828,0.8207111965937204
108,0;693,0.4583129905682093;242,0.7942134678462687;269,0.5676624350586607;626,2.9936259615307232
327,0;225,0.7506096070196718;629,1.8139794418564894
381,0;838,0.5950184957330177;709,1.3877857933934057
763,0;490,1.599715823939821;745,1.9009479748768934;642,3.649894347731352
312,0;328,0.20183035307667552;721,1.2294759521466898;404,1.7587330774544476;581,2.307317997203602
923,0;656,1.079470729220615;911,0.1335706817629474
473,0;203,0.8547811898809038;350,3.1540416495706753
734,0;813,0.036846876486014875
626,0;412,4.8860694424225395;943,5.652316875707239;287,5.463800520044671;588,7.499449048034016;521,6.5703006807744
686,0;31,0.9744203861978993
986,0;136,1.0675155728575503;72,1.3296606616162672;169,2.138432497323919;385,1.7930222672721854;875,1.8092437439668283;920,2.4899802478025808;162,2.1386156547926585;355,2.111103031383754;131,2.418287463814417;249,2.277310863042491;128,3.8202604112756706;559,3.2707263109530453;743,2.2866817928219922;565,2.422852042944441;955,2.254479408913381;322,3.1007075856215955;616,2.302566057859999;684,2.3516583705295595;738,2.876046973379804;698,2.4488030664407403;319,3.498099356691716;342,3.4114555551646806;461,2.9043049631096425;58,5.646485248057402;811,3.088283153821973;745,6.30437239905428;37,4.046772379161073;474,3.239230641068641;427,3.991512302641404;501,4.373730315932722;468,4.558397081234279;234,3.579894928361344;78,9.932512291151465;740,4.662902847147285;152,5.518648240371437;795,7.6799881280833695;708,5.000120706484486;729,8.93523017755885;1010,7.751678451180052;998,5.932693073087666;67,7.65722438846816;447,8.29488769370768;642,6.835728647561694;510,6.73527230577287;198,6.994397435126473;871,7.0606658094800565;291,8.694073675218187;45,10.739776173994194
469,0;160,0.06336862753447198;708,1.4879666766424495
117,0;879,0.19505758108962348;1019,1.0543561777946295
133,0;384,0.8688304838677455;26,0.936311290590205;677,2.433318972144894
729,0;146,0.5033079111084298;443,0.12046795039547184;161,0.7078849762618672;170,1.4025545730933289
52,0;654,0.9346354228349348;469,1.7851320748168131;825,1.0586601867305108;594,1.1519086057855625;160,3.0879677077232763;708,4.585053343118717;1010,4.821047626304488;483,5.193560744490666;979,6.6033345058872515
383,0;893,1.3775866800359067
837,0;535,5.253647971746149;855,0.4915249564604834;232,0.500570488974277;420,1.8701880688428838;58,2.3103580166465507;67,2.914967778712765;189,2.5675724821886403;734,2.5919010070973743;619,2.9221139961476137;813,3.5831323133686506;447,3.1037841294726407;839,5.337838902440112;37,5.535282616813167;152,7.606454323279639;845,7.1974260948322115
63,0;748,0.8461658268688197
126,0;791,0.7064322153290501
758,0;484,0.05732787394567684;445,3.096573173440754;497,0.8278729411985926;875,3.843790387361335;675,3.941855665032404;162,4.992963222368933;355,4.668664383488229;727,4.850897225583498;240,5.627162992097203
683,0;250,0.5993490416473984;87,2.6524900241503175
1010,0;483,0.3799096545573314
437,0;65,0.3158479557145704
58,0;998,0.47030300813748194;67,1.3684993950150999;447,1.3926892217082862;907,0.9783446844591109;878,1.6350200565120585;173,2.318067227296569
875,0;675,0.1521016586107443;826,0.33482916698873694;355,0.276507014461228;727,1.5012239596622203;131,1.4859158828086119
1002,0;192,3.458294611983939;460,0.7417109725585993;869,0.7800841167445788
501,0;708,0.18868011536906645;1002,2.620555414928052;192,3.658685536840757
385,0;152,1.4319305043870607
207,0;801,0.7704522000148357;397,1.7943620374543163;335,1.4607141050627495;948,0.8507422675733325;750,2.2863928696527607;204,1.125890977019204;871,1.4692457040754774;986,1.2768845258545136;256,2.0135226504527113;290,2.0394327174940168;618,2.1387753027656555
776,0;606,0.3414547225797525;298,0.4334520088583249
848,0;637,0.0025593558010996915;336,0.9643883712441096;1,1.5308538900462918;906,2.0936730653560334;592,2.145124056667618;359,4.030960787388237;304,2.9708787855652057;892,9.762869916108096;244,5.402146108897026;330,11.138908446037561;983,11.572272225767922;405,11.652650455184965;61,11.96096105534229;668,11.809365933826653;798,11.740259033188785;1005,14.409437781230066
132,0;973,1.9619654994484406;249,2.920879243522309;1010,5.705526610942011;616,4.593330756398998;576,5.398159902366742;483,5.769890968608419;979,7.899977407194701;307,8.130346416787912
699,0;298,0.4707082579749936;686,2.730482418342711;463,3.985029020776759
191,0;532,0.42186753626948453;694,0.0902809531403452;622,0.5874339192760654
210,0;159,0.0018180535686396658;972,1.4670935212390528;48,2.1182289113184947;95,3.1538234528993336;840,3.3312007310755636;624,2.2488711729627964;473,4.885620809737672;572,5.803104324608861
595,0;398,0.4066072599836426
382,0;869,1.638236094672176;1012,3.7182550315210716;691,4.6517304104880175;888,7.096237807460568;897,8.246656365583593;947,7.883421288916821;225,8.939409959495322;626,8.89582447062903;629,9.99818515855194
691,0;754,0.30612843913145626;897,1.8624250631631134;405,0.12512318543460055;798,0.47009394169328494;830,1.4000396783326092;373,2.281656639444871
928,0;998,0.5521992858206429
795,0;291,0.12688314211470317
887,0;566,0.05391711600080768;989,1.7674940714285132;206,0.5442770712640733
169,0;806,0.4904503795200367
850,0;598,1.993668576228099;840,0.3429015239999419;473,1.478825274500442;323,1.0460031641615322;63,1.4922579644278189;203,2.031244533491548;678,1.7696125522590385;360,4.616374585041018;169,2.283934782310566;249,2.7031505417638857;435,2.588157878840798;806,2.6889990842869516;133,2.6537287288961124;285,3.246769680061545;190,4.1575319211112625;384,2.7095644497256;578,3.159979821096631;26,3.0974456803910964;677,5.3486642428566835;439,3.6560035703379743;533,3.798910053489307;758,3.450608199598835;484,4.025639740625405;445,3.707763917722017;809,4.660857409610666;497,6.1467728267030015;723,5.093037516151094;297,5.120632744661513;999,4.755207458081592
701,0;846,1.8933122839902399
744,0;977,2.5755933988846396
311,0;427,0.9249841969329473;504,0.3572895984254779;770,1.0398373932906775;740,1.9717937580663185;729,4.05364354487326;146,4.150352847736327;443,4.47328306284667
963,0;647,1.048122995196691;195,1.2782950591225557
685,0;370,0.05178348831876308;833,1.455583839408241
927,0;125,1.1383365665386396;855,0.2753225270500959;107,1.4151151625480596
944,0;648,0.21684280952637044;152,1.1343735773086543
775,0;142,1.0278807391321718;21,1.2679317781074373;902,2.7779894729611696;430,2.075212886432642
158,0;277,0.1411204604774112;680,0.6708931859768503
543,0;908,1.0695908374628524;657,1.2842454882136116
886,0;295,0.5186274344481998;95,0.8161864347216894
567,0;52,0.8992521096048065;381,1.064939086958477;956,0.8075523567067181
909,0;488,0.0530757089511979;496,1.4472449188706658;433,0.17758122365763332;830,0.9688720056249425;141,0.09623104621635453;574,2.398444493000618;943,3.4586867115503415;5,2.7950161731890915;402,6.1710826482770615;154,6.925204226935067
196,0;864,0.015577741221606057;36,0.1975383063499541
614,0;79,2.4662727411327277
845,0;628,0.14893063559073202;531,0.5907969387127227;515,0.9859182253953208;898,3.937991384080879;62,1.613731912048269;597,2.551068486220649;2,4.137859430529147
129,0;745,2.086818034332009
843,0;28,2.7019484432028373;861,0.7726003326538274;443,2.302064852104175;637,3.0730240957817743;489,1.571123830449835;782,3.788228348902871;900,2.5107003551297096;812,4.119639113541923
599,0;590,1.6125374977106925;693,8.59231023724536;982,2.726377700683898;10,2.7319983246688264
1017,0;834,0.9306646552974109;593,0.11989878467748842;36,0.2661680121548691;105,1.232717438549683;238,0.7928406779043156;729,2.9412217756690406;721,1.6959119339047157;45,3.9926990037101353
701,0;846,0.7196220644983984
435,0;133,0.25823790058516677;285,2.407153592114242;758,3.683622243891735;484,4.298430357450538;82,5.556746904031172
230,0;498,2.814925295291608;917,2.8290383563290664
191,0;532,0.6418667297914494;694,0.6524612467558948;1019,2.479099214556969;1005,3.2986464916068687;622,1.0036564138711848;65,6.039402233975139;356,3.300520966549381;86,4.95554589789961
1011,0;670,2.558573613216852;632,2.9448448026457115;828,3.049798802934409
535,0;839,0.7264892082752195;469,2.5971482628415465;160,2.6292166624478406
1012,0;888,0.1143280122889222
1012,0;691,0.6115881702116516;754,0.7659119002864657
559,0;501,0.5172509298735299;708,2.3140946089504926;327,2.654357023917813;993,3.42727490729011;225,3.41505347424488;629,3.973559728142086;328,3.9264380148267986;944,3.7500556955181774;521,3.790715916518568;858,6.0195268342546955;404,5.829022544026691;157,4.704704717729374;92,5.1391695152273
189,0;295,0.7419792532407351;858,1.8679098766218747;827,4.720527881123915;709,3.6394826775697005;580,2.0489771847400093;485,5.233948438452686;762,11.137520195611614;475,12.569719037303472;995,13.301509178058597
882,0;672,0.10089765372073062
771,0;615,0.41914330206912875;93,1.0511318722609537;24,1.4561346573640364;305,1.840528015287956;295,1.158688820754507;343,2.76386071244644;827,1.4337620542221696;485,2.157844522828057;73,3.757702167432446;762,2.7509434140160987;912,4.264383666011662;1009,4.706393738679121;365,4.726223533187911;636,5.7183068533459025;847,6.727117955096605;903,6.944135317817852
686,0;463,0.5781142322567268
805,0;657,1.0784613006198573
551,0;408,3.788488117620242;341,0.1749612290203593;983,4.715781390084256;61,4.796370063370088;482,5.524240949709743;234,5.672770206451332;888,6.485478395799406;78,5.685945140126476;876,5.914697874531156;780,7.070224642228618;696,6.442454463177665;841,5.9592203895638285;494,6.160793034998327;947,7.449057456755612;394,7.941613685388026
790,0;533,0.036539157460280976;62,0.2946420977689343;710,0.9482560507451165
367,0;644,2.301615472857163;560,4.506426933489569
381,0;838,0.030097207112103348;709,0.34381419439362143;308,0.6458499961709607;824,1.8208305919799146;689,2.6890657161835008;888,2.741806473270835;947,3.6174823470264714
133,0;190,1.0089648423969424;384,0.8026394880414628;723,2.0504206486052086
122,0;884,0.4557999260802041
339,0;39,0.040367584894483645
651,0;181,2.0910805356878206;573,1.2643806023146646
166,0;860,0.8577563433122437;106,1.1047406873240198;622,1.9891199765309513;422,1.9064485356358576;203,1.9352037957268657;350,2.9805841279410004
524,0;988,0.22310623746731145;557,0.5627964823627182;523,1.7671393142047016;88,0.3699275582045053;245,1.4255102662453671;752,4.136833264909719;399,4.956013704759841
561,0;247,0.17258396827892078
449,0;251,1.2180025676879682;802,2.609432813798521;710,2.610649059175976;112,5.892486101267922;725,3.706949255200632;31,4.371594008874746;16,6.270452668714648;232,5.9696650290878;1010,7.351226621212954;735,7.791905468621355;483,9.782340129709597;512,10.30143732466416;728,10.66995261362503;611,10.793815220813114;895,10.971572810190473
703,0;477,1.9912792305891538
604,0;27,2.3300049582443227
502,0;149,1.9334150493839173;510,2.1361838867617284
807,0;915,1.293219121282255;319,2.7803718289111368;893,4.11571033642927
78,0;696,0.8203894640823962
956,0;356,0.07760405945528068;256,0.5360902359483054
172,0;326,1.0659044697998932;382,0.7891651435517058;869,1.6304192243502684;364,1.2512134155501857;781,2.727208639925069;1012,1.6979510951684649;888,2.4360185271094097;51,4.129734108630892
867,0;276,1.171558584574914
225,0;857,4.779449245141717
635,0;656,0.1860699189526883;215,1.0625401754966588
431,0;705,0.6263479109350235;416,0.04256078436745449;64,3.4025408593537163
673,0;207,2.1413985915761167;525,0.013250471330929419;984,1.4422323057822901;515,5.088898755416202
104,0;360,1.1730769641499432
984,0;515,1.804241269027995
292,0;791,0.02461827451540848
798,0;373,1.9482078136491703;339,0.5851153951781412
590,0;982,0.8723464836380935
216,0;974,0.005630464299858467;192,0.06139642949031405;287,0.577481287034562;479,0.028619671620452508;588,2.0845624594328003
171,0;914,1.5462205999866416;392,0.4801533783351117;226,0.9644948635493047;167,2.3241552875024416;672,2.35225167565667
751,0;443,0.4246784286971707;900,2.4736792121601265;409,5.361662088314654
644,0;560,0.9518722720537885
379,0;474,0.5955652877990415
699,0;298,0.6927370608012138
761,0;726,2.020148972500152
575,0;209,1.122323772359976;22,1.635617343605873
204,0;990,0.21221988662579608;871,1.8913484304500041;986,1.936987980479683;875,0.8523402124109116;675,2.927475110467319;826,3.8019420324692232;29,1.9274635203574502;580,3.718935769889603;136,2.1142848527842135;72,3.126972528717092;385,3.624883106805675;152,4.224912236499148
278,0;964,0.5547093459712757;737,0.9960215014712602;313,1.6659881328490913;403,1.7127278912826331
402,0;956,0.9392311280340825;356,2.0810035499817885;256,2.9021298899628762;86,5.159177212967566
147,0;962,0.03032358447172476
135,0;261,0.28460388913640355;991,0.99269844382142;921,1.0254030363734223;1,1.8889534114434205;24,2.0517009921499465;493,1.3817867201890266;552,5.151200419983755;954,1.9774918924360874;352,3.520901160833483;896,3.767519352460037;344,4.042604961378491;311,2.9319016897761383;810,2.495178376936374;504,2.9817608145190606;770,3.218393551507329;102,3.836635291037725;117,4.030364967410232;438,4.93737482006533;747,5.879816503814109;1019,4.126383407206338;718,5.53454391691595;986,5.689284857426606;861,5.782363213362281;513,6.039649429138077;373,7.635956081334853
275,0;114,0.18859861862149996;924,0.9175407982277453
975,0;861,2.5304972590061903
12,0;588,1.5198677560405105
798,0;339,0.01848837193845059
332,0;760,2.5985580503651216;513,3.0507179996434215;196,3.3229645739969937;727,3.651670329327248;864,3.5631726866050744;36,4.334068051469342;4,4.105609626946261;238,4.959746683744618
378,0;334,2.50292741069195
823,0;475,1.2216778184342167;995,1.5148940465795653
225,0;629,0.2471827155383682
967,0;105,0.9782870657677051;789,1.8323251542422927
991,0;493,0.9827123120294693;552,0.413886907158955
641,0;352,0.10622892253835899;438,0.5426078212879183;45,0.6426968762014338;801,1.3620013541850824;335,1.9732632753744652;948,3.2146654470988913;750,4.274297676345398;256,3.0896210402549706;618,3.5408440768369465;570,5.098123258052202;204,3.6146858345366657;871,4.422668287105586;125,3.9010807759597643;107,4.45472329767796;72,5.709203654049439;741,5.851711049396273;29,6.3248205042740135;385,6.530826583624782;580,7.214040267188103;875,9.270248242087328;355,10.978579220018743
877,0;230,0.23701711089323038
616,0;576,0.27325688700413264
356,0;221,0.27716113074120446;256,1.4597325795940372;86,3.976390055587215;975,0.5172954955479159;861,0.8907141927256537;618,5.048520783997254;195,5.130240779683426
621,0;510,0.4902680028496126;836,0.877066413270419;130,2.413237119083518;784,2.8815023558493755;662,3.177364392608747;580,3.2267587377965907
1003,0;612,0.3754129907295438
439,0;647,0.22891763725607756;848,0.533556721380627;304,1.3279952901935697;751,1.2748924514858455
48,0;955,1.7730124393329947
144,0;622,0.30760181524754043
747,0;513,0.5057610741967627;373,0.1399862267316907
985,0;589,0.20855248799667514;728,1.7885648077102105
504,0;770,0.4346351776250753;102,1.769974672705946
627,0;208,1.0257432200783034;1001,0.23680061195686344;131,0.28681813005145973;537,1.1668934678825829
99,0;298,0.9566668910557637
365,0;636,0.12934624733899208;847,2.462843581897788;903,2.8743235820805695;704,4.481776465911652;600,5.5618703944839485
512,0;728,0.07197445117493395;611,1.174436891475354;251,1.5724444567223272;122,2.3360150992703357
623,0;998,0.4450144894353566;499,1.2534052617825473;19,0.7959594188609094;472,0.0896912521688863;745,0.40298687638646286;97,0.6385394365132423;642,0.6106877730090076;447,0.9465742270771234;198,0.7836436516076642;916,1.237304955186363;871,2.8708029794607532;29,5.235266727687873;580,6.041480212090918
563,0;814,0.5258187431720232
33,0;195,0.0660876255628506
392,0;226,0.4132061390769472;308,0.7589426470559161;725,0.5728908875231187;825,2.6417838623062058;31,2.199153751273487
20,0;29,1.900684222363263;580,2.3879746281687484;852,2.678788436944539
923,0;656,1.0014193066375974;911,0.8867109862371559
976,0;456,2.5130589133331624
197,0;572,1.5495214866828857;149,1.8550430388589283;513,2.8895527160747587;789,4.466233613775047;510,2.7476507307174707
558,0;1019,1.5044941380664354
509,0;741,0.03374397334412416
514,0;806,0.8580951605647502;786,1.6606601504550633;6,2.3218853929326784;266,5.805281118588673
336,0;1,3.2934000931453906;971,1.801349729515038;225,4.737304128509525;906,3.357991518890901;592,5.951953562207283;359,4.506111717057219;244,4.6776306748781336;318,4.714635498504474;185,5.317646337522049;174,7.838877254654085;857,4.808555728924089;629,4.918099975512552;639,5.3472269074866;433,5.447036377524421;911,7.309449020486835;570,9.353913130486651;790,9.55969461034843;533,11.6575420770317
286,0;639,1.1152251917772635;433,1.272647327761415;911,3.527104702583065
207,0;801,0.08194113427259626;397,0.08256237727604764;948,0.8448019718632798;750,0.09321594914737605;570,3.0613701319644724
166,0;860,0.3316194001249201;106,1.176656626419108;622,1.4751761352370434
803,0;444,0.46323989603485094;799,0.0946524451255312;869,1.097264850017342
285,0;758,1.1232631503021038
747,0;513,0.3637589207802935;373,1.0038966226843427
610,0;81,0.5358005347710808;240,1.303166852106173;131,1.4408877692635018;537,1.774908524169846
567,0;52,0.17173433767280843;381,2.273675482390993;956,0.4271932583549501;846,1.081911929620452;356,0.7160078806451806;838,3.3710185270027084;402,3.3809993450991667
976,0;456,0.3381609193473096
551,0;408,1.185022066899368;341,2.3902715716991914;350,2.922740326654888
140,0;722,0.40766395480642253;818,0.27636318576458063;499,1.4301372578347253;119,1.663247710297408;540,2.017099153825379;955,2.630144686099702;639,3.8914543189018134;929,2.043889579123078;797,3.0981670893558064
413,0;416,0.18682240288067592;64,1.6382214530799681
939,0;718,1.9868882204978382;931,2.708161452364973;986,2.3386238615948396;861,3.354125088113841;364,3.1480543493458355;254,3.220507525135648;295,4.820992943321069;343,5.372718029704851;858,7.131735843125057;827,5.354066476301679;709,5.899400798098136;912,7.1942586981550845;577,6.298994573594669;883,6.484861076896498;421,6.762198005143303;797,6.914938809059812;1009,7.257629102752609;864,8.359796618968478
1001,0;493,0.49311190237106284;954,2.049940882478258;896,2.5383658782158904;344,3.2559534725358814;311,2.3332446864980034;427,5.115222025801351;504,4.817411588571199;770,6.356466108970818
451,0;291,0.5714706652125517
250,0;129,0.4183695845011009;745,5.372364972712188;510,6.129495240248564;478,6.994981717306131;484,7.764108819428575;805,8.893980929410779;970,9.374221670939924;657,10.05062355552768
276,0;11,1.2895311932400477
483,0;979,0.08181008429880958
897,0;225,0.49019472552419824;857,0.6978096013344561;629,1.1044222640614239;157,1.7460322561693844;1003,4.754761228204654
786,0;266,1.227174155929537
675,0;727,0.21028128630080858
99,0;550,0.6694463509086487;298,0.21595747919281633
775,0;142,0.03812012784104481;21,0.522354269569918;902,1.038983149525141;515,0.21160109732099325
54,0;650,1.2074435317875687;405,1.857676388246813;668,3.6827341566851954;798,4.1353253335181295;578,3.815252062397069;49,3.8524514453584304;485,4.0318898873039055;360,4.9070450279220985;318,4.131174872301591;373,4.960164351070612;339,4.576900148884722;19,5.9309302074781005
720,0;407,0.07802314378174531;932,1.7923150519006499;666,2.111328771558228
964,0;737,0.18627154741531413;313,0.7946304304206299;403,0.4185827785193458;812,2.0585274498380053;594,2.7663959591094245;400,2.143450669338369;405,5.244468996627158;668,6.230859985756231;1005,7.315826295201649;65,7.6484629745691315
910,0;313,0.4273405530447948
241,0;738,0.21579280944178153;715,0.9646315603682128;918,0.4187040658513667;811,0.7513247001177679;745,0.4545686722156439;513,1.3487325506677954;249,0.9698091714810156;616,1.8752673096920631
601,0;564,0.3186717973660653;71,1.558859778769399;247,2.1807333722684588
781,0;51,0.02764756849184856
196,0;747,1.7355816095200733;513,2.5308103438838194;373,3.612312559008151
993,0;328,0.039755080775577135;721,1.2050903837627254;404,0.4156458226354355;831,0.4593655757626991;93,1.3372268931051208;581,1.968452056131781;24,1.3667897798570035
914,0;167,0.31563364267414273;672,1.4608398247723557
274,0;516,5.280713888069563;991,0.1120459732797512;851,0.16431301136726278;493,0.18345845497091637;552,0.5388899946474717
547,0;157,4.254649810692268;670,5.168103116489581;92,6.206915683995557
669,0;237,0.9027772148165633;1016,3.348466426053823;193,3.4587177805062423
866,0;881,0.3921955279547991
137,0;873,1.2053556441482471;129,1.968603318969036;745,4.505606852766412;195,2.4907299699293883;510,4.949164563200852
558,0;1019,0.2838173499321298
984,0;881,1.2381345257842056;822,1.2714439098812444
117,0;1019,0.03087051500060212
237,0;1016,5.185877956497325;731,0.5606478522241517;398,7.30898777232257
738,0;918,1.086040807404767;461,1.4434170690844514;745,0.11309084019623267;734,1.0532892940976528;642,2.8790289488111545;731,1.276195251488125;198,5.727198945990998;871,6.255879984176957
369,0;485,1.7697433807360663
63,0;748,4.205597428210539
1015,0;1007,0.2570717590975144;220,1.4752545097311334;222,2.5712231459754182;876,3.7551810854546392
621,0;510,0.8431340449330521;793,2.8336837452191923;478,1.3208829037243224;805,1.5954418273510442
236,0;975,0.697845590617325;189,0.8131985286991026;861,1.0385125735685863;524,1.6493546191704362;734,1.3964381817866824;295,1.1183140121679886;343,2.01040779367707;827,1.166118692687966;485,1.2438863207339188;318,1.5375936720576697;762,2.7187266449361958;813,2.758408583136174;731,1.927202128082649
712,0;410,2.172919765133029
316,0;679,0.27492637762352773
301,0;635,1.611872179815857;656,2.6735907826452268;215,3.3746633012644223
328,0;404,1.3052598270141595
220,0;222,1.9692315914743088;876,2.0685407818624957
222,0;876,0.7185701266818297
349,0;628,0.4645368656041789;174,1.1023505267929241;189,1.105865569898027;790,1.7136803097820692;734,1.5833558657785403;295,1.5110512375592757;343,3.1443466068537944;858,1.7869024402084104;827,1.6928428779645512;485,1.8075186346706937;533,2.630097930353036;580,2.1756823227210664;318,2.012452958315427;762,2.9368287600571
705,0;424,0.12029319944482975;66,0.5321846872045577
617,0;98,0.6466781651818981
339,0;39,1.2494404879787468
237,0;1016,0.05665934317445225;731,0.07882566159746235;193,0.9454727559964722;456,1.5386455497621525
741,0;554,0.5240708794622783
941,0;658,0.3185536795956089;868,1.628666984020911;451,3.168228524804096;291,5.597314664642782
34,0;539,2.5681984547112635;702,3.8667714764997;428,2.900332751706557;983,4.8688889096637915;187,4.030902688173313;999,3.9898873280225384;421,4.1426978304120325;636,5.459674749072146;918,4.324411019787181;797,4.489942237661208;405,4.945735378657303;668,5.982245952373223;1005,5.003444681438489;65,5.80826020211874;847,5.7120689473877775
648,0;152,1.4499269412800206;47,0.8996955549666217;749,1.842780980165029;629,0.9646202870852822
649,0;256,0.22024401045007633;618,0.5598643011872678;195,1.1763025971317327
105,0;789,0.44963553824434027;721,0.3953129080130308
403,0;812,0.21143342240679316;400,0.4662168257813444
310,0;936,4.58012816562171
572,0;149,0.2679391897093844;513,1.110760715383939;789,0.17413502421753557;605,0.4023661064165462
706,0;297,0.03182534104925012;997,0.7806846868248268;259,1.670158916354583
536,0;394,0.4918832563964332
993,0;328,0.08634140311556256;944,0.19356610187928633;404,0.814500377004369;521,0.48234698731842574;726,0.569552602161455
612,0;512,1.1547701199476341
32,0;171,0.23400327909806948;392,1.1855118974497447;226,1.2702524494756258
29,0;852,0.27300175952697286
832,0;917,2.5003070420358964
151,0;671,0.026448866997723492;452,1.2674692256114235
4,0;795,0.20436026329526297;291,1.3793999164976465
925,0;718,0.2065312717863925;584,0.16047497522812737;726,0.16542225380826323;986,0.3507152881224638;136,0.8200694354459632
729,0;146,0.15253264758853877;443,0.1491183469007427;161,0.4348332847833809;170,1.0525445625846255
599,0;928,0.08674154937657026;1017,5.36019757471803;998,0.6432579343112597;344,0.7993032022082237;907,1.173506386661862;593,8.264426728213461;36,8.45895159092955;105,9.977742008753589;721,12.817508399957925
654,0;144,0.3904414238221297;825,0.3701501426211807;554,1.0558060123419373
269,0;626,1.5381475706391536;412,4.414985282313989;943,6.332803989358519
613,0;341,0.6793778762373098
549,0;256,1.1869883010364188
561,0;247,0.28511340255267187
203,0;350,0.2617087552683657
303,0;501,0.6051505029549776;795,2.768689117278133
681,0;256,0.18934146428342566
1005,0;356,1.3494071055817516
126,0;791,0.9353283778984733
802,0;264,0.07418125133288186;112,0.07588285535907795
716,0;968,0.018210267987261736;608,1.340487431273616;973,1.9082572803183906;249,2.117095981059268
709,0;308,5.382233071893216
316,0;679,0.8974680264000953
146,0;161,0.6250287532628711
609,0;77,0.4413455588579636;702,0.8418028379745313;360,0.8459262613335679
462,0;350,0.8505487533637839
446,0;974,0.5228886052170928;914,0.6635984778187256;479,1.9215321376692356;647,0.8237626080030064;167,1.5771315712193847;38,1.7984071304860905;314,2.505643873004367;143,3.8714087945414777;652,4.185762726492802
130,0;784,1.3869323963853462;20,0.18711920809450752;662,1.5187315595586268;941,6.553706916970361;658,8.725400459794436;380,7.3148991061144075;53,7.834546495476357;856,8.213144270086207;868,9.127461665427168
811,0;778,0.4793800339199191
998,0;447,0.10865940387042439;907,0.3996512732536287
201,0;844,0.6729448391589015
701,0;846,1.4666740212487233
693,0;269,0.4557766432398624
293,0;598,0.7357656376141327
927,0;125,1.769522363749481;107,3.58205313857011;72,2.8226297056550127;385,3.3758075341226457;875,4.760872702487605;920,4.264474017614055;152,5.204113174454081;342,4.503956738077136;748,4.929963320124076;528,4.968816437288629;675,6.261878798042886;355,6.101001562559978;727,9.003126964285947
1013,0;385,3.1030880664029725;920,3.7620249023244186
1003,0;612,0.05003998914307886
123,0;999,0.33274579774972457
238,0;611,0.3038606135959793
693,0;931,0.13170725684747786
579,0;78,0.1473071970492054;696,0.8034401839352062
113,0;20,4.01230241029298
941,0;278,0.030301249165837714;658,0.08488613427310064;964,0.4903963070500078;868,1.5682620713785673;867,0.7141199117618467;451,2.02406127576578;291,2.7415651729002497
457,0;71,0.4042145628101468
673,0;207,0.6050513864816893;525,0.9465869922826142;731,2.7327912733996467;618,1.7584386297421701;195,1.8849365418511965
908,0;15,0.9088769469286284;664,1.1575011287924073;508,1.0829480653070034;811,1.9682487782641802;778,3.628557887615405
145,0;34,0.26334039118862274;539,1.1840601625653617
347,0;668,0.15733364995906063;534,0.017481174519872203;396,1.1076477816677097;514,0.7105023733882586;806,1.1599355476078594;786,2.0173234696800173;6,7.384389860562207
77,0;702,0.4622762620186241;360,0.8213824422556664
1023,0;810,0.806593422556278
798,0;373,2.3844764625817274
17,0;862,1.3074113165320127
827,0;485,2.37343252017981;318,2.4055533492678522;762,5.460790138500064;475,7.55243162886334
446,0;359,0.6352470213695135;244,0.8708988812559546;318,1.5879782005772094;174,2.1104629007139373;578,3.2875831617810984
60,0;212,3.280363551024839
639,0;433,0.8586030604850009;911,3.5017261710178436
724,0;626,0.7371956683609979
387,0;1000,0.9830696844546746
383,0;893,0.15059710883607472
459,0;413,0.2420743449842058
1023,0;810,0.7290360791183276
905,0;223,0.2819286454024269
599,0;590,1.1255860626479937;693,1.6004298686103409;931,2.2812629184412936;364,2.2928288178030565;295,2.56399711888954;343,3.2607912779184955;709,2.9173405503256786;308,4.267396234014433;912,5.450002594284074;577,3.559522877897541;792,6.046750169670325;1009,6.4888812791414665;515,8.99429605486723;523,6.091021417221314;864,7.742822996138113
450,0;311,1.0375572458730153;840,2.0594726078109087;473,4.108013622748663;20,2.762289659458583;323,4.237906819347337;678,4.6330829079429305;974,4.2520360170256115;914,4.867416494147884;479,7.422812291040524;647,5.557422159118701;360,5.6656187991086835;474,6.4819509502067145;169,4.789900307251903;806,8.52784876482768;314,9.975371413993468;578,9.23828736073632;143,10.56764460041707;652,13.04965667128224
1005,0;356,0.0512883637587872;86,1.1425528105361362
761,0;726,0.525847021842756
786,0;6,0.9822774275913371;266,0.38320453045202485
635,0;215,0.07858901360654404
124,0;582,0.4849905673940808
611,0;895,0.6936036920895644
978,0;915,0.010591988653161423;959,0.08050738942506547;319,1.4367563326062118;84,0.15083131319912657;779,0.3118674626228265;917,0.3971256318469654;234,4.228449519784156;19,1.6159960962022903;78,5.781704635288868;876,4.849959487599204
825,0;594,0.10353385470714571
695,0;874,0.11329140462043832;597,0.7528161857458274;634,0.8563206085698639
811,0;778,2.664800505872705
346,0;313,0.03190938246870929;594,3.655936145844997
