0,0
1,1
2,2
3,3
4,4
5,5
6,6
7,7
8,8
9,9
10,10
11,11
12,12
13,13
14,14
15,15
16,16
17,17
18,18
19,19
20,20
21,21
22,22
23,23
24,24
25,25
26,26
27,27
28,28
29,29
30,30
31,31
32,32
33,33
34,34
35,35
36,36
37,37
38,38
39,39
40,40
41,41
42,42
43,43
44,44
45,45
46,46
47,47
48,48
49,49
50,50
51,51
52,52
53,53
54,54
55,55
56,56
57,57
58,58
59,59
60,60
61,61
62,62
63,63
64,64
65,65
66,66
67,67
68,68
69,69
70,70
71,71
72,72
73,73
74,74
75,75
76,76
77,77
78,78
79,79
80,80
81,81
82,82
83,83
84,84
85,85
86,86
87,87
88,88
89,89
90,90
91,91
92,92
93,93
94,94
95,95
96,96
97,97
98,98
99,99
100,100
101,101
102,102
103,103
104,104
105,105
106,106
107,107
108,108
109,109
110,110
111,111
112,112
113,113
114,114
115,115
116,116
117,117
118,118
119,119
120,120
121,121
122,122
123,123
124,124
125,125
126,126
127,127
128,128
129,129
130,130
131,131
132,132
133,133
134,134
135,135
136,136
137,137
138,138
139,139
140,140
141,141
142,142
143,143
144,144
145,145
146,146
147,147
148,148
149,149
150,150
151,151
152,152
153,153
154,154
155,155
156,156
157,157
158,158
159,159
160,160
161,161
162,162
163,163
164,164
165,165
166,166
167,167
168,168
169,169
170,170
171,171
172,172
173,173
174,174
175,175
176,176
177,177
178,178
179,179
180,180
181,181
182,182
183,183
184,184
185,185
186,186
187,187
188,188
189,189
190,190
191,191
192,192
193,193
194,194
195,195
196,196
197,197
198,198
199,199
200,200
201,201
202,202
203,203
204,204
205,205
206,206
207,207
208,208
209,209
210,210
211,211
212,212
213,213
214,214
215,215
216,216
217,217
218,218
219,219
220,220
221,221
222,222
223,223
224,224
225,225
226,226
227,227
228,228
229,229
230,230
231,231
232,232
233,233
234,234
235,235
236,236
237,237
238,238
239,239
240,240
241,241
242,242
243,243
244,244
245,245
246,246
247,247
248,248
249,249
250,250
251,251
252,252
253,253
254,254
255,255
256,256
257,257
258,258
259,259
260,260
261,261
262,262
263,263
264,264
265,265
266,266
267,267
268,268
269,269
270,270
271,271
272,272
273,273
274,274
275,275
276,276
277,277
278,278
279,279
280,280
281,281
282,282
283,283
284,284
285,285
286,286
287,287
288,288
289,289
290,290
291,291
292,292
293,293
294,294
295,295
296,296
297,297
298,298
299,299
300,300
301,301
302,302
303,303
304,304
305,305
306,306
307,307
308,308
309,309
310,310
311,311
312,312
313,313
314,314
315,315
316,316
317,317
318,318
319,319
320,320
321,321
322,322
323,323
324,324
325,325
326,326
327,327
328,328
329,329
330,330
331,331
332,332
333,333
334,334
335,335
336,336
337,337
338,338
339,339
340,340
341,341
342,342
343,343
344,344
345,345
346,346
347,347
348,348
349,349
350,350
351,351
352,352
353,353
354,354
355,355
356,356
357,357
358,358
359,359
360,360
361,361
362,362
363,363
364,364
365,365
366,366
367,367
368,368
369,369
370,370
371,371
372,372
373,373
374,374
375,375
376,376
377,377
378,378
379,379
380,380
381,381
382,382
383,383
384,384
385,385
386,386
387,387
388,388
389,389
390,390
391,391
392,392
393,393
394,394
395,395
396,396
397,397
398,398
399,399
400,400
401,401
402,402
403,403
404,404
405,405
406,406
407,407
408,408
409,409
410,410
411,411
412,412
413,413
414,414
415,415
416,416
417,417
418,418
419,419
420,420
421,421
422,422
423,423
424,424
425,425
426,426
427,427
428,428
429,429
430,430
431,431
432,432
433,433
434,434
435,435
436,436
437,437
438,438
439,439
440,440
441,441
442,442
443,443
444,444
445,445
446,446
447,447
448,448
449,449
450,450
451,451
452,452
453,453
454,454
455,455
456,456
457,457
458,458
459,459
460,460
461,461
462,462
463,463
464,464
465,465
466,466
467,467
468,468
469,469
470,470
471,471
472,472
473,473
474,474
475,475
476,476
477,477
478,478
479,479
480,480
481,481
482,482
483,483
484,484
485,485
486,486
487,487
488,488
489,489
490,490
491,491
492,492
493,493
494,494
495,495
496,496
497,497
498,498
499,499
500,500
501,501
502,502
503,503
504,504
505,505
506,506
507,507
508,508
509,509
510,510
511,511
512,512
513,513
514,514
515,515
516,516
517,517
518,518
519,519
520,520
521,521
522,522
523,523
524,524
525,525
526,526
527,527
528,528
529,529
530,530
531,531
532,532
533,533
534,534
535,535
536,536
537,537
538,538
539,539
540,540
541,541
542,542
543,543
544,544
545,545
546,546
547,547
548,548
549,549
550,550
551,551
552,552
553,553
554,554
555,555
556,556
557,557
558,558
559,559
560,560
561,561
562,562
563,563
564,564
565,565
566,566
567,567
568,568
569,569
570,570
571,571
572,572
573,573
574,574
575,575
576,576
577,577
578,578
579,579
580,580
581,581
582,582
583,583
584,584
585,585
586,586
587,587
588,588
589,589
590,590
591,591
592,592
593,593
594,594
595,595
596,596
597,597
598,598
599,599
600,600
601,601
602,602
603,603
604,604
605,605
606,606
607,607
608,608
609,609
610,610
611,611
612,612
613,613
614,614
615,615
616,616
617,617
618,618
619,619
620,620
621,621
622,622
623,623
624,624
625,625
626,626
627,627
628,628
629,629
630,630
631,631
632,632
633,633
634,634
635,635
636,636
637,637
638,638
639,639
640,640
641,641
642,642
643,643
644,644
645,645
646,646
647,647
648,648
649,649
650,650
651,651
652,652
653,653
654,654
655,655
656,656
657,657
658,658
659,659
660,660
661,661
662,662
663,663
664,664
665,665
666,666
667,667
668,668
669,669
670,670
671,671
672,672
673,673
674,674
675,675
676,676
677,677
678,678
679,679
680,680
681,681
682,682
683,683
684,684
685,685
686,686
687,687
688,688
689,689
690,690
691,691
692,692
693,693
694,694
695,695
696,696
697,697
698,698
699,699
700,700
701,701
702,702
703,703
704,704
705,705
706,706
707,707
708,708
709,709
710,710
711,711
712,712
713,713
714,714
715,715
716,716
717,717
718,718
719,719
720,720
721,721
722,722
723,723
724,724
725,725
726,726
727,727
728,728
729,729
730,730
731,731
732,732
733,733
734,734
735,735
736,736
737,737
738,738
739,739
740,740
741,741
742,742
743,743
744,744
745,745
746,746
747,747
748,748
749,749
750,750
751,751
752,752
753,753
754,754
755,755
756,756
757,757
758,758
759,759
760,760
761,761
762,762
763,763
764,764
765,765
766,766
767,767
768,768
769,769
770,770
771,771
772,772
773,773
774,774
775,775
776,776
777,777
778,778
779,779
780,780
781,781
782,782
783,783
784,784
785,785
786,786
787,787
788,788
789,789
790,790
791,791
792,792
793,793
794,794
795,795
796,796
797,797
798,798
799,799
800,800
801,801
802,802
803,803
804,804
805,805
806,806
807,807
808,808
809,809
810,810
811,811
812,812
813,813
814,814
815,815
816,816
817,817
818,818
819,819
820,820
821,821
822,822
823,823
824,824
825,825
826,826
827,827
828,828
829,829
830,830
831,831
832,832
833,833
834,834
835,835
836,836
837,837
838,838
839,839
840,840
841,841
842,842
843,843
844,844
845,845
846,846
847,847
848,848
849,849
850,850
851,851
852,852
853,853
854,854
855,855
856,856
857,857
858,858
859,859
860,860
861,861
862,862
863,863
864,864
865,865
866,866
867,867
868,868
869,869
870,870
871,871
872,872
873,873
874,874
875,875
876,876
877,877
878,878
879,879
880,880
881,881
882,882
883,883
884,884
885,885
886,886
887,887
888,888
889,889
890,890
891,891
892,892
893,893
894,894
895,895
896,896
897,897
898,898
899,899
900,900
901,901
902,902
903,903
904,904
905,905
906,906
907,907
908,908
909,909
910,910
911,911
912,912
913,913
914,914
915,915
916,916
917,917
918,918
919,919
920,920
921,921
922,922
923,923
924,924
925,925
926,926
927,927
928,928
929,929
930,930
931,931
932,932
933,933
934,934
935,935
936,936
937,937
938,938
939,939
940,940
941,941
942,942
943,943
944,944
945,945
946,946
947,947
948,948
949,949
950,950
951,951
952,952
953,953
954,954
955,955
956,956
957,957
958,958
959,959
960,960
961,961
962,962
963,963
964,964
965,965
966,966
967,967
968,968
969,969
970,970
971,971
972,972
973,973
974,974
975,975
976,976
977,977
978,978
979,979
980,980
981,981
982,982
983,983
984,984
985,985
986,986
987,987
988,988
989,989
990,990
991,991
992,992
993,993
994,994
995,995
996,996
997,997
998,998
999,999
1000,1000
1001,1001
1002,1002
1003,1003
1004,1004
1005,1005
1006,1006
1007,1007
1008,1008
1009,1009
1010,1010
1011,1011
1012,1012
1013,1013
1014,1014
1015,1015
1016,1016
1017,1017
1018,1018
1019,1019
1020,1020
1021,1021
1022,1022
1023,1023

4,0;795,0.4765977451512319
250,0;87,0.8076607891908424;389,0.8900838186869505
311,0;427,3.5983446643309165;840,0.7849080966780209;473,1.3496059896286363;572,0.9222363750442184;323,1.6471958610502972;513,1.5931614880773775;203,1.6247978726001184;350,3.025434881979785;63,1.8240012749237429;748,3.18443400795102;616,5.311790227435649;740,5.15525818496714
951,0;353,1.8440903782979658
825,0;594,0.4079305332979815;554,0.47353112230483274;405,1.5466589256110082;668,1.90205547880075
331,0;354,0.6239414348547059
820,0;618,0.7085810445559103;912,0.5801259599280248;792,2.8077974748383303;1009,0.6105625662825023;365,1.2901415660347748;636,1.5429451075841478;523,4.116575939997639;609,7.0440544759578465
735,0;512,0.3968814401539317;611,1.481082077110023;895,1.8323003566233749
678,0;360,1.9910038236040315
335,0;256,0.20328067718686088
33,0;195,0.6134217921880282
781,0;103,0.07752326570851471;51,1.8418412606724324;224,1.1377488310175312;965,2.451239140157376;172,2.9139516020968412
759,0;20,1.9649373449268073;29,2.930049187056567;328,2.305496896697555;404,4.137468168131666;831,4.759428444519931;580,3.1670224654791035;93,4.777689860715176;893,6.377450935459899;24,5.580282956447004;295,5.181287117849941;858,5.550990692781107;827,6.2402198513476534
568,0;987,0.05610249983262501;925,2.2222285003590927;584,4.046127518255309;767,3.925963502500739;533,4.875278031143843;602,4.851413916496469;726,4.24182633929674;62,6.0374138539020725;710,6.7104577201265005;725,6.825975216531419;31,7.973350691508886;16,8.432540663901092;650,10.768152559452803;499,11.337397567983658
749,0;365,0.9304603890424712
913,0;209,0.7281567748178188;710,4.301946783300428;775,1.2442457532287643;21,3.433705634253502;965,5.951271790026363;5,4.360531988400178;154,4.475264399591925;481,7.181465370777632;422,6.111218805185603;203,8.859059945596446;316,7.73162389406848
1008,0;1019,1.766155910100857
640,0;658,0.6838489470633958;868,1.5855982797493868;867,0.887834555955708
117,0;1019,2.9107351852473395
86,0;18,2.720222332500041
885,0;694,0.8296706976223773;267,0.534946630156011;224,0.9033548733110419;270,2.6452868398937364;1005,2.837193440789572;664,1.3825828821429331
353,0;901,1.8619998080320161;2,4.786742128388034;744,6.335444322399989
15,0;508,0.04097181347696682;337,3.0121098233377332;293,0.49838291036778615;811,0.548736609779028;598,1.5910982226131283
877,0;230,1.0790086614818257;498,2.163980090577649
640,0;658,1.075321450794576;555,0.4816917435286021;868,2.7292323831967455;451,2.7595372246884415
503,0;256,0.07003285996644207;618,1.025155846537058;195,1.2655214862166322
253,0;641,0.6421333528441702;352,3.0541227386877403;117,3.6352686024144893;438,4.259134539369349;879,3.7837679462997733
241,0;738,2.1261148951849203;715,0.5257942707946223;918,2.2485760221419118;58,2.847226657833183;811,2.9182835707312123;734,2.5957352292923037;998,2.8945845909616716;189,3.0731595889623287;447,5.7968516855831576;295,4.997652824697204;858,5.880772967930605
318,0;174,1.5426310270562003;570,1.7192113689840591;189,1.869186771022384;790,1.846145194078318;533,2.0115739733881344;619,3.1324908596352827;295,2.5820984227983774;343,2.7293817131279803;827,3.9786956613506343;709,3.1721800494526087;577,3.564314649677284;883,3.573038014754082;485,8.044211184448223
533,0;62,0.005529950003548187;352,0.794645540784535;597,1.6383824081867466;710,3.693798326744772;620,2.8204974980647126;438,1.5896552305891434;376,2.152071406190742;45,1.9371084551980602;801,2.854820109338476;680,3.884711310113017;650,3.699960910876158;944,3.9681160446809236;397,4.584262881157151;750,2.924589325275905;725,3.8186734014182684;31,4.006918291121199;858,4.943247422321652;16,6.515189614624827;580,4.966861612699298
121,0;193,0.6916943234822124;456,1.8167986249270724
821,0;483,4.66227902958317;979,8.310966516223822
78,0;841,2.0513983284069073
677,0;443,0.40687707447676924
311,0;504,2.92621157225299;840,1.0933680323038912;20,1.7285239576947333;328,2.04823314023048;404,3.6526740253961694;831,2.6274456144771747;93,3.5032216136148415;24,6.096993083123849;810,6.415032584560888;73,7.580104443465965
362,0;496,1.4621906026044527
491,0;103,0.8309383915658641;224,2.1299516814408994
49,0;360,1.3738885038388735
257,0;73,1.7498903046934922
562,0;67,0.5970579463203903;447,0.7089531819514153
840,0;473,0.016465854734429113;323,1.169512272306679;203,0.06053971872040678;678,0.3878946732670187;360,2.490247479344494;474,2.428174706011916;974,2.3896380828153663;63,1.2537770315423065;616,1.2560089629027598;576,1.9223098783060242;86,1.9987954353754358;479,2.4612485726501014;427,5.440148404280951;935,3.143774287783668;314,3.293750298840756;898,3.396454388167241;377,3.670042068816976;143,3.6834678172535233;2,7.671877681953458;652,4.472952061350021;740,5.530811180377351;744,9.218965690009433;977,10.87397772340185
845,0;628,0.31570966508838527;515,0.7563751533911329
578,0;49,0.11769691333814827;485,0.23186830061965086;360,0.7071183233882607;318,0.2978058001112387;762,0.5225988034861078;475,1.3427928977696477;995,3.2839221786468977
675,0;727,0.07343598506411596;531,0.2970482905012288;600,0.9395262174650532;898,3.245059341608469
99,0;550,0.41657412320525045;318,0.9416575629145939;174,0.9493299603414337;189,1.0852799948893364;790,0.9951089114696976;734,1.7087279838320952;813,1.9527159873575854
87,0;389,0.48658425435349567
685,0;833,0.841751001387506
745,0;642,1.6283360736628032
853,0;401,1.1841413227778965;979,7.2441148829638795;68,2.3467888021397854
106,0;422,0.2239879361229752
557,0;752,1.376730332306287;1017,2.2053387117374927;399,2.384477333734864;834,2.5115463864917;593,2.7721633427938013;876,2.841331939512114;729,2.5540917558536433;443,2.7655580493902407;900,3.2047906208368717;409,6.200738034530105
996,0;838,2.3784346300694055;402,2.7002144307343596
253,0;641,0.4740815625973813
601,0;564,0.5574267355537744;579,0.8045403153253629;71,0.8939680015250613;775,0.5728811595666183;142,0.9742366227637268;21,1.3797007679487086;708,1.7874293648426374;902,2.3974411451289135;515,2.423953547945532;430,3.3575678017878423
502,0;149,0.966037043550696;202,0.17657980604639537;837,1.9329680169363206;510,1.3329035520645947;605,1.866924061308627;535,1.9843984689201954;855,2.4721544926135754;420,2.0548828207484484;670,3.437602464065387;223,4.819263483921775;292,6.541715723572958;279,9.26434073892392
1016,0;398,1.0253580082799088
403,0;812,2.9384631570462068;358,0.3565205152333252;81,4.255141822777527;400,3.9598118329367082
747,0;513,2.5098847391951806;141,0.5454901106087879
781,0;51,1.776331280000009
58,0;998,0.22217668603613847;189,1.8029824795526916;447,0.9034449312825181;907,0.6250548602543419
499,0;119,0.4098223478569023;955,2.390995792353709;322,1.411578944798808;474,2.7791964672070613;797,2.7649531281567925
691,0;897,1.0086531254055375;626,1.069244688318636
825,0;594,0.1096065558853966;554,0.1888934586219142;405,1.0867934352020887;668,1.1925739044785724;798,1.4179955950093992;578,3.3269348133115715;373,2.0347754089239993;339,2.76695150773115
317,0;931,2.3978603053721605
20,0;328,0.07547423136320242;404,0.4560020089282105;831,3.8992005062975457
202,0;837,1.9220569258030733;535,2.388277505768342;855,3.696172928250495;232,3.1927421380774508;420,3.0674607249228174;58,9.022976188375022;707,4.751093493081617;998,10.810932228001365;727,9.866358650008895;189,9.084772203602286;447,11.44167297436776
631,0;34,1.6421749083583463
599,0;928,0.3708649101186749;998,1.1587789151213546
685,0;370,0.5690077270866861;833,0.0036544878227038487
836,0;802,0.3188838315348194;198,1.2280815604301314;146,0.8341670422510261;130,0.6587850215611112;264,1.1583657884410203;20,0.8716380882309054;161,2.1179844880422447;29,1.0082310587448367;328,2.471615287573647;580,3.6854119752151;852,1.07936264150544;983,3.02184895313345;58,2.944165518576469;170,2.4764641090941897;404,3.1459313064409997;831,4.043555406458353;998,3.2233202912666847;67,3.797565840090781;189,4.49962150744431;907,4.138518064787176;878,5.383585808051832;173,4.680273874468189;447,4.548512988606702;893,4.443370617621777;619,4.569884994428301
154,0;481,0.6316152189266867;316,1.093133147376153;679,2.6203591346550366;539,5.279679382183538;587,5.508995548130284;428,5.830863457773086;983,5.594702785181543;241,5.898589969652125;510,5.969976180799493;622,8.83058553208901;240,7.202662696484042;187,5.898028384182216;999,8.449350489386955;918,8.736856968267569;365,7.047581855068277;715,6.524825158474159;274,7.781579226892076;478,7.60997717547224;513,8.221250572579896;131,7.216819486845221;664,8.614793269610445;484,7.782355544677079;805,8.621140928439095;996,8.551111029826297;497,8.154496487386348;875,8.3769883001877;82,9.494626558165015;675,8.744364003816143;162,8.66284725795561;970,11.7017182841343;657,9.10896253070107;128,9.046132088155495;102,9.770012909777915;747,9.87100457518148;141,10.960743781002215
931,0;364,0.24275376436643986;254,1.3004138188279961
543,0;908,1.0205515189639076
78,0;696,0.6428793899929598
997,0;591,2.161123174612872;588,2.367440958937243;56,0.45666946436786204;482,1.876027033419183;850,3.2661803897647026;115,2.5581846978175933;840,3.9771625064257883;572,4.2504831069607745;323,8.577053266730896;149,4.847331166306241;513,4.828503949517987;282,4.443055044685449;789,4.278077564684667;974,10.45414561533667;914,11.391144685825742;512,15.113615824316671;647,10.730703797463814;195,10.902970021693658;167,11.646727625021983;672,12.114272596245241;38,14.728051232295583;611,15.301771297200313
135,0;261,0.30709923878439616;921,1.141644372839726
469,0;160,0.059101519608567285;708,0.7429604963279894;327,1.1095826851173736;1010,1.3569463374685067;993,1.4576688415595527;225,1.2151218426258026;483,1.5752001449252888;944,2.724805888685334;979,2.4647731776338104;307,4.450981788950296;726,7.442513417199042
186,0;563,0.07330683764279049
734,0;813,1.422892263215551
190,0;723,1.0076028814101659
912,0;792,0.02184818865383096
788,0;705,2.1150553643201495;424,2.814994382038449;66,4.6959153873156945;572,3.8893863668712916;513,4.113286023885664
287,0;588,0.4510577681853276;521,0.4964750972787253
768,0;971,0.056823358850577536;225,0.5357897967763379;857,1.3119597817029143;629,4.684794163409666;636,3.3309671495902937
487,0;110,0.7067568775754414
419,0;31,2.0866043599190176;595,1.4024433944017975;575,2.723884419872638;16,2.937040893608741;650,3.376320657592185;499,4.153709470280698;937,4.386389406892814
623,0;998,0.6222614415818198;210,0.10561981810827745;1005,1.0183247542890523;472,0.8888720021707597;972,3.0688710277649336;447,0.9731265129611637;907,0.7665955451391315;97,1.0011682729333482;782,1.9383563960082242;356,2.7642877982206295;221,4.407288444967717
466,0;166,0.056232341396179296
117,0;879,1.639331290165233;1019,0.6855694386339988
866,0;881,1.0323238373652834;845,0.0794683872930601;531,0.9409433363546662;600,1.0037209768101136;561,1.52472335182564;898,2.639875522333389;62,1.2902778038603688;443,1.107055140061745;900,1.76379566999971;2,2.9990618179689874
39,0;630,1.9175409372217824
720,0;407,0.5444740756995601;932,2.0957330554205016;345,0.3755538388632981
349,0;628,0.18676428243207868;174,0.2397697978494161;515,1.1679142847325983;570,0.36290472549708297;189,1.0907568206783473;578,0.25601009135920577;295,2.2197079069506107
54,0;405,9.507836608116936;798,12.45522553125727;373,12.867307922176618
453,0;681,0.9597161170749247;840,0.8079541625122145;20,1.1896057851838306;323,1.6351505795308015;348,2.0476974605470306;650,1.7793553395378618;256,2.3320625880877675;29,1.661099865819833;328,1.7565069942062232;580,1.7608407650389648;404,2.706944778684904;831,1.9994667460563378;499,1.7932137330099012;937,1.9032146451409755;488,2.4496794551008305;93,4.9665204215109675;830,2.651729165553068;141,4.8836541561418;574,3.65240186111435;943,3.020230408056148;5,3.8376113998919794;154,3.9372384587437423;24,5.310863676357364;305,5.4103589377569525;73,5.856276329498629;78,6.013252917865707;841,9.414870612429922
771,0;93,3.4807275410963836;24,5.565070184180908;810,8.650393822691022;73,7.056341616493571
340,0;417,2.6497457925905934;285,2.734043137248781;758,3.4765751331185912;484,7.266552710741877;445,5.425568498089931;497,8.333740591530463;875,8.79919693032437;82,9.209074451742849;675,12.371467670536344;826,9.214515463622178;162,12.011810269564371;341,10.232744404958295;500,9.518034346326184;260,9.521833618254895;128,12.270918726182014;559,12.628505879158912;743,12.962423747336315;955,12.262274071259792;102,12.786760340516524;531,12.79069911270574;747,14.9245310159123;561,14.709736477694038;898,15.16231326540735;62,13.044170971164831;443,14.5913168214707;684,14.750103399002148;853,13.527342929584057;620,14.586698080945672;401,13.924493822080844;650,14.977261281603276;430,14.94377521143074;900,17.972374945729662;523,14.78806368571079;609,15.037551166012614;513,15.475452738246062;141,15.94116263218246
930,0;807,1.6977867223589165;83,0.15686006965123891;1003,0.556742788694795;612,0.8893746681033998
924,0;539,1.0269361244830575;587,1.7773217077666068;983,2.1016432137286527;241,1.84939334322008;510,3.309235825305602;622,1.9485842948898267;616,3.308629314413543;61,2.2972566584772207;482,2.7550547384719914;234,3.1865721239235607;115,6.325062890752191;888,3.464779322648071;876,3.3266817181306685;780,3.49154655988208;478,4.110109483786609;947,3.7416405566281883;394,4.425969526011885;416,4.498510843238778;664,4.839295689063217;805,4.255884580836;605,6.2778208420757355;970,4.881804082061201;64,5.3238821081271075
601,0;579,1.006409194026807
133,0;190,0.16410720729807235
758,0;484,0.379639866522718;445,1.0688316472918828;875,4.310478905457226;162,4.53720520659899;355,5.788303488029663;128,5.2564854942417885;565,6.762941313551712;240,4.850559135809784;131,5.409107464612248;102,7.245273489458381;747,8.451275075690623;513,9.281498799960577;373,9.419709117311633;19,10.67519050540195
976,0;456,0.33183273571985505
16,0;650,2.3117311886738516;735,1.349834993720412;512,2.074146354462826;728,3.4726504049590314;251,3.408777609416105;802,3.6431135857050534;122,4.60316500296084;264,5.084162804930619;238,4.835256562338876;983,7.847126712986633
648,0;47,2.1467081699927837;749,2.7135641663411345;365,5.072954888331912;636,6.553198260800087
930,0;807,1.044368350999815;83,7.489152825126484;287,1.35990417835892;915,1.7170618650751972;536,1.4015564802009586;588,2.1984605572738283;292,1.5173719260105223;279,2.214885864185071;791,2.106233088364282;332,2.8477232358699083;84,1.9521237873918509;779,2.3989232825298785;781,6.624476440996562;917,3.453917501025951;507,3.4222363005542324;435,4.20940189705367;234,4.431888014234027;285,7.196273483950019;888,5.619852366067592;78,5.1544147802534175;876,5.688812638128567;780,5.038253483192725;416,5.866991040029002;947,5.619966076627845;64,7.162782263463912;873,7.427516810334519;533,9.146558161852353;758,7.339248388939972;484,8.468012855170807;445,7.773168740380881;1003,7.978240230322296;809,8.36436068368831;612,8.363028093794659;512,9.378268496598084;999,8.939955705554473;62,12.185360051965288;728,9.580646649316838;251,9.421368071453049;802,11.24946874169603;710,11.996753960154033;965,14.573167144963168;725,12.21216632721532;5,12.676326082919239;352,12.335386684648224;45,12.98091261601409;402,12.799016962198138;154,13.839628868185237;956,15.321844627754071;199,13.183361916571712;60,13.580560206063192;319,13.597189186016996;893,14.003987083957984;481,14.91764222129017;422,16.270842836632703;172,15.843070975776723;356,15.759785404837022;256,16.691710469859668;86,15.908389527493597;382,18.009521468373695;18,16.73640826435077;203,16.735642383338774
199,0;60,0.13709522041269262;319,1.3077628521139664;282,0.409185706751703;212,0.1975998891592476
385,0;920,0.8558160826497556;342,4.071373292652866;748,1.3661014430975524;468,4.114037667618881
324,0;438,2.0901398372572335;969,0.35623285002850436;476,0.6030912900740311;886,0.6730375248596088;718,2.1351015044741866
270,0;219,0.1550498733347145
52,0;654,1.0772981889113413;469,4.038604531169972;144,1.4168428607095918;825,1.764781400253269;622,2.234768481086089;554,1.958468398838915;283,4.190680355270558
155,0;398,0.49661669814308357
120,0;651,0.14405543899583825;573,0.8367025785082254
666,0;520,0.6728931057233035;700,0.8161112820426926
273,0;427,1.2505760630056693
702,0;360,0.542421306515779;427,0.13793497676470962;740,4.145485448541052;729,6.046646416856282;146,6.30487137898695;202,6.777774063699486;161,6.654517773489422;837,7.280978581148807;741,8.510490690751872;420,7.520519799765988;554,9.652797191223787;48,9.540809563820329;840,11.193312107461335;473,13.044654392308116;20,11.92951856925044;572,11.910393941267266;139,11.34176147816134;911,11.605319251497464;149,12.311560088963283;513,12.371172601666775;282,12.755778342325591;789,14.34444636297525;328,12.030158151932554;831,13.133716403655443;510,12.332647460786703;605,13.630389489440812;203,13.325063332976137;678,13.527494718428514;93,13.413870846652014;893,13.467688425656531;474,15.31507020935276;169,15.206601207862944;85,15.483687978972503;435,15.21196666621871;806,18.203583032564346;133,15.311731535398314;190,15.533856806424868;384,16.198498001489455;723,15.538412250310474;26,17.6161082128516;677,17.98575052904865;578,20.987311887492552
221,0;975,1.6884257784054197;524,1.7566214126203263;988,1.8570048669744577;557,3.0307252398045446;752,4.279312221351941
647,0;195,0.25235575230060364
832,0;657,1.458533821471201
203,0;350,3.669814129601721
612,0;512,1.8599255549960543;611,3.4002533519707567;895,4.114632203707204
875,0;826,0.8981709468421278;355,2.760559928716086;131,3.361842446925283
23,0;1005,0.10915349153821013;65,1.2452116188368085
564,0;71,0.10192032539937025;247,0.4297076562706015
474,0;427,2.5831051129108493;935,0.6636545217765876;898,2.391849711419099;377,1.3288065002787928;571,1.880971705590658;315,2.573633151722316
532,0;1019,0.15301774740731736;276,0.5554660665516481
852,0;3,0.008660307512502043;572,0.3356896852466781;149,0.7505413942911482;513,5.91383795863253;510,2.3263946089773984;478,5.646702340048596;664,5.829463125019168;605,6.911008448331265
808,0;95,0.6047591151585154
139,0;911,2.679306941375713
986,0;861,0.23955528333109577
901,0;2,1.2494595480768056;744,2.729172472426531;977,3.640105215615457
276,0;11,0.3069050128907461
237,0;731,1.1913872901628189
20,0;29,0.22621687555064474;580,1.087223472656588;852,1.0124527004413566;572,1.9882015547744905;149,3.788123961392304;789,3.3913279622950285
928,0;1017,0.4024567151364458;998,0.4732260612997273;344,0.8179400308053533
720,0;407,0.02684221288443604
49,0;360,0.31019361507823806
396,0;797,0.8343632704249035;535,1.914044254876292
540,0;639,4.428323434153787;911,5.466465514709232
706,0;997,1.467858405008296;591,2.567542757727014
897,0;626,0.06785918295374091;412,0.11629078086348948;287,1.3819557149945514;536,2.0020609592440044;162,3.5520703128514954;128,3.616484577961251;559,4.0123884641337435;565,3.8578161935917614;102,7.887714691484744;698,5.240871220076128;501,5.201739431611809;795,5.28469084078584;1002,7.3723834122927085;192,8.602689598455193
1,0;735,0.41566887811817627
318,0;174,0.2692260013225999;570,1.1986261749094393;189,0.5596548804729973;790,0.40133337436243544;734,2.3702121190566743;619,4.181688633613973;295,1.0218139067834682;343,1.6284596270510785;858,2.662693896624488;827,1.8800951611610512;912,3.0139446728346293;731,2.758435776412179;580,3.422955784284082;792,3.2121039048531665
867,0;276,0.5432971435888881;11,2.4696418027675127
525,0;984,0.13302401613839612;881,0.8161805226916851;822,0.8928420872172008
710,0;965,1.4509977278276531;725,0.5638711471085308;422,1.9387901754601116;638,1.9271738794213127;172,1.711503937991306;203,2.00056453606326
535,0;670,4.04015122472577
48,0;624,2.6361426402285404;814,2.9960698057066897
385,0;875,0.39658666135640724;920,0.39601183817450686;152,0.2790067887420104;748,3.3822044723399842;675,1.4082669408116864;355,2.880136207007262;531,1.7342720228410085;600,4.2495063634849695;898,2.7072200734932608;2,4.446224365953718;131,3.4503628991925073;537,6.3204141657477475
920,0;342,0.5669178050293312
607,0;458,0.5548649928829908
270,0;219,0.232817208568335
503,0;256,0.11838727654201475;520,0.4948413947112732;607,0.6728402466851884;618,2.1689660878477297;458,1.4537077409428234;267,2.3363458822511367;124,2.6385018677642864;797,2.7900066040433686;270,2.782431998854059;582,3.1097531202355637
816,0;768,1.429548469102215;744,0.34352525569194914;85,1.4655048816390703;977,0.868005435794231;971,1.5938255624589805;594,1.7356044385883491
297,0;259,0.14204704918671154
222,0;876,0.07847392293332014
1017,0;950,1.713528279348873;593,1.225021220359413
448,0;1016,0.7527192609958878;398,0.8457585968837291
384,0;26,0.17095846006464865;439,0.4441426105503676;866,1.2378128339270087;792,1.7399621789834039;881,2.316141825491763;845,2.574448725734043;515,2.136845865940713;523,2.955822205968384;822,3.3666609617322028
965,0;422,0.09310644223213241;638,0.3293579809233578;172,0.2660228133562073;203,1.8173853390904566;350,1.93071100952331
461,0;37,1.4181223460714254
900,0;409,3.093737240485461
503,0;520,0.7151392161141507
679,0;789,0.15422977499259635;539,2.075532000336537;587,2.410694278642727;428,2.5402610254218185;241,2.505387445172287;510,4.057102213610264;622,4.983699955846287;616,4.033899408086318;365,2.903173714188795;715,3.64483327360973;999,3.44324865337586;636,3.939826284366391;513,3.9475340605992937;478,4.114094270893647;664,4.500950682548645;484,4.2827500445105855;805,4.835246125212836;497,6.482165027904997;875,4.40992289161918;675,4.45285901708255;531,5.620400184661561;970,4.983176807104129;600,6.629495402320382;898,5.76893948589111;2,6.548644430648175;744,7.631317191598361
809,0;297,0.030809803434114966;259,0.6936511082571615
906,0;359,0.21451327963916683;892,0.44856774919022585;318,1.240612084157624;330,1.1626697173309979;486,0.9508810242092061;562,0.9814654859027655;509,1.7066275930861017;67,0.9844415027163604;878,1.1098935792194007;173,1.3147573845682268;187,1.5530576049230214;236,1.460261229311998;975,2.7696162859825595;189,1.72829041211592;636,4.245471101924229;918,2.1583160851778866;619,2.5937341339211066;524,3.164540725777768;988,4.09566770167333;88,5.297430924609226;847,4.3601010826618865
122,0;238,0.16255157987459368
449,0;251,0.33680056374964934
243,0;899,0.7104046390627002
99,0;550,0.28403406979555007;298,0.7607348282446033
601,0;564,0.007335959569264538;579,0.0597960973726123
913,0;429,0.030625086274335123;498,3.0665910320719614;917,6.7772149297425255
446,0;974,0.19381582385453777;512,1.4631062908386399;647,0.7172707277906349;195,1.0069565302775771;728,4.278430588311168;611,2.099876828851658;251,3.5596514371248436;895,3.8182529251795123;802,3.9314442002258594;710,8.062645253624567
196,0;727,0.1939035716550634;864,1.0645579174841497;4,3.321016295499516
400,0;470,1.0615015269526344;157,1.6648012968365362
972,0;246,0.034473509904033216
1012,0;691,0.7693462628218958;972,3.52882856969927;888,0.14929024112699343;754,2.185084351037436;405,1.1009919879629613;1005,1.4971784436389526;65,4.282029187248281
850,0;840,0.8227147388579172;473,2.5502947659329003;139,1.46151948673038;323,1.0415210870838034;974,1.1966498189420083;479,2.0355395408668757;647,1.540214631141446;911,1.6665027082465713;195,3.2986856711282817;678,3.8695163806080295;360,5.598245222257816;474,4.355058632580425;169,4.109184421193319;806,4.1758532786183675;578,4.660716666195965;427,4.906257202446573;935,4.647051053199128;1002,5.928339105170259;377,5.396157604644138;49,5.09122667940991;740,5.060484629748553;729,7.473314445707128;192,6.135727174319522;443,7.931527739795384
777,0;660,0.2416687694808422;206,1.1052234440667483
322,0;474,1.2589822455640818
804,0;37,0.18774276990100283;845,0.1877606142927977;628,0.6719418401121432;531,0.19380788550080744;443,0.4999303981096149;812,0.7187698367202938;201,1.358793419645284;81,1.6960383541412356;400,2.2929170695397847;844,2.018466380625115;375,3.4286904191139396;913,4.053455394702237;429,5.088467755140303;498,4.258827069531563;917,4.387526981629303
488,0;433,0.16752776238173125;141,0.7457446069869206
151,0;671,1.2428995547237962;452,2.7342143431492034
434,0;166,1.7880045473484159
788,0;705,0.44827260337587854;424,0.6290215930981781;66,0.9119102744612174
997,0;591,0.41422069044483;56,0.23674699935474408
51,0;965,0.6042353677043498;422,2.668062263704339;638,2.421681610241081;172,0.9314369980766521;382,1.8771403807559164;869,3.505476184150427;203,2.785905250807907;1012,6.105968825464959;691,7.025367846136974;972,7.979573556896339;754,7.34635907371216;897,10.009099187523029;516,7.437136283538866;830,7.946514596480263;574,9.859487438587934;246,8.164827493536023
594,0;405,0.986623353529443;668,2.7594316268116565;798,1.0875112591851528;1005,1.9348361038135464;339,2.24730239672904;39,5.066623126478641;630,8.936166969091637
373,0;19,0.5950141833525167
3,0;151,0.2501992526131095;671,0.35647926561302035;452,2.9551491976333075
14,0;129,1.2814884796678698;195,1.31913428591537
295,0;343,0.26986600271092615;709,0.39736589536421657;577,0.737894742858161
403,0;812,0.48823807096056593;400,1.8141851540757972;470,1.8700227367072573
934,0;363,0.8634471913416103;691,0.40780999180771443;754,0.42783165530975054;405,2.0326272475306113;193,2.188408425851074;1005,2.159587989925796;65,3.932694303544224;356,2.3346009341333587;221,3.2026428637168625;256,2.556991939665367;86,3.0693908612033467;18,4.272058053210701
644,0;560,4.60750289018942
151,0;671,0.22127347804366
654,0;469,2.2726219984734293;825,0.7173067605863112;594,2.6474651081742677;554,1.7399900535894934
934,0;363,0.861813819801662;691,1.222642220951912;405,1.6469653262981359
816,0;744,2.6386937001367294;977,2.993851057172628
57,0;814,1.2962925489312487;338,0.11693254283948024
557,0;1017,0.041386396328353434;950,0.2029223863293897;834,0.7939499296444985;153,0.43608429380506336;876,1.5009639108177462
944,0;521,0.08176955442130007;858,0.7781949950894856;580,1.0703870187183908
436,0;250,0.41853562909349873;129,0.9618838164618279
335,0;256,0.6998811959396459;290,0.3743747041008849;618,0.8878134785180541;195,2.2161616795421053
294,0;517,0.33123930370089044;212,0.4777801844573841;19,0.5930053382987833;881,1.0064726896052356
249,0;616,0.7833878126859425;576,1.7921550868761207
690,0;201,0.13266354498189292;844,0.6711544274329659
942,0;1012,0.03443981003007388;972,0.4366144358606157;888,0.26112401094256643;947,1.6352501027415913;246,1.2958681673437908
349,0;331,1.0284972448025593;628,2.2267950181956584
659,0;915,0.18683963528506525;319,0.6398256683733887;84,1.657944224328864;893,1.736636104251969;779,1.791498973578834;917,4.506704712952735
201,0;844,2.5434203281110235
808,0;95,1.3660510727339787
126,0;211,1.7181132752687331;791,0.9147220820746613
802,0;264,0.6309817291236959;710,0.006972682442080531;725,0.28083038389154297;5,1.4595507422925702;31,0.9235802358625733;154,2.305190533594356
484,0;497,0.5074219489419465;82,0.1438017433028871;633,0.27122750483155966
926,0;882,2.903325743689546
207,0;801,0.29142759589989375;397,1.6436078520458373;948,1.4804543563978823;204,1.4965767593196022;990,2.350672463829035;986,3.385044104976986;460,2.9441037134283796;875,2.4604655122728945;162,2.80752500391611;565,4.489651826074957;955,2.839596811238011;136,4.413705608726664
910,0;34,0.44640210352580234;539,2.2519594018223406;587,2.39343747027037;702,3.3606439370744714;428,2.548421701343137;510,4.588429646863418;622,3.81584983843854;616,4.315646104205059;187,3.3173134674911315;999,4.830153383545927;636,3.635369362465832;421,7.322868722566817;576,7.000983768107727;86,8.504124260443701
467,0;554,2.137504554149423
741,0;48,1.8628928961972513;95,6.168398979410085;840,2.415961648854946;20,3.0374897928385893;572,2.6093398867629163;149,3.288648917315154;513,3.551050226113735;789,3.1205105154259782
576,0;86,0.721010258602888
181,0;399,1.520834657945388
4,0;795,0.31939019688216735;291,3.4541724753817364
531,0;600,0.39169338656744146;898,0.514235786139605;62,0.4984921228686224;443,1.4316793547086717;352,1.082345739113515;710,1.1665157238244444;620,1.9056423778264273;2,2.3251770819534148;45,2.7850871690547914;5,2.3418135387334322;944,2.5690817836068436;430,3.732049728391859;744,2.552085830145412;154,2.6184036248904707;977,2.573043219111149;521,3.535267718833221;858,3.5201224581154644;648,2.6608929372547605;536,3.2771912251009487;47,2.8319424987354056;749,2.931408382492102;629,3.4902653998084756;365,4.099078093557468;157,3.499864862263768;1003,7.110776780834824;670,3.5369726298198563;92,4.4927914524034;580,3.8131312980502035;223,4.402649736549194;292,4.784472455522976;279,6.427160366268225;791,7.38330394391849
57,0;896,1.6787982430416373;338,0.3967843315735356;99,2.793837333963619;550,2.853364754352295
471,0;374,0.17325852593763166;660,1.7621842764991464
924,0;539,0.6597039137481658;587,2.3030259139236113;702,1.0195745940351841;983,1.6788228377887733;427,2.030404672958386;421,2.729670865704326;405,1.942263754030726;668,2.386196489256436;1005,2.70932221894644;740,4.365279019912884;241,2.3202229576436606;510,3.8831571602553216;616,2.7866424323908148;356,3.6495478049569456;797,2.798248729002495;221,6.333132527017915;256,3.799047421961385;86,5.376101727553685;18,5.773448176395108;975,6.435460129380818;861,8.037805408457894;524,8.197482094914193
867,0;276,0.011578413357633991;11,0.04487467929003108
784,0;941,0.9351487257235884;658,1.0130529158611903;380,1.1060912898998165;868,1.0234729205133215;451,2.0144845460887355;543,2.4977114217564385;53,2.453892798274704;835,3.773451488259841;908,2.506441994486656;15,2.553831791936914;508,3.276159936145758;194,4.934666044494722;337,4.252493648280678;293,4.631421019200166;811,5.226069790420999;840,4.737121796900962;686,6.818070297756643;473,5.0761299341895025;139,6.546716838546937;323,5.810477696084165;375,6.054556945703511;778,5.786567365049492;63,6.113259852839795;913,6.143272430978358;616,6.27604775146688;966,7.164398017334905;911,13.700813844268014;31,6.907908643727028
1006,0;150,1.0645902496400665
738,0;461,0.0074830299591122145;811,0.010269668870707375;734,0.1669004945824874;37,2.2057681571376504;778,0.07581735872454107;813,0.3120933336083571;728,2.216880001769397;152,2.498933913219353;845,2.3326713642522168;628,2.8893162338348426;515,3.3705694596748037
626,0;412,0.2134201646656468;943,2.2550091286924028;287,0.5205372385743207;536,3.7539635105065443;588,1.485562510186167;162,0.7221339230946686;128,1.0085794498640395;559,3.1925029404077634;743,6.019069875998674;102,1.1806136012912019;394,5.447506809113064
381,0;838,2.0846562776755495;709,2.1307092370861067;308,4.300630691688225
866,0;881,0.35454548444570455
224,0;664,4.702181404877429
935,0;898,0.4662207541152255;377,0.6750248792507009;571,0.9204422422429712;315,1.0405153721675822
825,0;554,1.2166975082428986
574,0;5,0.34951136138873407;402,1.3664329284366104;199,1.8733676497148632;60,3.662599837490144;212,4.112884205737697
712,0;410,0.8328859223049746;254,0.09485624573106806
401,0;68,0.105800716854267
113,0;370,0.2665217844533817
173,0;761,0.8419271813302815;22,0.8809057668938642
295,0;343,0.7167884578892582;709,0.5715683878006391;577,2.116594107283033
536,0;292,0.2691368726037892;791,1.6041579249382256
894,0;486,4.572298154548092;2,5.167061643493269
33,0;195,5.284915724698589;752,0.35179468634309935;399,0.9950305509621953
270,0;219,1.3308822569780832
418,0;186,0.20946978122100074;563,0.5122995607400962;978,0.7519481114455757;915,1.6555464371159172;332,2.9664378243702307;760,3.032666602774942;513,3.909275889570295
897,0;225,1.2933781941891873
919,0;607,0.2765249616178784;458,1.206038474772238;267,0.8289836434056908
147,0;962,0.6498751624186866
522,0;405,1.8160526576020781;668,2.125391990462289;1005,3.0047675046768867;578,3.2187241799212316;65,3.0892715213020643;49,3.4450472368269085
556,0;413,1.3846416785733022;994,1.4763830055258054;416,1.6509588530004216;516,1.600782181707451;64,2.999866213959738
773,0;893,1.003016804479499
205,0;718,2.2272458612676855;626,0.525132467610434;986,3.9056162256680076
482,0;850,1.41406026659424;115,0.710963467811647
763,0;490,2.6202696871564948;530,3.1574526858079706;745,8.532461602474132;642,9.619093836052148;510,9.745212169509735;478,11.912560731053222;484,13.666951283437456;805,12.437204397893273;605,13.78131387046416;497,13.835377592515306;82,15.216242639333926;85,14.999303077624706;633,17.582947584159328;448,19.43927828535229;1016,21.010910606655106;398,21.608119605353462;193,21.182290986195063
374,0;935,0.20094393462203416;1002,1.9525347755519675;192,2.3444494356886647;460,4.720235658917601;869,4.887294198530875
817,0;175,0.21715696402757212
760,0;196,1.2151873999439853;727,2.4393331887056675
998,0;447,1.0823029080568565;907,2.002880500284934
668,0;578,1.9736383086098224
484,0;82,1.147504587216118;633,2.2026567007786584;458,3.204324802020655;124,3.7391580575809975;797,3.427007736052072
650,0;937,0.5143689368621439
678,0;474,1.2015892053154498;935,1.8489491153026387;898,1.9444159208979575;2,2.6316354141797196;744,3.0955662470679783;977,5.640898400638553
518,0;455,1.1138568657160008;892,1.7396549741925111;330,1.983699950961156;983,4.287032117819656;735,2.3510520499623397
670,0;223,1.6759341266731895;292,3.621873314036158;279,3.850212625202907;791,3.996258448952056
722,0;57,1.802952068652035;338,1.9941996017149226
367,0;644,3.4563821460419737;560,5.054024382377005
29,0;580,0.008774390712447486;852,2.4252120697119017;572,3.203270144819022;149,4.461280021451741;789,4.287242501024752;510,5.695254408458051;605,5.026660600634166
432,0;90,1.2565583046401476
614,0;79,0.25956070903381256;29,0.02245221463135851;852,3.0976630849017877;3,4.381689664245709
543,0;908,0.5584996351976798;15,2.259012253495195;657,2.4792535782354954;664,2.4966568817954875;508,3.442576216407711;194,4.969618847723405;337,3.4551336370678687;811,3.8868114144752846
684,0;523,1.4382105128182257;738,1.7565346431616813;609,1.8013409454660487;918,6.557892158644176;811,2.3012649768175004;745,2.3158835963817053;778,2.305880775304068
300,0;484,1.5387510494656682;497,2.0165335265382662
784,0;662,3.3700569080152043;941,0.534642604014498;278,1.3131883076665047;964,4.343521858056927;737,4.476990031930328;313,4.949204190672863;594,5.073486910163657;405,10.408927193672525
627,0;208,2.386796960478703
322,0;474,0.391304974526321
35,0;377,0.49530090898862844;237,0.1948305369310835
821,0;483,0.1962553872920519;979,0.7199303036304537
888,0;947,2.138973540522837
594,0;405,0.04581724276891653;798,0.23175770306124616;373,2.4118389985408384;19,2.945732711743501
673,0;207,0.9794226152792733;70,1.5339387193147356
342,0;468,0.18653314956023218
70,0;518,1.128226115279485;396,1.9835877140178333;797,4.348220603800227;535,3.3012001066100245
958,0;101,0.13559016353563005
612,0;512,2.0523922553036456;251,2.589354002270872;122,3.2886398357499287;884,3.990925352798124
222,0;876,0.5083915738829549
558,0;1019,1.7904025800814745
59,0;564,0.015952378495412797;775,0.42405609712622233;21,7.597069705973881
137,0;873,0.29810123194676824
793,0;931,0.06318385599356867;876,0.08368130073712098;364,1.1102225013542855;295,2.2800353506675033;858,2.66085456650562;827,2.394525768593502;709,5.835551710444649;580,4.8640264255285715;308,6.570043365889717
301,0;635,5.001796482957435;215,5.044652095977835
353,0;901,0.3401609926675226;2,1.2168112609907158;744,1.6094705179956112
0,0;154,1.2759274068509887;1003,0.019654456359972178;854,0.07824059168397826;866,1.0716924502676735;884,0.9283354869566925;845,4.901774195487688;481,3.529967267407634;316,5.052697887206388;628,5.9790078346863496;531,5.467036733128575;679,5.12950942029277;789,7.330688164954656;539,5.704237216694454;587,6.95804301456469;702,8.072354071088228;428,6.037518017012787;983,7.845512266440576;241,7.208878355156271;510,8.77081461861755;365,7.213623891100402;274,10.304401052967574;636,8.807875948409475;405,8.34200632869475;61,8.992575575296343;421,8.566661034757194;798,8.881228009569119;797,9.227682712603249;478,9.003396641466964;339,10.013848332638029;482,11.075683970076161;664,9.589228431981805;805,9.102857676834795;970,9.30333710220305;657,11.003331280022332;39,10.774870472863144;991,11.378403884929066;971,11.141866121179378;630,11.086273237184455;115,12.179485320289015;24,11.913121985494968;493,12.647441543596823;552,13.383462907404612;73,13.444809815223605
604,0;27,0.6595206100852913
739,0;610,4.899297802109129;81,5.3399455484193625;375,6.070050342639728;780,6.126255437015725;416,6.720245051483825;64,8.8294974540689
578,0;49,2.8277461911334654;485,3.348345168820493;360,6.277409799326637;318,5.246369905329162
276,0;11,0.8870614595826515
332,0;507,0.9028318631369415
303,0;501,0.29618364411651615;708,0.4835475911132947;1010,1.6939458292368292;871,3.817208328499497;483,2.1074078570903545;29,4.063566902262882;580,7.494755076447911;852,4.913623764911864;3,6.075775093168948;572,7.383056140008881;149,7.8453905098490075;282,8.886344445792155;789,9.145327493390306;605,8.740740043187408
709,0;308,0.3061858153327428;824,2.6899205580628127
611,0;895,0.8803079036657322
542,0;269,2.4811259663397425
540,0;639,2.1019466226282866;929,0.778937982904675;857,2.314286058257136;636,2.3214665127785676;847,2.858880606781721;704,3.1641708535366537;65,3.92375411866355;600,3.531915541315893
621,0;510,0.17292471816272947;478,1.455998144967789;664,1.9778419026285232;605,2.285964058506661
369,0;485,0.37759595394302997
279,0;781,1.1582977866003326;103,1.4919705108790433;224,1.6538195782130627
325,0;393,0.625532563378052;69,0.36816163118762085;410,0.8691525636640971
900,0;409,1.0926067932898886
792,0;515,2.651506168894413
518,0;455,1.3080861252890272;892,3.4949434691378256;330,4.059487449004994;906,4.334477028721028
990,0;460,0.08702990389610031;869,0.6102319143457331
815,0;309,1.4239978262981616
84,0;779,1.6261028675520952;917,3.1077907697601086
838,0;402,0.04639548243910603;956,1.2963701480623213;199,0.1037221674642543;282,0.8338503548444813;846,1.6539003276209572
474,0;427,0.5884789590078734
714,0;160,0.10615920276764543;708,0.45571136059778616;327,2.429015829310123;871,2.319870100719916;993,3.758450200069156;225,2.6438756106287324;944,3.9470508642668234;521,4.492663756049044;858,5.303732550636837;648,6.793377001516821;152,8.36963156784312;47,8.17776130819304
222,0;876,0.7736479920038777
678,0;360,1.7806909266794853;474,0.11973713803534934
975,0;861,0.6944462387140612;524,0.05702811281377241
461,0;37,0.8445173454671502;152,1.9193828407544413;845,3.451887635287355;531,5.418968687685806;561,5.648227052008824;898,5.93500576659968;62,5.470192978908911;443,6.149213862846906;352,6.905589434478532;710,6.514207868105432;620,5.8252001974890035;944,6.030039312711139;521,6.4104313960146975;726,7.296248044592303;648,9.135777114715786;965,7.169178107675271;438,7.128914951448614;376,7.339095962128253;638,8.357043464985532;172,10.683805461632383;664,9.335937812172768;536,9.609080581427703;326,11.100253334782613;382,11.246066464000426
901,0;2,0.7464084640479253
760,0;196,0.7251174234788496;747,1.1447813220299579;864,3.97280372146827;141,1.43271911916705;36,4.563046079227872;4,5.065343899461366;105,5.865196411148905;238,4.572927558378562;611,5.837054498987662;795,6.158949195561354;895,5.918733935352935
477,0;411,0.041567449487611804
365,0;636,1.5032016931098522;847,2.454289442225424;903,3.853683014463437;704,2.586822615757181
738,0;918,1.5055072728741716;811,1.4154631973051304;745,0.11934317437548836;734,1.6487826860054515;778,3.9535224511196523
379,0;474,0.8424848614158813;935,0.9178241572118793;1002,5.160840224848523;192,5.339121350071467
82,0;633,4.820631468300989;448,7.445716113951562
113,0;370,0.35038652631228756
207,0;801,1.120529465969881;335,1.8749486930685495;750,2.6706883874824348;290,2.0704716461967525;822,3.8820784979927936
831,0;893,1.1364739335291125
381,0;838,0.05034415879177689;402,4.109754225922322
906,0;592,0.12104215956179548
949,0;964,1.3525320237288285
944,0;858,5.187095446571607;648,0.10082093049045447;152,0.38146746841058266;580,8.424194654297317
392,0;226,4.71692081066002;308,6.297572635266474;825,6.749171139034555;594,8.592530125367029;554,11.29060485973621
320,0;308,0.5589085946159509;824,0.5796224306627792
987,0;382,3.546258273261124;331,0.8922874954820141;925,0.6393945354922023;718,2.093278993087011;767,1.2750566557319791;354,3.616384141339126;533,3.2247382878320137;986,2.5128731797738926;861,5.760721270377208;822,3.9126831779398255
204,0;871,0.3259794211277141;125,1.0168722292660688;986,3.413610038081988;72,5.308247107644621;136,4.73057369539948;169,5.653442860356949;249,5.894233114986235;435,6.430863272608486;322,6.173076054902927;616,7.3084267700093;133,7.262450992579892;234,7.321565612657177;876,7.801511626911727
651,0;181,0.0017715677888634383;399,0.1352453482483156
755,0;585,0.5970647130284963;87,1.7145521749082566;389,1.758260091341358
950,0;153,0.5563844112929597;100,2.014509749832737
384,0;26,1.99415398091748;677,3.070485252394425;439,2.4046093379452587;848,7.391895863550953;866,2.5678009815905507;881,2.829418153925445;751,7.899719569030796;637,8.083731039842748;443,8.845526581055415;336,8.233330947814702;900,11.668584626659047;812,8.981842371032453;400,9.284994120789767;470,9.85370029705426;157,10.363151630689627;92,10.991028390020654;409,11.785211088312696
781,0;103,0.22827766985750442;51,4.006356664497951;965,7.096903897141282;638,7.718079748770918
706,0;997,2.527119060850488;677,0.15742505157117148;591,2.715283621212067
378,0;334,0.9922591303564515
719,0;960,0.027163998629150192;648,1.5472618516675682;536,2.04934919619501;152,1.8266783905474555;292,3.496137574722453;279,3.9427335278892213;791,4.100783410007905
482,0;234,2.929444675977495;115,0.4436444995734205;888,2.998412174756491;78,3.1703143691382634;780,3.1385174444882304;947,3.3628291034007556;416,5.461461506996804
488,0;433,0.3617363851572341;830,2.4635000518165646
401,0;68,1.0784773247103208
457,0;71,0.35870708856981226;247,1.9604916410010882
483,0;979,0.2388220978781799;307,1.0544748063106955;508,3.7091687713580743;337,3.8752074582630867
176,0;711,1.2362992275095788;503,1.5616696841713558;13,2.3293106971061137;256,2.3160741076116604;520,1.6788051163949071;607,2.7586245354149854;980,1.8931530586667766;618,2.389790955749859;103,3.3677856904124086;458,2.9070900949161556;224,3.3754747811996695
226,0;308,0.2325179652589746;825,4.019276936631315;554,4.856596593141792
145,0;723,1.729467731231539;934,0.8832326750065386;612,0.9857920612430063;512,2.1959184524037725;251,2.8796102685717244;122,7.301554521183133;238,9.638257858243342;611,11.396308133509784
837,0;855,0.3409573660274959;232,1.1701183713175163;707,1.5889153299528784;991,1.721636120335173;24,2.260593687117842;552,1.8403734448526476;810,2.265082492397891
948,0;570,1.1189188830017343;204,0.12784001001440756;871,0.8323716669642642;125,1.0412824185238072;986,1.202054980234992;29,5.012836864337328;107,2.031720920712413;861,1.8138170150484134
643,0;980,0.08449454903357102
367,0;644,0.16885518986403755;560,1.6523770355566365
382,0;869,1.4997636452270227;1012,3.5449267007768275
479,0;314,0.6907876525632813
31,0;16,0.08845594168672699;650,0.13505576145951234;1010,0.7440582098034032;735,0.4693229752072575;499,1.5120111908446305;512,2.5701798111026606;483,2.692403224153213;119,3.0021464553013706;488,1.7997170466630559;433,1.9338745765846481;141,2.24974797675169;728,3.265391198711112;611,4.352357215815721;979,2.8764297447214275;307,5.748674508055797;540,3.570399491114785;955,3.470856410460088;322,3.0554306312053754;474,4.288646240363773;797,3.842091660808466;929,4.8839315600583575;427,5.450570887842545;935,4.552719751767069;895,4.625146674513889;377,5.801319129790301;508,8.950641346374114;337,8.9982598115131
928,0;1017,1.4570996398359217;950,1.8407517507652535;834,1.4915096175355138;876,1.872190514640761;729,4.608673284007653;45,4.920653853788075;146,4.656257399012237;443,4.751449172377233;161,5.566058374096342;900,5.192569941682188;812,5.771357074590151;801,5.249275939802529;335,5.898717634811013;400,6.679797134299121;290,9.063556966152166;470,9.767620952932134;986,9.085091338586714;136,9.34203648554375;430,9.81841185432394;157,10.137234476046013
401,0;68,1.5158568139772897
99,0;298,1.6706162579225918;318,2.9358634509022186;174,3.1713274516945718;570,3.318563922506611;189,4.098011700974311;790,3.235177668255927;578,4.273299744799264;734,6.574322921711767;619,4.505441799400204;731,6.877294204456816
364,0;781,0.30016887076884047
237,0;1016,0.8702515866277508
711,0;268,0.7826925876985256
74,0;497,0.9333616537806438;935,0.5520536194102761;1002,1.6305752746306947;192,1.8377377583794816;460,1.9976794302667578
766,0;561,2.609381883267497
75,0;283,0.5394946911777856
991,0;552,0.02706875857154623
317,0;931,0.1174253462452542;364,1.4196454754465098;781,1.5582476668435188
820,0;782,0.7359841650703636;912,1.4037750579759527;792,2.175967711498685;1009,4.723763361559721
373,0;19,4.0565447292435755
647,0;195,0.542203864997599
494,0;738,2.0510435488277667;461,2.3763904241053977;811,2.888263142394999;778,3.7342724384369266
143,0;652,0.7423940147825484
165,0;116,1.5739564556022518
111,0;506,1.7347696911762718
182,0;373,3.1269668794684478
758,0;484,0.5611046461764113;875,0.7500365051495452;82,0.5674502718618073;826,3.4353820069394914;162,0.8454726582428074;355,0.8833049306947376;128,1.8422529560201157;559,1.0103966893968983;565,0.8486685751691128;955,1.7059822008207206;240,1.5380721277720677;698,1.4920566914682976;131,1.8872026920952865;797,1.9426054625451967;102,2.219376419654415;537,6.981524046594864;747,3.0117660643531106;373,5.091923412479897;278,3.521261794308706;964,5.181680713547435;19,5.96452380243152
969,0;476,0.3299645858759497;886,0.17883341503779573;390,0.9350812327977908
284,0;209,1.3781213055972157;283,4.491096984888253;22,2.312013221121778;775,2.425398296737967;142,3.3516148805433983;708,5.271090647851107;902,4.185973725136753;515,4.833311222744969;871,6.526874496719699;29,7.3560418762038005
689,0;888,0.06630202629854355;947,2.2385073459773808
367,0;644,0.37970885199105286;560,5.282958974403051
770,0;70,0.033358960786304744
905,0;965,1.72717614475866;172,2.165839655301865
720,0;345,0.12279976210750732
493,0;799,0.7794962302339359;954,0.5954379801567272;825,1.2134610123966303;896,0.7021067651333592;311,1.260045812679427;554,1.7592028143526985;504,1.6928427813836395;840,1.4868878920557473;473,1.8128801817727855;572,2.4103346779166386;139,2.19482401628975;323,1.957021809527898;203,4.59685767387265;974,1.977285314629625;914,2.404586281580733;647,7.307085374078972;911,2.213377139214089;513,3.1406860986291125;789,3.3251871824104553;350,5.4924770306382875
542,0;269,0.40058834839143986
507,0;337,0.5594124564438859;435,2.133561354775156;133,2.861076805624368;234,2.7818200357871103;285,3.0985886098514017;888,3.722131709653689;78,2.8113291528673696;876,3.942206238103882;780,2.95048678248685;841,2.8146489222514037;416,3.774991034180869
336,0;971,0.7113488143311313;225,1.3944985294935892
885,0;694,0.11190948471935375;1005,0.6172628491404073;65,0.7278682166603032
1009,0;864,0.44475971717695173
915,0;332,0.5938713262072711;84,1.2264625662295934;991,1.359454009141595;24,1.463829663388466;493,2.438267079906355;552,5.540130333318157;810,3.72184959600411;954,6.431801051417869;825,7.204340846386354;130,7.370511795835721;311,6.697108527890715;504,6.815501106139791;770,7.301529247560266;102,8.474684662235333;784,7.969170756502052;20,8.210526267999443;941,8.86086493374172;29,8.317015639317612;328,8.601250916445714;580,8.59398019804632;852,8.848820477874288;831,9.7715660614824;572,9.00289386288286;658,9.005241156445415;282,9.745465694480737;789,10.154005156710069;868,9.421496353591012;867,10.263317179764975;451,9.638191236416978;291,11.234225426146;893,10.243650095716676;276,11.030685560431953
289,0;428,0.25995333890371486;187,0.4613810363441163;999,2.272216522477392;636,1.9174752353779612;918,0.5752340805008195;847,2.0800301164189805;903,3.4137169174801594;704,2.2902448635380193;65,2.5814586793784158;600,2.5997166907253266
319,0;234,0.0031698285684816216;893,1.3786202739622229;19,0.22515283052991952;888,3.773607598233501;780,0.13099633321666726;416,0.15617310888115132;64,0.44701525361636363;873,0.6242347522265492;129,2.580151788832421;195,2.972049942478143;947,4.24085323129385
955,0;797,3.943460840067034
877,0;230,1.7893776372482804;498,2.7013085203968106;917,2.952035018061359
417,0;285,4.357531713778882;533,5.433810403742917;758,4.439269958990657;62,5.9707285107473504;352,6.399989052278409;597,6.914770249262108;710,9.22199761747813;117,7.940795453975216;438,7.344193396229363;376,6.627183470336692;45,6.54781781129562;801,7.290209100123944;664,7.828172198810472;397,7.8024561783945146;948,7.442241141921793;750,7.313485637867526;718,7.530308733735578;570,8.591300717339461;986,10.08997393613108;1019,7.992258672641033;725,10.262588064736633;5,9.838488921452834;154,10.239359816563967;31,10.491769979835823;16,10.595568513138154;1010,13.324151337383062;483,13.777041770585011
706,0;297,0.4661713118084635;997,0.4001118924617383;591,1.865393591057991;588,1.1526896350960807;56,2.2351891000744013;259,3.6894590381882635;482,2.3963270813044333;234,3.625928231815357;115,4.698801243797664;888,4.106112212631251;78,4.48676364557312;876,4.683979409314517;947,4.273724366816492;696,5.447331267061687
598,0;49,2.5927384632890713;360,3.0507393335547395
286,0;378,0.4448159003734441
194,0;375,0.423978569383884
520,0;980,0.9445898239204468
250,0;129,0.1298492750939832;195,2.9396655906543168
641,0;352,3.0063061351741274;117,4.073387512771738;376,3.424779718247361;664,4.837875099452427;879,6.423572053465054;1019,4.396016245218846
255,0;322,0.869411062729414;369,0.0004230479651037736;474,1.2034264679822617;427,2.889520133233791
295,0;858,0.2872321733724078;827,1.397146485206799;709,2.3371759576273807;485,2.1842863068870852;318,2.576633437187861;762,3.389086512773841;174,5.291813884040527;475,3.7122665310285274;790,5.566692545953646;578,5.323129237700538
780,0;394,0.7140902269539519
358,0;4,0.34152016022945714;528,2.190321882024223;795,4.132006930029992;291,4.1672104934928935
761,0;726,0.30286403135475604
4,0;795,0.4466338955669562
186,0;563,0.2999202731315588;978,0.2601062708632164;915,1.4954201375163672
243,0;899,0.2957087066964526
257,0;73,1.5669876872633888
682,0;999,2.36401163685745
988,0;557,0.4568120442447424;523,0.42391524283582616;609,1.257237070212934;1017,2.3862916682314914;950,3.1726290010056184;834,3.3063549277042017;593,3.0384530159116148;36,3.270233030200397;105,3.8901566690429554;238,3.4884916328183797;876,4.582467072079336;611,6.786494043190783;789,4.798858098463084;895,9.19702863758332
519,0;769,0.5016406647120348;827,1.364371334237325;485,1.6888779915477428;762,1.7631756098927982
806,0;578,0.4812140332435188
992,0;912,2.122150562213004;1009,5.8642710744953455;864,6.427991755925326;365,9.20563897884821;636,9.39578016307149
431,0;705,1.3716424249178953;416,0.10286388800828512;424,1.7255875306512827;572,2.5336034036742183;149,3.4949310858865745;513,2.9793356725692863;789,3.158076596123392;510,3.99802560725004;478,6.994245813572542;664,9.33298388101817;484,9.280612863326892;605,9.39225563167144;82,9.528791414925466
323,0;974,0.15596161035939707;914,2.281239440191262;512,0.4229700716648178
525,0;984,0.7266040779862248;881,2.7262245132662546
72,0;169,0.9266727803177944;435,2.5505814066668986;806,2.6165513972390584;133,3.1291671856217027;285,3.2500984112192324;384,3.307792942681302;758,3.7752132424298344;26,3.629004131845709;677,4.440686816985491;445,4.549369429578907
703,0;477,4.535603991065401;411,4.61237792161691
418,0;762,1.4292623316217867;186,0.008206570738016228;380,1.1613982053692742;573,0.1727163463909818;543,1.663235871941479
369,0;485,0.43616070625671105;318,7.081726180063687;762,1.242363848531077;174,7.101116590218867;570,7.624488326091811;578,9.603963711432137;49,9.950861890533753;360,11.059627921100496
254,0;313,1.268472537189972;594,2.34883180626786
815,0;309,1.4658737984311931
255,0;369,1.4854669600974486;485,2.6071056551231746;762,2.8059842480602186;475,3.3193645042560775;995,5.049346195882132
130,0;784,0.9363352776708104
721,0;581,1.1614222878836744;896,1.6592065240173999
623,0;998,0.6790575853583657;499,0.13902386280132803;19,0.35853266279818746;472,0.7326361532793058;119,0.5862759567885385;540,1.2113404502606797;322,0.8552591423317761;447,1.2202473975213737;745,0.9888783242457848;179,0.9078619948041042;642,2.0141470654793525;510,1.9900991096483458;639,1.2782142397115197;929,1.2921082830500348;433,1.352431084859722;911,1.4108504259866765;916,2.616856384053354
561,0;247,0.7462132794513818
383,0;893,0.11652923684520729
517,0;19,2.6488129284183257
293,0;598,0.15854248649169742;686,1.7222697263209676;49,2.2779444769187407;485,2.8141230501428542;360,3.1003725977953946;762,4.754181712551183;475,4.916302467866432
892,0;486,0.31748613150790983;2,0.7889404902443111;509,5.206645410140377;741,6.593100629629672;48,8.730276283531131;955,10.827275215549633;624,9.405830111739776;814,10.006612740791091
722,0;825,2.808783733960126;594,3.7153570674603627;554,3.3715906167239367
950,0;153,0.34035530571533684;100,1.739430666923869
617,0;183,2.008809455990692;62,2.2017136095680536;597,3.1728127590763484;620,2.6244305795948546;680,7.064066645035316;944,3.088702857516554;858,3.652930073597592;580,4.334979999804757
546,0;817,0.29644000085555217;175,1.0142579689020872
31,0;16,0.22179967939401796;650,0.3810606121466443
986,0;861,2.9624503302945673
74,0;935,1.7951290904166486
97,0;782,0.0453898097355803
358,0;4,0.32717531499884434;795,4.1231834238629705;291,4.75163218723946
17,0;862,4.219375925183302
91,0;944,0.08063647388795175;521,0.8661766702201446;858,0.3100397463368495;726,0.3670526414966681;580,2.004763689436906
15,0;664,1.6014911798906488
478,0;664,0.8632844064816027;484,0.35409877353080166;605,0.13790072150584162;85,0.36640532784516333;875,2.4431684333867456;82,1.0480812765373901;162,2.5109907388774797;355,2.7105599465142705;565,3.51753990552006;240,3.015831030367936;131,5.32937642790068
441,0;189,1.7694336536815467;335,2.9170258398167417;256,5.468600467260722;290,3.60679348091315;618,5.468615341819161
986,0;861,1.0398863283469715;136,0.8442356800742246
836,0;292,2.7959945012569682;399,0.48993520925640655;146,0.8763894656901783;202,3.2979549398332058;161,1.4690285536081573;170,2.885156105062429;279,3.37443568405613;791,3.005323516155223;781,3.4227316845379847
998,0;907,0.5322713281001996
160,0;708,1.0072812329684273;1010,1.3483161611525611;871,2.9954565667580693;29,3.3365417297209823;580,3.826029063167424;852,3.515445460760779;3,5.199381064280834;572,4.988400454361038;149,6.214888270201273;789,7.017722719263196;151,5.72991966872876;452,6.201634717371878
601,0;579,0.2016652275573164;78,0.5776163516499828;841,2.874551254690955
42,0;210,0.8265784010925702;972,1.633104894884771;835,4.247396999678051;949,4.286273127625842
133,0;190,0.25034019601111573
547,0;157,0.21326021833707368;1003,0.5320693385863893;92,0.2948718244543439
453,0;681,1.0865297890575192;840,0.009137499930127859;572,2.0256657039672583;323,0.8671559264825169;974,2.7247313764921683;63,1.021596174569999;616,1.6888463076844404;256,3.3765701282168807;513,2.2448449991310717;512,3.6545724875463685;479,3.448817938115547;647,3.1318726616456516;314,4.893118948887604;728,4.095508900885171;611,4.090805095157619;251,4.154162092976533;802,4.405012148322679;122,5.176624344246308;264,4.690960897256567;710,9.05880361100175;112,4.671150188143816;983,5.979351198841595;58,5.0953619173211635;143,5.393077240443803;67,7.73916059474251;405,7.046603246704122;61,8.18350264199896;668,7.897641118102149;798,7.800138449579549;173,12.176043351231883;447,8.848852756623913;373,7.98242067375593;339,9.451243131880759;578,8.875642711147929;49,9.652074203212885;5,9.544006734845466;39,10.201810251740989;485,9.91502452120863;318,11.539926304730466;174,13.23193037902748;570,13.87136272822314;189,14.140768879342886;619,14.458309993496396
333,0;301,0.47537558340977565
487,0;110,0.11671093084815035;433,1.6557563880141903
278,0;964,0.6334494108653791;737,0.9706633926324462;403,2.028789903448086;812,2.4296984733467064;358,4.29014354469532;81,4.883889901388871;153,15.61867415008994;375,5.398072795603205;780,5.982202840614425;394,6.3019796684916045;416,9.938105407094213;325,7.083728109068644;735,10.432857205528528;885,11.421474370433582;393,8.75171172458373;69,7.74992740187589;224,12.496410427160102;100,18.057660343531307
128,0;102,0.14368933556544372
32,0;693,1.1415253054827466;171,2.430339700136004;931,1.728057109879281;254,2.7956103313012366;914,2.810985922943975;392,2.7346435807126173;313,3.201439673742031;594,3.4863300905799086;405,3.998471606947805
942,0;1012,0.15931237656997993;691,1.534302216488723;897,1.8152471920826116;516,2.1875453596085737;225,2.670764403373712
166,0;860,0.27227799943254855
886,0;95,1.4086690660492456
225,0;629,0.45991056535822245
988,0;557,1.3724901840929262;523,1.0553480276601253;752,1.6020087645037382;1017,2.7712503541955993;399,2.3678206750168416;834,3.0616484971118116;593,4.459849636050577;729,5.447781730524859;36,4.75276148957663;45,6.315288475710094;146,5.708306517132291;443,5.723284550488688;161,6.358161001255059
584,0;726,2.127720573139453
25,0;772,0.9211977469982041;698,2.985260029337808;319,3.1340980567664998;234,3.3860681076516945
752,0;399,0.23726697878881264
439,0;304,1.9748654918540671
160,0;708,0.12885752156958735;327,0.47953694139139974;993,1.534472840486524;944,3.8685459083856673;521,4.20885044744009;648,3.86969276590175;536,4.471718794976984;394,5.242752366565777;325,5.991844160414738;735,7.415055081162537;885,6.096977156503243;393,6.05757436356198;69,8.028048669603216;526,7.075143327618308;410,7.060469971121215;267,6.694790767454565;224,6.104708730871311;664,7.266337802244302;835,6.774167806307314;270,6.88461971497025;219,7.407633725335758;449,8.546082473414222;251,10.77861191552861;802,11.89839259561515;264,12.006632927688498;710,15.236142903439658;983,13.239694185235269;965,19.247589821604176;5,16.557862282748726;154,16.87285486949687;422,19.286680593312315;638,19.86282974629947;172,21.02729819306468;203,19.436587809178903;326,21.501439147803882;364,21.613342916625268;295,21.790044986280552;343,22.665242284225908;858,24.543061731954502;827,23.57861475130475
53,0;856,0.093508227846308
972,0;246,0.026304873055781473
441,0;189,1.196927549179751
385,0;875,0.9849748597527472;920,0.8415865753732522;675,1.3842203337879715;826,1.141605810571105;355,1.9345016861294626;278,2.5816617925086933;500,1.538900547079955;727,3.157851326627165;531,4.83198317557466;898,5.27982271270877;443,5.027428148161315;900,5.431059369842745;2,6.803456737994615;409,5.438682740266966;744,7.360865478857056;977,9.39616363287227
325,0;526,0.19609477376418044
546,0;817,0.780403899169064;175,3.6321838794444794
72,0;169,0.1885937041573901;385,0.5005662112409245;435,2.8204957382143045;806,0.6902348836773975;875,2.5462324690051363;920,1.2427080962050074;578,2.464094734834036;342,2.005774942325033;528,2.22383810816224;162,4.701820675241635;133,3.1875869478836076;234,2.986698526187945;780,5.4337745523507515;128,4.750788066435937;240,5.451308732268308;102,5.82411814514757
256,0;618,2.7034947392391744
110,0;433,1.0810232791871788
979,0;307,0.6177297566008876
48,0;95,0.9536937107189984;840,4.5943933432350725;624,0.2817570809239463;20,5.363410243675409;323,4.77248529174271;974,5.766700563036856;63,5.183081064887387;748,7.449800723229163;29,6.404583786156821;512,6.414904179462476;479,6.595502152794136;647,6.283363989376489;195,6.848074255249062;728,7.015091790005393;251,6.9477029341717085;802,7.285749108045638;122,7.027822601645822;884,8.309638444797823;710,9.283267914587825;965,9.934073261707102;725,9.83647914259297;5,9.968082819296821;422,10.256307719290511;203,10.842756350671229;350,10.853196534321768
104,0;360,1.6013035532616788;20,0.42518374254353497;336,1.3239348162341376;328,1.653797751729203;721,2.976792468644861;581,4.295183899750929
522,0;360,0.31178193694934486;405,0.48884965160863386;798,2.975845170171433;1005,0.8176505264479319;65,0.8740179120227719;373,3.818593675645883;339,3.5547053475862898;19,5.340845009578102
382,0;869,2.747985775127233;1012,3.423528752562335;691,3.5281873781367468;754,6.676902199658192;516,5.280721821383443;830,8.690953864901463
16,0;650,1.5815300670325165;735,0.9153359494802262;499,5.160510946650769;119,5.590505639516314
935,0;898,0.07664924355094951
509,0;741,0.5585438447329284;644,5.592367162298718;554,1.4480254965085313;48,0.6804083144227618;840,1.8992079182976216;473,2.5486642182313295;139,1.926663238992022;911,2.3744032008591853;560,6.31033272749429
167,0;672,1.4316464870910053;38,1.407140648682912
632,0;828,1.3443825787352663
754,0;830,1.5610056242962416
660,0;206,0.23527485673492055
838,0;709,1.2878580339165935;308,3.4025026863176415
380,0;543,1.651322990149111;669,1.9916795086138868;237,2.010328919694937
250,0;129,0.4805924208302671;87,1.3804520809481613;745,1.7843272595085033;642,1.801282764744051
788,0;705,0.48190968578982313;424,1.0640730102043043
585,0;87,0.24744175309393382;389,0.7054993003503051
527,0;114,0.8474685536333022;924,2.4162829901514975
378,0;334,1.1754953788605111
915,0;959,0.01059982461307522;319,1.9780230060240582;84,1.0626701065564028;779,2.310310724361319;234,2.2870862807086527;893,3.098223652844183;888,3.236999137588282;876,2.3471879460784026
500,0;260,0.5672526671378172
293,0;598,0.3939356949095231;840,0.7831840406863488;686,0.6362130787544685;463,2.1961120620247736;31,1.2586278733653569;473,1.3756186242014259;572,1.6151165771484937;16,2.8852612551710424;678,1.4936174646590856;360,2.6695049883958704;169,1.8691391258300278;149,2.0516869897726666;513,1.7704698884107894;282,1.701347444209895;789,2.4078084028494287;249,2.071617961074412;435,5.107437045186965;1010,4.6816919431733455;735,4.132642274963821;285,7.579300293761948;758,10.748553367611043;445,11.087928884255465
124,0;582,2.0907770773135006
75,0;283,2.010705912710123
128,0;102,0.3889265116232452
851,0;174,3.4179635860323008;189,3.7997596572264225;790,4.415296924303589;734,9.605267741385934;295,5.371288834249414;533,4.4581138577587245;62,4.559881964255566;710,4.566671515437807;965,5.273574838277683;638,6.12230972583479;172,7.521217942613035;827,5.447461563735256;709,5.569006588287593;485,6.948745802301494;318,7.198589479649806;762,7.201410086015456;475,7.420362526004042;995,11.7286872955456;382,7.534160663828195;813,10.618296283745648
955,0;797,0.45852662779929126
747,0;373,0.6473590542090447;141,0.36856995993340097;19,3.60970031573223
956,0;846,0.2946942623197389
69,0;449,0.16154616880501313;251,5.705919593232937;122,6.648754330121995;884,6.855351279261767
817,0;175,0.14887213059242735
951,0;353,0.4871046419280501;802,0.07644775185700574;112,0.17067742143613168;232,0.9078098219120501
524,0;988,4.276245621334681;557,4.875267250614184;523,5.482162013008668;752,5.586768606494143;1017,5.072182927041406;950,5.666349749982462;593,5.985429809884224;153,8.071508575628872;36,8.077776258396886;100,8.206597569295791
551,0;408,0.9189095123760485;983,1.8883570215990941;350,2.8055695834714287;405,2.143471201970569;668,3.4217414548649345;798,3.809375072669802
837,0;741,3.4543393104706923;420,1.1777084446076673;58,1.362202708881828;67,1.7337732459604203;447,2.030768676206265;554,3.676234650198319
364,0;781,1.6300363516449021
196,0;747,0.2948966703158736;513,0.3120416142402276;141,1.0441077622645967
606,0;298,1.2730294020501864
165,0;488,0.5161067923728035;116,3.60838702563864;433,1.6937506085703007;141,1.8623618842508567
0,0;1003,0.3531911394426954
372,0;783,1.5306771601441294
984,0;881,0.11575646083302116;822,1.682712458452559
624,0;814,0.4032895077085469
128,0;102,0.492345292945747
108,0;24,0.0976963754826043;693,1.3487230233969436;120,5.12973483604136;931,1.9970885859147;364,2.1109390488433384;254,3.002264814587935;781,2.202412135971004;103,2.5544213994324143;51,3.0810571335129238;224,3.239838579098988;965,3.598539497490461;664,4.81212601042741;638,4.628682515863517
693,0;931,1.7442680909239985;364,2.780387175891632;254,2.230457213591529;313,2.238424376200586
691,0;754,1.0882250617194023;897,0.15278176971339963;830,2.163930186095487;574,4.96779233060839;5,5.363014582519637;154,7.644523746269659
80,0;364,0.6641111688780608;295,1.2412304856874143;781,1.9881113351950725;858,1.8662591793234546;709,1.8224685014278161;308,2.1923599573666794;580,3.289077463060928;103,3.019888559972265;824,2.922141148280364
373,0;19,0.15146044780583323
442,0;135,2.4153952329852624
268,0;284,0.2323098518780683
928,0;998,0.5281852748728216;344,1.5201261372908146
645,0;218,3.9298371625293127;925,1.0194167816865636;584,1.099839646941868;767,1.203069915474864;602,1.5101214049536673;533,3.3613041042758267;62,3.5697106908738285;710,4.119366258045708;620,5.68812664555053;725,4.213826319897661
492,0;290,1.0719906704216648;244,0.6560181055341217;213,1.8422616833655612;791,0.9794933548418981;822,1.1944037929986495;852,1.976251605703204;572,2.7113848885308522;282,2.71466734914978
387,0;1000,1.0332803121665084
914,0;167,2.1086420565160977
769,0;827,1.2257283091664297
207,0;801,1.3828970536866074;397,3.801574566094506;750,1.467492320806493
237,0;1016,1.5835156300803739;398,2.3786535772669524
605,0;85,0.26557037467232825
157,0;1003,0.274809675102643;92,2.0899719641183774;612,0.8919871993782464
323,0;974,0.5601759921095338;914,2.068359466382366;512,0.9156227157237804;647,0.6327877183386514;195,1.1367856168301513;728,1.7819334814522838
71,0;247,2.490238350980265
848,0;751,4.448315630797027;637,0.3181677770715983;973,5.218619127742096;155,5.366229305434052
261,0;921,0.45514385087001946
852,0;572,0.9546681843929918;282,1.264697039503142
610,0;81,0.4706884495828635;375,1.4431162384336087
1,0;735,1.0059756789186833
137,0;873,0.8919546807501942
941,0;278,1.372753291284281;658,0.5278652567196965;867,0.9483977671418835;276,1.9320990503811402
46,0;765,1.981181985684228
273,0;427,0.33308804575617684
875,0;675,0.15758451854483094;826,2.7847181638546203;727,1.3373596638516467;531,1.5635371789031196;600,1.74355909697295;561,5.305000378453272;898,2.217833855073401;62,2.4726388472225387;443,1.9292692701763476;900,2.1543848112903947;812,1.9438221463980054;409,3.6568151532404256;278,2.8736289975102065;964,3.81684119294628;247,8.325985493623191
47,0;749,4.388820959785179;629,1.353892753888423;365,5.102611913709612;636,5.500904176317088;847,6.430213458488348
743,0;684,3.9579882989113777;853,0.005965350247247655;401,4.767609210159665;979,0.41771194638910225;307,1.2070150059128424;508,2.922031593608968;194,3.0086312778833797;375,3.08442871851347;913,3.1358456874399883;429,3.6882013627467254;209,3.608593671035667;498,4.1119000483502;123,3.450027350994671;782,5.65394322691653;999,4.315780680023315;710,4.025104971940724;775,6.952673842483284;725,7.684325491326947;5,4.516238058341891;402,5.07520405650193;154,6.554505918341706;199,6.2044663331062395;282,7.028797570123627;481,7.106053906807397
343,0;912,0.8491030842320084;792,0.8734272411820958;1009,1.3551393113504044;523,0.9098644264376028;365,1.4129388470187727
711,0;13,2.0773817950316094
408,0;983,0.358301826560972;350,2.1533790023308343;405,2.252468280993556;61,0.6894030436959829;482,1.198885735926459;850,3.5781672947296697;234,1.7694986766462066;876,1.8634555820475849;780,2.1031374275582064;798,2.4361092784388947;1005,2.5350650917322124;356,3.3024523908719066;598,4.243926723879814;49,4.394816142031799;485,5.55923785634835;360,5.216209472063981
392,0;226,0.09354543771295826;308,2.023904476000321;824,3.0800472920216806
925,0;767,1.0704805996548759;533,2.193205949182663
914,0;167,0.4435974937385334;672,0.6814860742294768;38,3.292161065734531;174,3.460751214137079;189,3.5830587138384375;790,4.345015082660696;533,4.723381163904416
71,0;247,0.3904558916415312
499,0;119,1.8659384201605065;488,1.2954994888125115;830,2.5574496813782672;141,1.5996406840145716;540,3.3353923159851124;955,3.0341983769849077;322,2.1553042608203405;474,2.5251173741016055;935,4.93489600534391;1002,5.95071140140899;460,7.36828765285488;869,9.753087910242638;1012,10.19071826626255;972,10.788775345326348;888,11.740494033157384
932,0;666,0.5119337777299251
309,0;897,0.9348049735403552;626,1.727129595299659;412,1.7411597187415633;943,1.8578347016049044;287,2.487502824754959;588,4.592916670622979;521,4.174852740391179;162,3.6032402767651632;559,3.7172765168003927;743,4.289682207912048;565,4.029975506597907;955,4.206030754471118;240,4.482380318760906;684,5.269466083574436;853,4.896259774069635;131,4.690320275891871;401,6.157346469653255;979,6.663503796817789;523,5.2883276037465885
292,0;279,0.00033637869770422645;781,1.7295145508308964;103,1.9217581851035015
768,0;971,0.592299965058427;594,1.6898710147833769;405,2.3229962253693186;668,3.295509822530264;798,4.377931648551582;578,7.586490688504542;373,5.030233377308457;339,4.51946217900821
796,0;32,0.08496791964062687;65,0.7129265454377977;944,0.5749419595548921;680,1.3975078503760687;269,0.44711006809001846;171,0.7627064095261715;626,1.8787032787393723;858,4.635196572013563;726,2.2830082417901627;392,1.8951015283007842;412,2.1612676283722996;943,2.5704874061948155
936,0;835,0.7377260843994428
238,0;611,0.41517789004003675
928,0;1017,0.3783390560622147;998,0.9340349022606353;950,1.151318885816809;834,0.9004023810403128;876,1.1191224968980253;729,0.9026007843341046;45,2.3406034416314196;146,3.153014656154923;443,1.1102279278343283;447,1.5290399479097858;907,1.8162618365285423
305,0;78,2.040886157640333;696,2.3626222721242107;841,3.3539431530308064;494,4.375481578780782
988,0;557,0.22949938074398124;88,1.807837961063286;752,1.3056021919030645;1017,0.4001163468637938;950,0.5204861632809537;834,4.602128545499156;593,2.772858811628358;153,0.7049118020080074;399,1.353487352359654;36,3.197283549549491;105,3.4116807681881487;238,3.4120945798011033;721,4.14539765156125;581,4.485167149867782;896,5.455513213908428;729,5.500887088872414;443,5.554911066607561;900,9.340190619315077;812,9.921138275340759;409,10.47026333388412;81,10.104980669208237;240,10.480693605740216
482,0;850,0.32439580827724923;840,2.166011387236073;572,2.54764432089907;139,2.7860387783526948;323,2.763189327958233;513,3.316375119102355;789,2.6324601199492093;911,4.583984797238444
565,0;698,1.3818076159813226;319,1.6079834895987803;234,3.428781377386457
93,0;305,1.2606858879047924
151,0;671,3.5781425067614907
472,0;745,0.6143855931055912;510,1.7720910046588672
243,0;899,1.880187177225235
245,0;510,1.524470888840758;478,1.5917545136163835;484,2.44640275155209;605,2.2508927870439934;875,2.6048252185772474;82,2.603002196669377;675,4.666077644945296;531,8.706325970432655;600,9.175888047153082;561,9.975402357548218;443,9.106342539494143
155,0;398,0.3626359637687936
144,0;622,1.798443772789276
12,0;588,1.5201254846150885
694,0;1005,4.520550634445919;65,6.762441502640746
983,0;405,0.537907760516915;668,1.0764823431950037;798,2.9753828544732;578,2.121123348260368
104,0;360,0.1801160986557953;336,1.5740066297080504;1,2.005572418105648;735,2.7664009761630126;906,4.1995254512994045;592,5.466003388522503;304,5.521906961982905;668,7.601637289070746
629,0;157,2.5559626053603;1003,4.52549644776655;670,2.9543755057722785;92,2.59364459648839
678,0;169,0.3713745056914028;435,1.0723543037188104;285,2.225947565189151
91,0;944,0.18890193421327023;858,1.4495850247718016;726,1.3467658836943994;648,0.8072690679086569;536,4.367644849311781;292,4.920947992535038
490,0;530,0.08691366797904806;745,0.7823289954804964
649,0;150,0.22080166266598067;256,0.6898866174207282;442,0.4001636884753307;135,0.8244683378344171;618,1.7143708243201918;195,3.146904103142101
137,0;889,0.11016331012829374
74,0;935,0.0001253737680761386;1002,2.4762592859505723;377,1.4320800136744387;192,2.8910428433525395;460,3.3578508112545933
