0,0
1,1
2,2
3,3
4,4
5,5
6,6
7,7
8,8
9,9
10,10
11,11
12,12
13,13
14,14
15,15
16,16
17,17
18,18
19,19
20,20
21,21
22,22
23,23
24,24
25,25
26,26
27,27
28,28
29,29
30,30
31,31
32,32
33,33
34,34
35,35
36,36
37,37
38,38
39,39
40,40
41,41
42,42
43,43
44,44
45,45
46,46
47,47
48,48
49,49
50,50
51,51
52,52
53,53
54,54
55,55
56,56
57,57
58,58
59,59
60,60
61,61
62,62
63,63
64,64
65,65
66,66
67,67
68,68
69,69
70,70
71,71
72,72
73,73
74,74
75,75
76,76
77,77
78,78
79,79
80,80
81,81
82,82
83,83
84,84
85,85
86,86
87,87
88,88
89,89
90,90
91,91
92,92
93,93
94,94
95,95
96,96
97,97
98,98
99,99
100,100
101,101
102,102
103,103
104,104
105,105
106,106
107,107
108,108
109,109
110,110
111,111
112,112
113,113
114,114
115,115
116,116
117,117
118,118
119,119
120,120
121,121
122,122
123,123
124,124
125,125
126,126
127,127
128,128
129,129
130,130
131,131
132,132
133,133
134,134
135,135
136,136
137,137
138,138
139,139
140,140
141,141
142,142
143,143
144,144
145,145
146,146
147,147
148,148
149,149
150,150
151,151
152,152
153,153
154,154
155,155
156,156
157,157
158,158
159,159
160,160
161,161
162,162
163,163
164,164
165,165
166,166
167,167
168,168
169,169
170,170
171,171
172,172
173,173
174,174
175,175
176,176
177,177
178,178
179,179
180,180
181,181
182,182
183,183
184,184
185,185
186,186
187,187
188,188
189,189
190,190
191,191
192,192
193,193
194,194
195,195
196,196
197,197
198,198
199,199
200,200
201,201
202,202
203,203
204,204
205,205
206,206
207,207
208,208
209,209
210,210
211,211
212,212
213,213
214,214
215,215
216,216
217,217
218,218
219,219
220,220
221,221
222,222
223,223
224,224
225,225
226,226
227,227
228,228
229,229
230,230
231,231
232,232
233,233
234,234
235,235
236,236
237,237
238,238
239,239
240,240
241,241
242,242
243,243
244,244
245,245
246,246
247,247
248,248
249,249
250,250
251,251
252,252
253,253
254,254
255,255
256,256
257,257
258,258
259,259
260,260
261,261
262,262
263,263
264,264
265,265
266,266
267,267
268,268
269,269
270,270
271,271
272,272
273,273
274,274
275,275
276,276
277,277
278,278
279,279
280,280
281,281
282,282
283,283
284,284
285,285
286,286
287,287
288,288
289,289
290,290
291,291
292,292
293,293
294,294
295,295
296,296
297,297
298,298
299,299
300,300
301,301
302,302
303,303
304,304
305,305
306,306
307,307
308,308
309,309
310,310
311,311
312,312
313,313
314,314
315,315
316,316
317,317
318,318
319,319
320,320
321,321
322,322
323,323
324,324
325,325
326,326
327,327
328,328
329,329
330,330
331,331
332,332
333,333
334,334
335,335
336,336
337,337
338,338
339,339
340,340
341,341
342,342
343,343
344,344
345,345
346,346
347,347
348,348
349,349
350,350
351,351
352,352
353,353
354,354
355,355
356,356
357,357
358,358
359,359
360,360
361,361
362,362
363,363
364,364
365,365
366,366
367,367
368,368
369,369
370,370
371,371
372,372
373,373
374,374
375,375
376,376
377,377
378,378
379,379
380,380
381,381
382,382
383,383
384,384
385,385
386,386
387,387
388,388
389,389
390,390
391,391
392,392
393,393
394,394
395,395
396,396
397,397
398,398
399,399
400,400
401,401
402,402
403,403
404,404
405,405
406,406
407,407
408,408
409,409
410,410
411,411
412,412
413,413
414,414
415,415
416,416
417,417
418,418
419,419
420,420
421,421
422,422
423,423
424,424
425,425
426,426
427,427
428,428
429,429
430,430
431,431
432,432
433,433
434,434
435,435
436,436
437,437
438,438
439,439
440,440
441,441
442,442
443,443
444,444
445,445
446,446
447,447
448,448
449,449
450,450
451,451
452,452
453,453
454,454
455,455
456,456
457,457
458,458
459,459
460,460
461,461
462,462
463,463
464,464
465,465
466,466
467,467
468,468
469,469
470,470
471,471
472,472
473,473
474,474
475,475
476,476
477,477
478,478
479,479
480,480
481,481
482,482
483,483
484,484
485,485
486,486
487,487
488,488
489,489
490,490
491,491
492,492
493,493
494,494
495,495
496,496
497,497
498,498
499,499
500,500
501,501
502,502
503,503
504,504
505,505
506,506
507,507
508,508
509,509
510,510
511,511
512,512
513,513
514,514
515,515
516,516
517,517
518,518
519,519
520,520
521,521
522,522
523,523
524,524
525,525
526,526
527,527
528,528
529,529
530,530
531,531
532,532
533,533
534,534
535,535
536,536
537,537
538,538
539,539
540,540
541,541
542,542
543,543
544,544
545,545
546,546
547,547
548,548
549,549
550,550
551,551
552,552
553,553
554,554
555,555
556,556
557,557
558,558
559,559
560,560
561,561
562,562
563,563
564,564
565,565
566,566
567,567
568,568
569,569
570,570
571,571
572,572
573,573
574,574
575,575
576,576
577,577
578,578
579,579
580,580
581,581
582,582
583,583
584,584
585,585
586,586
587,587
588,588
589,589
590,590
591,591
592,592
593,593
594,594
595,595
596,596
597,597
598,598
599,599
600,600
601,601
602,602
603,603
604,604
605,605
606,606
607,607
608,608
609,609
610,610
611,611
612,612
613,613
614,614
615,615
616,616
617,617
618,618
619,619
620,620
621,621
622,622
623,623
624,624
625,625
626,626
627,627
628,628
629,629
630,630
631,631
632,632
633,633
634,634
635,635
636,636
637,637
638,638
639,639
640,640
641,641
642,642
643,643
644,644
645,645
646,646
647,647
648,648
649,649
650,650
651,651
652,652
653,653
654,654
655,655
656,656
657,657
658,658
659,659
660,660
661,661
662,662
663,663
664,664
665,665
666,666
667,667
668,668
669,669
670,670
671,671
672,672
673,673
674,674
675,675
676,676
677,677
678,678
679,679
680,680
681,681
682,682
683,683
684,684
685,685
686,686
687,687
688,688
689,689
690,690
691,691
692,692
693,693
694,694
695,695
696,696
697,697
698,698
699,699
700,700
701,701
702,702
703,703
704,704
705,705
706,706
707,707
708,708
709,709
710,710
711,711
712,712
713,713
714,714
715,715
716,716
717,717
718,718
719,719
720,720
721,721
722,722
723,723
724,724
725,725
726,726
727,727
728,728
729,729
730,730
731,731
732,732
733,733
734,734
735,735
736,736
737,737
738,738
739,739
740,740
741,741
742,742
743,743
744,744
745,745
746,746
747,747
748,748
749,749
750,750
751,751
752,752
753,753
754,754
755,755
756,756
757,757
758,758
759,759
760,760
761,761
762,762
763,763
764,764
765,765
766,766
767,767
768,768
769,769
770,770
771,771
772,772
773,773
774,774
775,775
776,776
777,777
778,778
779,779
780,780
781,781
782,782
783,783
784,784
785,785
786,786
787,787
788,788
789,789
790,790
791,791
792,792
793,793
794,794
795,795
796,796
797,797
798,798
799,799
800,800
801,801
802,802
803,803
804,804
805,805
806,806
807,807
808,808
809,809
810,810
811,811
812,812
813,813
814,814
815,815
816,816
817,817
818,818
819,819
820,820
821,821
822,822
823,823
824,824
825,825
826,826
827,827
828,828
829,829
830,830
831,831
832,832
833,833
834,834
835,835
836,836
837,837
838,838
839,839
840,840
841,841
842,842
843,843
844,844
845,845
846,846
847,847
848,848
849,849
850,850
851,851
852,852
853,853
854,854
855,855
856,856
857,857
858,858
859,859
860,860
861,861
862,862
863,863
864,864
865,865
866,866
867,867
868,868
869,869
870,870
871,871
872,872
873,873
874,874
875,875
876,876
877,877
878,878
879,879
880,880
881,881
882,882
883,883
884,884
885,885
886,886
887,887
888,888
889,889
890,890
891,891
892,892
893,893
894,894
895,895
896,896
897,897
898,898
899,899
900,900
901,901
902,902
903,903
904,904
905,905
906,906
907,907
908,908
909,909
910,910
911,911
912,912
913,913
914,914
915,915
916,916
917,917
918,918
919,919
920,920
921,921
922,922
923,923
924,924
925,925
926,926
927,927
928,928
929,929
930,930
931,931
932,932
933,933
934,934
935,935
936,936
937,937
938,938
939,939
940,940
941,941
942,942
943,943
944,944
945,945
946,946
947,947
948,948
949,949
950,950
951,951
952,952
953,953
954,954
955,955
956,956
957,957
958,958
959,959
960,960
961,961
962,962
963,963
964,964
965,965
966,966
967,967
968,968
969,969
970,970
971,971
972,972
973,973
974,974
975,975
976,976
977,977
978,978
979,979
980,980
981,981
982,982
983,983
984,984
985,985
986,986
987,987
988,988
989,989
990,990
991,991
992,992
993,993
994,994
995,995
996,996
997,997
998,998
999,999
1000,1000
1001,1001
1002,1002
1003,1003
1004,1004
1005,1005
1006,1006
1007,1007
1008,1008
1009,1009
1010,1010
1011,1011
1012,1012
1013,1013
1014,1014
1015,1015
1016,1016
1017,1017
1018,1018
1019,1019
1020,1020
1021,1021
1022,1022
1023,1023

441,0;189,0.19033407307116018;734,0.4310609651851389;619,1.1785026873245912;813,2.671434344027748
255,0;369,0.3435637837578051
712,0;254,0.32777430846110234
858,0;580,0.47876889637340664
788,0;86,0.6212546342754249;705,0.46932351291255886;18,1.6107955294922731
786,0;266,0.09974681068131032
742,0;520,1.3451746427334688;589,0.9775019482859697;980,4.180182982094446
303,0;501,1.052917359996001;111,0.6732459345298334;506,1.5414911156800617;795,1.8382338054887248;1002,2.8014617327845857;272,1.8665989429355017;291,5.350313440697171;505,1.9124572098097077;126,4.554028365175843;460,4.180699560990049;791,5.007801979812303
165,0;488,0.4605650706307514;116,0.8121016590239938
105,0;721,0.8662724325781966
816,0;768,0.6360800943951768;744,1.9047235409917367;85,1.6032771780521673;594,0.8941315851792768;405,1.8189771192350943;1005,2.5581029735061165;977,2.720606601381359;65,3.599434799685395
766,0;446,1.4645871011665665;316,0.043931676615735465;974,1.6325009054868165;512,2.058831395193636;728,3.1929482715081536;611,3.759693257500089;895,5.691310740238341
913,0;966,0.3624334141177292;209,3.651431373641413;498,1.728728184870602;123,0.4654680638522048;999,0.6926669980903406;22,3.9756248946201294;775,4.342088601396276;142,5.874124941220112;708,8.01680995086497;327,8.121455786208877;1010,8.280196235089871;871,8.172305298415623;993,8.25984936233447;225,8.353171383474084;328,8.523454469849117;483,8.29664703510662;629,11.087947090383192;721,8.74767312009143;581,8.87874853353808;157,11.988662627538972;670,12.63699135777153;92,13.892571353467382
53,0;856,0.0836982774141513;835,0.018591931687137946
512,0;251,0.008576388889467695;802,3.5436356633680814;112,4.2602773164974765
766,0;446,1.7254632115205772;316,2.365381624786668;974,2.5126459452789476;679,2.379274578005681;789,2.827108117642897;512,3.3589708047646663;479,2.8952627324208495;728,4.219252487480256
140,0;722,1.0246748915353674;499,0.5415159410469611;488,1.3881078789896533;57,2.0248718267195054;433,3.1835722236269572;141,1.5910802200503862;896,3.2865962569030645;338,3.3136366919198803;99,2.798160053993143
514,0;806,2.3622826842318903;578,4.607894720629044
628,0;201,0.12241696220912815;844,1.1698083186953716
287,0;536,0.1054514160216507;588,0.9619833124779308;162,1.7947584104078136;292,0.4214257760665855;128,2.4479376273733395;559,2.9473180216205637;240,4.056122788518456;501,7.728514183438614;131,4.109439921424766;537,6.28895600340619;708,8.807874327367504;327,9.429462417423563;993,10.516907247107625;225,11.697859941059075;328,12.794451585053562;944,11.583202984403378;521,12.195612500354919;858,12.163606288856908;629,12.17860995335686;580,13.336698112607383;157,13.090155250558817;721,13.023470672490234;404,13.629201787982563;581,13.525078293688516;92,14.78895585913553
654,0;469,0.07346431619335454
229,0;47,2.1119577796132725;214,0.833222475053193;749,2.166748726665745
166,0;860,0.3856969120564228;106,0.620482678362173;649,3.7808637711411532;422,1.0472057062583757;150,4.6219151045609514;442,5.510279739681149
287,0;536,0.4208730581941478;292,0.4659382959484652;791,1.6256458362318145
557,0;1017,3.4458965557082037;950,3.632632204258933;834,4.655097379317244;593,3.8495759253823945;729,4.826019443826376;45,4.9091516476074055;146,5.5092598331255935;443,4.910548631973724;801,5.516512813281626;812,5.665926981721952;161,6.788282381793267;397,7.727751606835024;335,5.619292319715163;948,6.019054394528131;750,10.343889381539986;256,6.454586933559038;290,6.017158007328271;81,6.301895509933859;400,6.847536438130535;986,7.2397563849301365;570,6.4581500324432355;204,7.146260580412549;170,7.485672113406118;470,7.2492517668251315;871,7.312457420424937;861,8.176679941835925;157,8.411179248672154;29,7.354377109956978;580,7.896853536886707;1003,9.154685838283827;670,9.019201747529305;92,10.541120802738552;223,9.088741561756976
27,0;656,1.780050570312175
963,0;647,2.376728773656521
498,0;917,0.9386210784501042
1023,0;810,1.1159676678557482
185,0;639,1.022396197397878;433,1.2656332500666623
316,0;679,1.4255320856899059;789,2.126910737652613;539,2.759451176861952;983,2.9064528091140325;405,3.140682648709136;1005,4.850886063961257;65,5.42258503922622;356,6.88880202879448;221,7.895207643935111;86,7.356824916191629
650,0;499,2.2653030714576183;488,2.301248056987529;141,3.151507089626917
36,0;105,0.4798880948285741;238,0.765864203023348;789,1.0999487279445634;611,1.2748570735129963
804,0;37,0.43978129157790746;103,0.12378822949991984;224,0.2930763205363334;152,0.8571173186585785
820,0;703,2.918691515664822;618,3.5027370608561967;164,5.603725988290996;195,4.031887946183872
633,0;458,2.208450479533958;797,4.036824311791905
978,0;915,0.2618687894297416;959,1.5218824391533512;319,1.8064336206635725;332,0.8804151792362569;507,1.1109599998315465;760,1.065556965680421;435,1.5620781018046181;133,1.7716674940991435;384,7.065621202071104;19,2.4888783064866784
542,0;269,3.1785083839286026;626,3.215033708267354
480,0;130,1.3731904187715192;784,2.0690270087968057;20,1.4358461770423074;29,3.5556448372592477;328,2.8293816206955302;941,4.193762888228022;721,5.434734358444505;831,2.8584582421448634;893,2.9665347640777644;852,3.571678783877502;3,4.1049677725961375;151,4.13733866020524;452,4.648242493839582;658,4.619106620196698;380,4.626175845922769;867,5.075216532230009;543,4.884506711253559;276,5.14555815917378
973,0;249,0.16866534501223213;155,1.8140195423962713;322,0.9376632235228186;474,3.429748559096273;398,1.9884096457173888;935,4.439517936766013;1002,4.986378232066988
312,0;328,0.7110313478778929;721,2.070647765820472;404,1.2647280553231102;581,3.651673091969803
295,0;827,0.06063008463603973;709,0.12106528763328714;308,0.1865239269314874;824,0.9986799981201657
37,0;728,1.4152462109364883;152,0.8517959019958946;845,0.39697556761588126;628,3.7351106507023357;201,3.8592083054484148
178,0;744,0.7181826835263507;977,0.9956990481943209
1009,0;365,0.20256324262789777;636,0.5096662099250988
770,0;102,0.28441996135082426
80,0;364,0.46416887532207957;295,0.9122065491268003;709,1.1177144950629083
159,0;48,1.6635471139065214;840,2.437582269575968;624,3.61639862344778;473,9.101167520047111;572,2.7013580932410073;139,2.877975732648029;513,3.094276737502631;282,3.064269921980715;911,2.987422088554011;194,2.8787642381246044;375,4.300012076578659;780,5.777033282020999;416,7.977135796778811;678,9.580178835253784;169,9.758391227153544;435,11.67471297953562;806,13.361600396336932;133,14.659089876445517;285,14.83503797579304;578,13.418505622302638;49,14.010438642487896;190,15.539809152393909;384,15.880724593043908;533,16.02236787037384;758,17.35734404104251;723,16.112076123373278;62,16.114356995921852;597,16.26753108488194;710,16.92422791576869;620,16.12988333109082;430,16.589797264326744;965,17.311560951488133;725,17.075208165072134;5,17.052913094104287;402,20.535559069691953;31,17.463954850144564;422,17.567493224087663;638,17.815172463369258;199,21.19692937197648;319,21.50337750038973;234,22.007597192257318;893,22.387022518819105;78,22.091256768082683;876,22.073202130357917;696,22.214830019114068;841,23.798973427644608;494,26.540139666834566
693,0;931,0.22039761958623302;364,0.5663064263196547;295,3.406411283774197;781,0.9873327649418017;51,1.0067757501329804;965,3.3489658495576613;343,5.48650320442724;827,3.6277614804703378;709,3.6011474490393973;308,5.2786223625802755;485,4.899557620986462;318,6.448662486879885;577,5.842049338431452;883,7.559206732738408;421,7.736549124431735;778,7.562555188690244;797,9.400924199576895
359,0;892,2.9619184047116844;486,3.7602708756014684;509,4.726482665443814;741,5.119949763557697;48,6.966897088609922;95,7.184511419683654;840,9.82988431126028;473,10.74222418450339;20,9.882333119870749;572,10.253033490379245;139,12.877059250578142;323,9.959684294940878;513,10.325912307351626;203,10.960222361094718;350,11.678334347581176;194,13.444718665968836
616,0;576,3.295183308941735
395,0;665,1.6985470510084646;710,3.134489504150091;965,5.216236149691055;725,4.183132345879269;5,6.958536067991439;422,6.610497438258065;638,5.428007948396241;203,7.555216705819514;402,7.3027036591771255;956,7.863176138423479;199,9.225174605404785;350,8.31407157446942;846,8.147956513507214;356,9.02073288333067;221,9.483150176786529;60,12.18587963385896;319,11.869900162831922;282,11.494819622776273;975,10.0512779098227;234,11.913394992128808;19,11.965971653430259;876,13.40387934240824
48,0;955,1.9386868501051706;95,0.48620792320126;624,0.5245298595286191
981,0;988,0.2676892943281486;557,0.9756622834761728;88,0.9515356422560981;752,1.2759403736193693;399,2.168794012083301
293,0;598,3.7769735048893742;840,0.14770845735674715;686,1.8062233799892933;473,0.890406695922862;20,3.0708021838471384;139,0.5015200029056985;911,1.3166407468894605;194,2.5747816020151144;203,1.5936343508248743;31,3.4072381246541346;375,5.969080711965;913,6.714098466910497;429,8.34820180228912;966,8.179410399747193
479,0;314,0.04734280435142646
460,0;869,6.768052743242795;1012,6.850440846165207;972,6.870467359324261;888,7.821299710680189;246,7.904393471675199
561,0;247,2.080936011136994
25,0;772,0.8977248539050751;698,0.11729682885571606;319,0.20170629593743566;234,0.3490684782493433;78,0.5440478305018228;780,0.8760006335793694;841,0.608575406951278;494,1.3114459325231538;394,1.120003507076041;416,0.9712038286316254;738,1.984503947134928;461,2.1524453523924985;58,3.3091225605665215;745,2.455281065609219;734,3.160423403471567;37,3.4742732437213375;510,3.4171223924890173;813,3.498763319400182;727,3.6785917483271575;845,5.16538871511875;628,6.729463522181945;515,6.770965148279259
484,0;875,0.08531550409560686;82,1.7205230734782682;675,0.26564322118454814;355,1.633951156886792;531,2.6377741249021294;633,1.9159389165288172;458,2.105199373128155;448,4.752153734355939;898,5.59214454927697;443,4.321654246600985;1016,5.870297245416607;398,6.471258932894684
153,0;100,2.0270472135463886
198,0;871,1.1877572335330993;29,1.419460985175589;852,1.490563166414412;572,1.8677436986608607
742,0;520,1.6170956989333982;589,1.005321869191509;700,1.8061645975245288
675,0;531,0.5693753463597736;561,2.1811713422311887;62,0.7926689415646639;352,0.9935783057247791;710,2.6272273885490174;620,2.041576462367888;117,1.2805298319780403;438,2.974368335916796;376,3.180898189091784;45,1.0166914537100447;801,2.6519806647117368;650,2.556151931259474;944,5.083363566105504;247,2.331242956206347;937,2.588670141431298;725,2.977772032487778;5,2.8056192528661943;402,2.9601958063205442;199,2.996330128835127;31,3.2384233356025316;60,3.2950376657489544;16,4.112646495447275;858,5.090748660291905
804,0;37,0.6537078569883581;103,0.41933196191148503;224,0.5540886206732936;728,1.3406903396925398;845,3.2167716074069466;531,4.900764455992615;62,5.959124772867526;443,5.034453140010192;812,6.249127674523047;352,6.011550787579918;710,6.92780210066858;376,6.094917099592483;697,6.3487878152528365;81,7.24771970858758;193,7.035896959012908;1,6.360027191618721;735,7.217756035725509;965,8.014356499701055;725,7.92812318859928;5,8.208669931868624;456,7.635964836015314;240,7.768903752320256;375,7.268519455045558;913,7.595826057405492;429,9.015242243361861;966,9.31990205282785;209,8.653038092637258;498,8.330955494670611;422,8.3081891813949;638,8.709218069537437;402,10.439889827962116;203,8.33094323114911;917,10.904559250741986;775,11.803061941625343;956,11.246443164155057;846,11.346393659877856;142,12.499258550857226;902,13.885610386823124;430,12.520235444834075
714,0;160,1.3610543077065846
16,0;1010,0.06166030361591428
854,0;866,0.5527849114747032
311,0;427,0.041213687891216814;504,0.8703548544812305;740,0.9475813899145847;770,1.2262350295862567;102,2.27453804332354;70,2.2442211532483354
1009,0;864,3.6795632011861357;36,3.8538019233330165
0,0;154,0.13771877411244152;1003,0.3638061246116058;854,0.40844440186099673
236,0;975,0.28879533531559193;861,0.7280575503522417
749,0;365,0.29019401991918753
881,0;822,0.3578895793166758
737,0;313,0.3551246113869092;316,0.19295829865354686;679,0.9012224639893044;594,1.3616243985995315;789,2.9800836463719937;539,1.4255746211515103;405,3.1120109490089654;798,3.3395693868859824;1005,4.558223400451787;373,5.363346221887253;65,5.256751713595184
545,0;83,1.3890289296836187;1003,2.0861218120653326;612,3.7831265479229863;512,3.9005592787909324;728,3.9530698288150306
768,0;971,0.09909224174498102;594,0.07830219450705314
527,0;733,0.12322352709643461
362,0;331,0.6681401180738634;162,0.4374268241625215;496,0.26872346695620875;559,2.821281267414618;743,0.7326147511365142;955,0.9763847257328919;240,1.3498911934891509;684,1.2922970044011828;797,1.6281423252555787;738,1.3187539131723771;461,1.9764402492718556;811,1.5873220007770628;745,3.2375526646536095;734,4.2249405763248955;778,1.7784028113784534;37,3.026132827315254;845,3.1247216529956736;531,3.5528406098368093;642,4.287206354150847;510,4.286989219315524;600,4.329448787589793;561,5.808150834968455;916,6.281616079106763
23,0;413,3.530855353383048;994,4.403815947047974;416,4.701201213632721;64,4.743883152930313
108,0;693,0.7404931570566436;120,1.9397837802392515;242,0.34482438480137484;931,0.8191222353294042;364,1.4171289404263012;295,3.3368602316281812;781,1.469025010847908;103,1.8269660546377822;224,2.108953130987863;664,2.209461524103377;827,3.686720995951023
712,0;410,0.368120092861179
70,0;518,0.30857052847517047
975,0;861,0.8146415799545761
286,0;378,0.8284408799754824;639,0.03336907291019033;433,0.8634454846403413;911,3.9190409264550965
1002,0;460,1.8267559676480722;869,4.211542475134674;1012,4.329956287031745;972,4.777100887900502;888,6.832749677143163;246,4.902624355584417;1001,5.323901933313008;947,7.826870529805569
848,0;751,1.5581545547270463;973,1.9184664507100473;443,2.1904208272513994;249,2.133171319331688;155,5.555568697540211;812,3.083336507190589;400,4.605219106266068;470,6.4203246321845775;398,6.643072291507898;157,7.411679194849104;1003,9.082383115784637;92,8.128611052828077;612,10.943147737683075
508,0;293,0.9542472715525867;598,2.032666168337376;840,1.0212751553097235;473,2.452717182360402;20,4.535961707343944;572,1.0842746835827002;139,1.6740804649382652;323,1.6777709230093176;513,4.563770750506224;282,1.6164284221074825;63,1.966217577153746;203,3.34295980406121;678,5.953140083683416;350,3.47226828559828;328,4.655302127472732;404,5.860994402071434;360,6.53408669122858;474,6.0131214886263935;169,7.004874830806884;249,7.148588102514571;435,7.082559276017415;133,7.5221312958123026;322,9.029764425978758;616,7.171948610778253
64,0;873,0.307223087650102;129,1.626087963533831;745,3.556251237741713;510,4.536026968029588;478,4.702812125624224;484,4.819285797051589;497,5.621101390956074
514,0;786,1.166100981700725;6,2.3944721965474156;266,2.002734341178785
663,0;500,3.4933084379855166
592,0;304,0.6736746006090579;668,0.9116627536237792;578,1.0187633613083598
557,0;752,0.5410798947574803;539,0.9205017192096893;428,2.3457766024805635;983,2.5546535433043673;240,3.0179493159559443;187,2.867300127083692;918,5.251164123894996;131,3.842762347750871
747,0;513,1.0923544056156185;373,3.5335851348754566
418,0;762,0.054155673590740395;186,1.4505803537577302;799,0.20577806333042956;573,1.026912935972892;475,1.8619473954732526;563,1.4954495310766032
59,0;985,1.1074570271484299
104,0;360,0.088277737235923
221,0;975,1.5254172521336735
834,0;729,0.4646394030450496
64,0;873,1.0652048045031888
972,0;246,0.7700144466992674
768,0;971,2.3191491652743514;225,4.400850158741427;629,4.4654828059894465
325,0;735,1.4957592192836477;393,0.7963689383205622;69,0.6758809689144158;526,0.5746869891784363;834,1.798206192746491;449,0.6799202391881727;729,2.6450186301151817;45,6.743072758647376;146,2.7084831373160307;202,4.251513825282393;801,7.733031488091501;335,9.203636127367638;256,11.252667644761102;618,11.349941599036695;195,11.68559947568361
406,0;210,0.06218729683914846;835,0.2726290311639697;949,1.283974351530494;964,1.3981359507656983;737,3.3668135695003754;403,3.624233434779688;316,3.713001709234109;358,5.959279694299786;679,6.132007405421438;4,5.988097433636778;153,8.151006176388801;539,6.289531108068982;702,6.582416694720957;428,9.242010179056129;360,7.715314570065944;421,7.1482263871096015;797,7.2617616021194245;100,9.661994679492796;240,10.06473717750819;999,9.771606262773604;629,10.415438002308473;157,10.46953065656746;1003,11.18290621804049;670,11.461704267823581;612,11.191608104303327;223,11.531561567302628;292,12.413366134481116;279,14.01063863580421;791,13.349749337797453
691,0;754,0.8742276096751751;516,0.12299844305291863;405,0.02990141374525237;668,0.08906807938265007;798,0.5033765090002121;578,3.212383305136053;830,1.3343707444414243;943,1.7473832211030056
951,0;353,0.6840525056127581;901,1.8215020486492124;2,2.11204165231794;744,2.84537583043227;977,2.940338901709479
936,0;835,0.1904336669764419
675,0;531,0.7598242829092257;62,3.29176313517347;597,3.4805571350491062
419,0;31,2.4029020116748456
327,0;225,0.6561282877790068;857,0.9317952709961181;629,1.7685267646460687;636,1.0091459028833405;157,4.074828122671336;670,4.3939750805968965;223,4.398302252110186;292,6.294234538387057;791,6.819788556182107
207,0;801,1.0728194969421796;397,2.760432624907896;948,2.59247487668924;750,2.1856745765621626;204,4.238535818977571;990,5.410941841616843;871,4.377663789124101;125,4.375043610001838;72,4.819158544690022;741,4.7077794431346485;48,5.931918169779141;385,5.628455870190965;460,5.942944039048161;955,6.2133290138444774;95,6.395158021815455;869,8.812101496022374;1012,11.002928105959523
172,0;326,1.6439894586175887;382,0.08380563008308269
10,0;73,0.6685394441511067
581,0;896,1.3963932937121706
32,0;693,0.7207231153447312;171,1.7703601057945724;392,2.0041622211031958;470,2.4737645622894098;157,6.886744221022693;1003,7.301325431870525;612,7.460309317929677
311,0;427,2.053090904813534;504,1.5192537741261116;740,3.1362145521936435;729,3.2064134206582544;146,3.8544228026961793;202,4.922302892307204;837,5.518327611373647;741,6.1705178325042205;855,5.803666057099234;554,7.656288045312575;48,6.519564049883535
229,0;222,0.09808837706465735
682,0;999,0.8099301924697448
174,0;570,2.5824807514817323;189,0.9123348783682622;734,3.897272939966842;619,1.9474474731527538;731,4.908732295164019
920,0;342,0.11860774178024569;748,0.49367647866672537;528,0.6713098963042332
293,0;598,1.1272244505254332;49,2.2940949930131183;485,4.152852559478367;318,4.388457778815828
136,0;72,0.5565133161271902;169,2.0506245686961817;385,1.040413923168451;875,4.245441014776475;920,2.033333553365327;152,2.3504990699586483;806,2.0667933994484122;578,6.469492213439308;675,5.31610944279498;49,6.821862292488867;485,6.971325354741956
402,0;956,0.16090308933826444;199,0.28359655234762904;846,0.33163510172449007;356,0.5219061857760944;319,0.5143904872548135;282,1.0537821000909013;86,0.9481868370118924;18,3.3622614698472137
232,0;707,1.3016747292165356;991,1.6519336249487584;24,2.7453558669558493;552,4.020463751903289;810,4.516765629999855;73,2.8342613250451074
569,0;1002,0.19941215981423366;102,1.43094452135864;216,1.2215526867338784;192,1.272796372544346
1012,0;691,0.4704151895735432;888,1.3204280255243894;516,1.3601698066394539;405,0.762438545137769;1005,0.9104355762400611;65,2.199384696922394;356,1.522176952160546;221,1.8302390234087285;256,1.5742537935477416;86,3.217381556765109;618,3.250159044099859;18,3.8719708591990996
492,0;658,0.706775377163392;578,5.03508788250943;213,0.8096206799809578;867,1.6017766078021634
526,0;834,0.7993495289555388;729,1.5367749733978207;146,2.9909944748045696;202,3.1299467401752668;161,3.030931526687657;170,3.7003457310954904
517,0;19,0.6345836996235267
927,0;125,1.3632031221946554
1009,0;365,3.840840364235818
188,0;600,4.580552431096437
485,0;318,0.44486170356346255
892,0;330,0.11044755700778386;486,0.8814028769231127;735,1.2608625215026028;187,0.8771381686533701;375,0.4476265435770935;913,1.3515220920008146;636,1.1018463249893278;2,2.348082426346694;509,1.9393426583507973;847,1.1971252498494582;209,1.6146293786833907;644,2.1075036474751543;560,3.1336220869501865
173,0;761,0.22851948035229663;297,0.9382203346489021;726,2.2280093935795833
803,0;847,0.029319808122883453
776,0;606,1.8681879673469652;298,2.8255905912958372;553,2.368562425737387
944,0;648,0.9854640931422646;152,1.3193380993807742
272,0;505,0.18580805140030962
318,0;174,1.5663798040944303;790,1.6941306307437423;533,2.5001986545083326;62,3.26081994891961;352,3.7249960250661673;597,4.219094976786865;45,4.493576090037481
402,0;199,0.008008697110855124;319,3.418102331692134;893,4.404631370924293
745,0;510,0.02080113544266188;478,0.1563770709180828;664,2.3839476813007714;484,0.8088834538368916;805,0.9361703098918313;605,0.790759891595471;85,2.7482756210816905;497,6.710207613899936
435,0;234,0.5348473964246306;888,0.9920235776173236;78,0.5599630462903481;841,0.8147486126274679;947,2.6613426386269516
38,0;174,0.4562289368814254;570,0.7874712335129765;578,1.2814304509591332;49,1.4514444800975776;360,2.3448996085388454
108,0;24,0.4957667833825315;120,0.2914961495667295;242,0.1015406370520089;824,0.6267627745306875;73,1.5364641878732181;689,1.355872265828891
654,0;144,2.4532517843360035;825,0.39051292583381325;594,0.7614301150120646
988,0;88,0.4993222177820561;245,0.6082375704254073;510,1.143923265216536
663,0;500,0.9162086507638163
635,0;656,0.28477477923640576
174,0;578,0.7601037348129275;49,0.9658292316420589;360,1.6686992765665898
287,0;536,0.7123984194207371;588,1.0059340689994885;521,6.514209586236413;394,1.2426463631984785;292,5.008182271799361
949,0;964,1.7371765950473834;737,2.5334561981521606
729,0;45,1.937456857113401;801,3.1444327834291608;335,5.764001644195699;948,5.2319736932623835;256,6.067189707829143;290,6.952734270936973;986,7.976355499016458;822,8.701827221714883;861,9.356903438485515;136,8.368172820134909
357,0;280,6.379945731404488
697,0;193,0.0973753144099985;456,1.4397210177001623
0,0;1003,0.027109842174539607;854,0.3959650701981178
304,0;668,0.2618683232477041;578,0.8930009261725018;49,2.6206425193909175;485,4.2872946341235805;360,3.0922846410023204;762,8.49958808107181;475,9.411580730908144;995,9.412271049274791
518,0;396,0.46335714934547256
171,0;914,1.2168884910647795;167,1.7122687351850228;672,2.0105986948516326;38,1.9281981310587069
162,0;128,4.721483744654369;559,0.2858515720818032;743,1.6743667201491763;565,0.6060268420883584;240,1.4279468734407967;131,1.9966518804618674;102,6.638802452543652
628,0;201,0.03346172438211684;515,1.6082827217652518
320,0;308,0.16943869597453975;824,1.1869102269059073;689,2.6728705559813086;888,5.5778421408347345;947,6.110939091011026
61,0;482,0.1307603634328166;850,0.7077324455869503;234,1.007964695016026;115,1.152886871050534;840,2.211791218703773;888,1.3854694155835927;876,3.296111819050333;780,1.1137334571744388;416,7.629190219189603;947,1.5771623845631753;473,2.480734120328292;572,2.50282264934112;678,2.5323840663079404;149,2.5918921858761026;789,3.8388116976742253;360,4.753289058646184;474,2.570524418600434;510,2.9538579957760525;605,3.206933168672757;478,3.3496586325430515;664,5.0071797515117815;64,8.094735388470816
566,0;989,0.06773532288634326;271,1.9900889922770646;206,0.07631861850873277
697,0;1,3.040170096455561;735,3.1214860878645463
508,0;194,1.031388860035204;337,2.334318044614864;811,0.31177255725504033;375,1.256775800185714;780,1.3788810005511436;913,1.3747247732078018;498,2.861905852844787;394,2.154724167780861;416,2.0573785337331323;64,2.740704580612439;873,5.013776736008072;129,5.429164191403536
762,0;475,1.5425919150024265;995,3.119106464442794
982,0;10,0.6761641699226743
23,0;413,10.35738964219374;416,10.573130029209707
875,0;826,0.5048870491209623;341,3.293969416387302;278,1.0910496375384597;964,1.284323170609727;737,4.015651514092938;313,4.271751458180393;316,4.808781376077812
834,0;876,0.4433070355454352;729,0.12074616239641775;146,0.9059868397553543;443,0.16641110591620645;900,1.4237519960580238;812,1.270089862008947;161,1.0532259230990706;170,1.2145810929652647;400,1.9390587614035857
479,0;314,3.2535815995693715;143,4.24990380576272;652,5.205579901023188
182,0;91,1.7547464293952555;373,0.06002573179200829;35,0.7564998964648774;377,2.4950639967520947;237,2.106099168007944;944,2.0291867067827827;521,2.3811646412522802;858,7.73338292924099;648,2.83634203586654;47,3.8889042278743386;749,4.303149609908877;629,3.9170757519290644;365,4.951219345733822;636,4.984162467055903;847,6.434080291945227;704,9.864604506764088;580,10.248257955290097
934,0;612,1.2262634195090059;363,0.7728725016896483;193,1.7582822810873577;512,2.590670478922335;728,6.384324278831194;251,2.921295598687895;802,5.141741845162151;122,8.754512143130285;264,5.63571303906098;112,5.433203605263355;983,7.009257561378138;58,6.9960375216674;67,8.175732415946062;189,7.173920459381676;405,8.520436290095878;61,9.593770566751326;734,7.619011412496662;619,7.181009476628428;295,7.6949898414293925;813,7.845575346550704;709,8.10573913765113;308,9.652215226614564;878,8.614145914275452;173,9.774103266459765;798,9.054963506967214;238,9.373628137492071;373,10.955988657858095;236,11.153871674855544;975,11.24022652691887;524,11.394402155550287
3,0;151,2.5095567676828106
827,0;485,0.18869640593624054;762,0.8380250709125401;475,1.0358818540024552
204,0;990,1.0702348762622012;871,0.7782878049470763;125,0.18563869518654622;107,1.1218177506042653;741,2.52357135191463;29,1.413494757055644;460,1.5444794729381235;580,2.642353003840417;852,3.528740975120987;48,2.6616356560245404;955,3.4464692729509263;95,4.6705041864812475;840,4.328785665936172;3,4.69977550288028;473,4.414703108905312;20,6.486790125158535;572,5.19260889076675;139,4.39564675352166;911,4.45017892330683;678,6.615734607230129;282,5.478572279243787;360,9.610020754882104;474,7.034664339873768;935,7.220368198891669;898,9.212390084599424
382,0;869,0.3933215417957628;1012,1.589518924370429;691,1.9633601165309023;888,2.337869005167196
458,0;124,0.9494240722159554;797,0.3429099099218918
149,0;510,0.13373430035661782;605,0.8799586108085885;478,0.4398054504595873;805,1.4623458993617087;970,3.379844759675689
913,0;429,0.3942801339749256;498,1.6041453139803736;123,0.00905349425163967;782,0.34940341331620306
562,0;67,0.8892157197494694;878,4.156078289137206;173,3.0480707453820832
781,0;103,1.3193744274065624
352,0;117,0.45775793651635555;376,0.017502777686198668;664,0.4424839327240409;1019,1.9578377934582025
190,0;723,0.6516888632068788
485,0;318,1.0339000988422564;174,2.027836620666637;570,3.1872628119682056;189,2.041960323780948;578,2.152269525517159;734,3.2970571434757225;295,2.8742191680251596;827,2.9458371732797657
1010,0;483,2.3768950190589866
687,0;486,0.664333466819113
518,0;455,0.19298009200795027
249,0;322,1.02566370925588
131,0;537,0.3981757088430792
459,0;413,1.4948634348336534;994,1.5120453799726488;516,3.031728876512039
685,0;370,0.3350602399770111;833,3.9166663580431553
353,0;901,1.3619623638614704;2,1.6261057828148409;744,1.6815683866077467
736,0;767,1.249169848613219;635,1.6767614504805073
359,0;892,0.9466375506488633;318,0.3985276674445914;330,3.3899850688130138;486,1.1920834332992436;562,1.2935539041136375;983,3.5885748509665985;906,4.418238775294573;187,4.096939417396168;405,3.8779901617518377;61,4.30448188870301;668,4.436931741862548;636,5.091187714533448
692,0;916,1.0594277912797183
766,0;446,2.522783700955719;316,0.3707733284898321;974,3.4686606411925007;479,4.725625571360185;647,4.397002918486008;195,6.222077471831379;314,5.636929781241465;143,6.12653364589056
720,0;407,0.5722866164140746;932,4.213681037021445;666,4.759296021724318;520,8.230338194404332;174,6.731643659213866;790,8.976126672639385;533,9.58283181244279
908,0;15,0.5274995271300341;657,0.9847145076517734;664,1.2479650267152311
224,0;664,0.6567445017684085
83,0;1003,0.2756972373830236
941,0;658,0.4274920651575858;380,0.33014358781137615;543,0.9626601726653581
225,0;857,0.3619801711774419;629,1.371489729518522;157,1.612443048729747
1016,0;398,0.2390035837832527;193,3.4492924123376465;456,4.129426936645137
586,0;583,0.7337783333921196;159,0.1539881625261657;48,0.15541497812149516;955,1.1272516367784244;95,0.43294928127142795;840,2.045300048571772;624,1.9464293548493863;931,0.9334088796422003;364,1.2506036968251473;254,1.035600299827361;313,2.727496639988611;781,2.326645586897402;473,3.8070821206613603;323,3.1251132515194393;974,4.496003924740595;63,6.598305704669411;678,5.395290456904465;512,4.603269965417366;251,4.608096697332128;474,6.155587179902477;169,9.00240659526595;427,6.872869234977374;740,8.743052365689696;435,9.61638059440011;133,9.901330379458228;285,9.715384612320502;384,10.669103501517753
1014,0;835,1.5292810992247308;965,0.19326845354284394;276,0.6344920127636525;638,0.7765209126053645;172,1.0611242835591512;11,1.3076420086016216
128,0;102,0.750365176379777
924,0;539,0.2667497938225408;702,0.8319823592254277;983,2.2863170463243385;427,1.3517269420555338;421,1.1233788545771786
990,0;460,1.136953589700597;875,0.558662818410276;675,1.055797875500822;162,2.0733267602742056;355,1.6715289751035527;128,3.975982944559693;559,2.239334639216728;743,2.2816139883779325;240,3.462932299361098;501,3.736789822920369;684,3.217188997692394;523,3.895252447572302;131,3.7219133765709076;537,4.0208855184537935;795,4.810359753237961;708,3.821111744350179;1002,3.8513376398660517;1010,4.4716242309170395;871,5.022771206589428;192,4.241899532905057;609,5.638851009099804;102,4.44844441988367;291,4.899946051843537
996,0;838,0.7835165434575172
832,0;917,1.8170900113852122;657,0.7936043924241569
54,0;650,0.3696315594350427;499,0.48530233049145266;488,0.5865714392589781;433,1.107681394733039;830,1.508350852126061;141,1.4059311234099319;943,4.017513029685661
129,0;195,1.301885424768904
520,0;980,0.5149948753393674
930,0;807,1.7825084278318313;287,1.782520781822661;915,4.000844236917615;536,1.8672278877673867;588,3.740818067787135;521,2.2516741605774793;162,4.84973168631969;292,3.521647527286195;791,3.711756250981862;959,7.2475900007019884;319,5.555166350417554;234,9.193006394627151;893,6.668979127191789;19,5.802537734274119;888,10.55426449534622;876,10.311700592037576;780,10.307202215131634;394,10.726196775709175;416,10.681024967079361;64,11.313646393199681
781,0;51,0.8394284907246926
42,0;833,2.5309435160396982
584,0;602,6.518730804326984
658,0;868,0.5653962444011392;867,0.9489212681251028;451,1.4184397850790516;276,1.0730285148288354;11,1.1874508920593827
599,0;928,0.020386717346378733;1017,1.6264354992780312;998,2.256438099546925;344,0.6691313968170788;950,1.6404369621991368;153,7.104861754863407;447,2.9986576003372636;100,10.381915295934965
285,0;758,0.6663267858900279;484,4.3964849021700845
470,0;157,4.707555463187719;92,6.9036915378375845
111,0;167,1.2180009557523923;38,2.7593441167657327
205,0;718,0.3044404803990255;986,0.5566232967048361
767,0;533,1.7399618313366225;62,1.7538739650076685;352,3.641135261600083;597,1.8580588118262453;710,3.329320469924463;965,3.7338148819598223;725,4.927959051091603;5,3.5684198504477833;117,6.6836781713745115;376,4.824370389298982;45,3.8665412798587213;801,4.5849948481160006;664,5.740868635048211;31,5.26403137833408;16,5.614029989122193;650,5.962075852760969;1010,5.664785928734488;483,5.694934774724406;979,5.833729537268928;1019,6.95383249850681
987,0;382,1.7624141511124043
321,0;555,0.23928285203327068
46,0;812,0.6050854056593878;765,0.3661611581015123;81,0.7141744078584438;400,0.9005525391229414;240,1.6075759616321754
1014,0;965,0.14595325554095845;276,4.401508544409372;638,0.7166373287565047;11,5.784789338114128
804,0;37,0.691992526445714;103,0.37539405833672995;224,0.4267963814362795;152,1.511270154363506
490,0;530,1.1485335860229517
818,0;201,3.427767345365941
981,0;711,0.7755502802888882;13,1.0023732881710958;103,3.5313406030573997;224,4.037748494556334;664,5.695706559392674
777,0;660,0.38772002066250344;386,0.6907350045319539;988,1.6757434064069077;557,3.6003727886311907;523,1.7450235558739688;609,3.230870414558131;77,6.384945837342998
54,0;253,0.48564939810221547
658,0;867,2.3062596373309985
641,0;352,0.3667940946985641;117,0.9501722217780135;438,0.9200814665135377;376,1.9272969224844267;697,2.044004999511869;193,2.892771811101387;456,3.3082083286039237
788,0;86,1.2732850096147272
725,0;31,3.571426588223225
759,0;20,0.9192022818633468
804,0;37,2.5787413616917996;845,3.8149368602128004;531,3.9245343070272374;561,4.505234469274123;898,4.156383101372954;62,4.110569060536635;443,7.3363044651639715;352,6.9675140116971725;597,4.748262498981223;620,4.697210897786083;2,4.268270035689358;744,5.768980006916005;247,4.803821491387021;944,5.363115831777792;430,5.829371272462632;521,5.5527539088072615;726,5.569195895415606;977,6.269512400935471;117,7.4576803445211715;376,7.614848282602119;1019,8.683371146173542
649,0;256,0.7975997254866714
286,0;378,0.05503616693793471;148,2.376112365372959;334,2.0529119662821014;228,4.7193908067042445
719,0;960,0.49811156153363967
443,0;900,1.141141767367394;409,1.8966052886016775
204,0;125,1.4914737862892926;986,0.15732275550728356;136,0.48759351705065
24,0;73,0.07064695451794384
439,0;647,0.24732121124424514;866,0.7364060448775958;845,0.7875434397101164;628,3.3594228661074474;531,0.9300084913318017;561,1.5575257457558793;898,1.7908932403222872;443,1.5862443669382962;900,2.3005648212445733
870,0;7,0.26178607153368877
413,0;994,0.7078691854122737
908,0;657,0.10381539538201445
14,0;129,3.1037060610667684;745,3.4593240890129113;642,4.515917836152994;916,4.5711116399138545
408,0;983,0.23634652183272734;350,0.46741345196024664
795,0;291,0.5306521875677885
502,0;149,0.6991674005086028;202,2.7028185801573263;510,4.607223271304276;605,0.7743558071647911;478,5.058407909252277;664,6.707303288090799
729,0;45,0.18451162305768257
628,0;201,1.612508207841876
189,0;734,0.49794453793524324;619,0.21995984129141824
535,0;670,1.6410916880160704
448,0;1016,1.5146957769737535
601,0;579,0.5395192199446843
923,0;911,0.06735565639232148
766,0;561,1.2429837153431909;316,3.396960246388553;247,6.292982857201139
804,0;103,0.07752463326481476
805,0;970,2.253108672157186;657,1.4641696696468316
940,0;455,1.0028033696986673
76,0;717,0.2027745677949291;238,0.39780247369895194;611,0.9307166138984602;895,1.9614322269007913
507,0;337,1.6396445809191134;435,2.480683511972699;234,2.5039972634668457;285,2.967389413761901;78,2.852236039952856;876,4.734508214154154;780,2.771927708093737;394,3.0964467529047752;416,3.238065853484505;533,2.9866065547823655;62,3.255656359318823;325,3.974419231053239;64,3.670221866136079;352,3.765079353223659;873,4.662404804888757;117,4.767229616088168;438,6.0268785251217;376,3.9259455339066163;697,4.36953097261189;664,3.9887293597710807;735,6.440429921929558;885,4.128459527506764;393,4.0868595660134455;224,5.327790190687858;193,6.438234165166753;718,7.709185661921589
76,0;717,2.118104682965726;38,0.5942265185180493
986,0;861,0.10961585507962279
780,0;394,1.0473477242981235;416,1.0061383344990396
829,0;802,2.1336419677950547
13,0;103,1.053247358066032;224,1.060888921424768
590,0;693,0.3336172169376751;982,0.7437584126374028;269,1.1331845842580397
866,0;881,1.0405750838121512;845,2.367491109243319;822,1.4516650422779562;531,3.85035279023203;600,6.143654565474986;898,3.921507944412495;62,7.644181873585618;352,8.307998468000026;710,9.169879272454294;376,8.36577910094471;697,9.081261742335494;1,10.094486767612512;965,10.766207614838036;735,10.738180069993337;512,10.942829097972018;422,11.81739950951486;172,10.823034001433921;728,11.56123098173747;203,14.242782127178513
276,0;11,1.742999242832044
54,0;650,1.6581890048526928;499,1.7048615048846167;937,2.054703748110713
96,0;703,0.9714510078812351;477,1.4882899812622754;164,1.3654718371811572
405,0;1005,1.6343275216781958;356,1.6763278758135158;221,2.2253285705785184;256,1.9622766026857454;86,3.215440257403749;618,2.560080707650773;975,2.5991132793427107;18,5.050593764695772
987,0;382,1.1730994216376476;331,2.6014551398096355;925,0.017123006581707522;584,0.17323187344049756;767,0.749647791727708;602,0.8758265192741488;726,1.3118355352811957;533,2.406704518644486;635,0.8781414939189034;656,1.008671853179557;869,1.2774519939073932
729,0;146,0.6563784270882582;443,1.1091594364327932;161,1.1027199264359737;170,2.705444140758524;900,1.561529054688988;812,2.863581620929047;400,5.2896724418541;470,6.461740445446134;430,6.590707128404826
362,0;331,0.0545644038847696;354,0.1225681627073895
34,0;539,2.1694076044101083;983,2.9305932840118194;61,3.4612422836303742
751,0;973,1.296273817758433;249,4.742084612787281;1010,1.3914093945462993;155,1.6545056761750367;483,4.2316311197973455;979,9.71750089980731;322,5.648232087797642;616,5.0844738767423845;576,7.333346603603138;86,8.017500038924233;307,11.111737757019243
23,0;413,4.096662522861991;994,4.493444528527328;416,4.145800215642275;64,6.870463081725564
388,0;7,1.0189818920138;894,1.305711789957294;213,2.897674997198153
402,0;199,0.842088655292159;60,1.3043573855341553;212,2.3399404304439484
3,0;151,0.9892426250347933;671,2.100236436870747;452,2.696238077931417
525,0;984,2.3215007817975337;881,2.927996027016335;822,5.659057383484608
1014,0;863,0.15073681794746466;835,1.0074818615786003;965,0.12364498935119128;276,1.613250813895436;638,1.8195357139991408;172,0.41740415134991643
197,0;572,0.32947851108912596;149,2.084396830164313;605,3.300917168637712
776,0;606,1.2728981609984336;298,1.7437552086893715;553,3.0570169388952855
221,0;975,0.18015366581584893;524,1.3736681024899389
679,0;539,3.0182996666877284;587,3.1292233477861444;428,5.823853689246003;983,4.05690043872562;241,4.322075036250078;616,5.074162817300342;405,5.0072867219360635;61,4.264964506776848;365,6.488906390352309;738,6.502386732436506;715,4.676641489894941;249,5.086601642231161;798,5.224655292626902;1005,5.400247408215481;339,5.448720778495012;65,7.220934842803715;39,6.034710086049277;630,6.349377502779937;636,6.501336991888176;461,7.176635239967961;58,7.1848453160193655;745,6.870333113004638;37,7.938575349860993;998,12.082239802420554;727,7.826187322872583;728,10.411620267572431
886,0;95,0.5609161359454953
490,0;530,0.06989068241577812;745,1.0354524464294386;721,3.2364599623043673;642,1.6429806824230468
428,0;240,0.5897495010342678;131,2.0904560211117538;537,2.1683179653530646
742,0;589,0.4603420969056874
1005,0;65,1.199770731207234
64,0;873,0.3753109175284687
694,0;1005,0.3133011715919715;65,1.6752087283650263;356,0.7939557172792223;221,1.9722498813187985;256,0.9529630843588306;975,2.1668168035983686;861,2.687078137210865;524,3.038492630100352
243,0;899,1.2945866104589354
140,0;818,0.21000412605378488;499,0.417957659642202;201,0.6452984510991223;119,1.7422112653813495;488,1.2104947109602682;844,1.0888211015599318;540,1.8336352142171424;955,2.0514110121087246;322,3.606906176731801;639,1.8998083558795724;929,1.982784961375614;911,5.634443847166796;474,3.7274657959345636;427,4.229078925297832;740,5.571744470501649;729,6.056136788559144;443,6.50612921697342;900,6.767801265702088;812,7.348782117040044;409,6.801193434095333
241,0;365,0.514893694179874
915,0;959,1.4488825668717715;319,0.1087669289661166;893,2.6256286754441662;19,1.9262264769943467
752,0;399,0.2733693203804065;539,2.641239424012092;587,3.826024901004062;428,2.959843760954013;983,2.747305582886878;405,3.2855451829716387;61,3.5670927460610917;187,4.497915690197152;999,3.526075641419159;798,3.703777536868925;1005,4.464399522304165;482,3.6931882789302763;115,4.87740235897816;373,4.381215916278375;339,4.492011708698422;510,3.928167524939521;478,4.060978248801842;664,4.4970836030924595;484,4.996209123840844;805,5.0909706556645755;605,4.364166335948082;85,6.429230915633706;19,5.519646329240192;356,4.587484058386856;636,9.880563459785977;221,5.9215101313507;86,5.011312119410772;875,5.000319426805566;82,5.515773872127841;826,5.029191308141843;278,5.654309540363644;970,6.335011582370625;633,5.965886245403423;458,6.8369711039163485;124,7.007995298985229;847,10.38065353603084;903,11.21182512224832;704,12.237900293884376;65,12.773183661379331
926,0;882,0.93850738170115;677,0.5939232226252263;443,1.3380324408743225;74,1.1049702472777412;497,1.3198911533454238;935,2.2598397949707865;812,1.6608647657871425;81,2.311848309609595;898,2.501843587465901;2,3.5354684015347653
912,0;1009,1.28721842513117;864,1.5312964152515498;36,2.6520238791587696;4,1.6135358686346513
286,0;378,0.7554520019083498;639,1.328240913843687
655,0;338,1.0538946189665779;498,0.516627330877116
364,0;295,0.11828962431661245;781,1.6294948819598145;343,1.8511960924139077;827,0.8819330088943531;709,0.7015580327778578;103,3.383822050811319
529,0;820,0.8417087953557462;703,1.0187438395954624;782,0.9277350358472515;618,1.2873407874883351;477,2.3103154525238043;195,1.3568147152785197;411,2.5377954452474922
673,0;70,1.3933474215597945
998,0;447,5.153510083483127;907,0.9849161232708797
801,0;397,0.143240515732361;335,1.1134966227906244;256,1.3715023094159504;290,3.17426466865235;618,1.8496361340784107;986,3.4173310435325313
108,0;24,1.904742697596114;242,1.0992061205667445;824,0.38592935511031534
332,0;991,1.8567534272692627;24,2.0090260272460068;73,2.95912031856001
300,0;207,1.489081078234982;484,0.21364016890602755;497,0.31420012757025473;875,0.28469401089292823
160,0;708,2.912009338537788;1010,3.349843617019513;483,3.386572646356776
169,0;249,0.9377858000214188;322,1.0221164486602077;616,2.643971016688159;474,1.5563085368899239;427,2.162343395970748;935,3.1602388231542395
871,0;29,1.1659162940470853
994,0;516,0.020454742389191222
249,0;616,0.33036485152478895;576,2.712597067087665;86,2.780631349865256
322,0;474,0.6235831821184744;935,0.6290905319168864;898,1.04047068439227;377,3.2621928123454524;571,5.024406258101223
358,0;4,0.6550193367961981;528,0.6421968699775978;153,1.6203144697592888;795,0.6663941419785906;100,5.549305689930401
145,0;934,0.55304875195703;34,0.615519184869769;612,0.5828964161313878
53,0;856,0.3409060808078995;835,1.267258131295055
159,0;48,0.4068199321855002;95,0.4123251246876617;840,1.7836306352082698;323,3.310527909971686
754,0;830,0.21912550099558717;574,2.046059746674314
694,0;1005,2.2643632591247216;622,1.7416357702985594;65,2.4621628981028083
26,0;439,0.928184594741104;647,1.7437321847828775;848,1.4309702316712722;792,2.043672220947901;751,1.9087995051642135;973,2.855265838415323;443,2.4410627293982268;523,3.7395356861901368;900,2.7350163997766663;155,3.7109276391522332
681,0;348,1.2796369620455235;650,1.1002200792298211
23,0;413,0.4857140569385524;1005,0.8039748950514294;994,0.6680183963133328;416,0.8436899397692149;516,0.7828645242942722;65,1.6870619333468344
53,0;856,0.44858703299750846;835,0.7958639175480962
1009,0;365,2.1423211219432945
614,0;29,0.6724012193192672;241,0.8118700912292859;580,2.2458421304303138;852,2.2307462324605574;715,5.054390758651352;3,2.233138363585363;572,2.7070478422407147;151,3.6209634007476432;149,2.890242754631509;513,3.452305508534743;282,4.11351881904592;789,7.4403938103953715;510,4.178350453361905;452,4.082132924072507
998,0;907,1.0160581922913368
420,0;58,0.06307479601062252;67,0.2782506665706374;189,0.3384880487015841;619,1.110174334341096;295,2.253737127621149
720,0;407,0.02133817772664772;932,1.0455279309119485;666,1.4912194430862662
605,0;85,1.1021008599252873
288,0;336,2.768492621885069;1,3.0722268183594745;971,2.852361307977548;225,3.489112735695248;906,3.9977996865728973;857,4.111428124709464;629,4.216312326527103;592,4.0626852535169435;304,4.202768361304271;636,5.27068895449155;668,5.1884096828287145;847,7.15627212818042
330,0;735,1.9234218709776123;512,2.4787822971456395;728,2.669233387430777
211,0;990,1.007481943301697
801,0;397,1.1683409037701529;948,0.3899086749700438;570,0.8722126566563696;204,0.42327029695941953;125,0.5306238980329181;986,0.4762709954397581;136,2.950609178506744;107,1.4528433598845436;741,0.6522756636692694;554,1.3368736968604846;72,3.6896891510452714;169,4.170140347529682;385,5.299542146985576;435,4.312288940630781;133,7.128855097950946;920,6.629969644483003;152,7.129258069416137;190,7.179476032277676
864,0;36,0.48299280085269525;4,0.24559796899340078;795,0.41123583145089415;291,0.47398008692490834;105,1.2819273008160033;238,3.9857981641056464;789,1.334407801212443;721,1.4085103328985034;581,1.8742216482860712;896,3.5450061062284974;611,4.552651010283804;895,4.966242053931264
541,0;184,0.07344703736771131
87,0;389,1.9827256776829842
364,0;295,0.5145407037589698;781,0.5916946222682381;343,1.3883312600343165;858,1.5290312827616894;103,0.865939517662884;51,0.9113560574368847;577,1.9689658487666135;883,2.7829775865951767;778,5.659143785180026
848,0;751,1.7930345151590044;637,1.0981071849618085;336,4.319823671494156;973,1.9921257832426733;155,2.2964078033007542;971,6.71909888166876;225,6.924878612034706;857,11.410315040612577;629,7.240856167375386;636,12.855418965506905
1008,0;1019,0.10234504737709872
209,0;710,4.077206378135468;22,0.19121464850205908;775,0.9693276954800473;965,4.657774226343133;725,4.804080662452187;422,5.0210756589374395;638,6.379121699408218;172,5.17493585990007;31,5.172479962200944;16,5.807339920400755;326,5.529959222212819;364,5.690137010548905;650,5.837313141394092;1010,6.379786398796356;937,5.839842677550316;483,6.537668115425364
571,0;315,1.7448388970588122
751,0;973,2.055685916190345;249,2.974847909495702;616,3.5507834097638256
973,0;1010,0.1393225625471869;155,2.072411334300374;483,0.8799047768633358;979,2.547496738557837;307,3.482030572340576;508,3.9776837263691935;811,5.051448433065584
144,0;622,0.3541753472432758
654,0;469,0.7339499274628342;825,0.059842869884525134;594,1.1289498840068617;160,4.656208097183467;283,1.9879152040695018
241,0;365,0.09251193577466653;738,0.21724773607576753;274,1.9659447072912752;461,0.5961229990598049;811,1.093860143330709;745,0.2865620274485151;778,1.5917048507918552;996,2.9827966845991245;971,2.386450555698514
102,0;747,0.4335760775672844;373,0.4385893640941247;141,1.2056468676946193;19,2.630729865860359
834,0;729,0.25361775478901777;146,0.37767599648207173;443,5.529510132153782;202,1.1949811224514306;161,1.4039095032607722;837,1.7776184998570526;170,2.2131689206695033;535,1.8757129215024368;855,3.155187030410632;232,2.4527508075628015;420,2.839221690662187;707,2.6757314616873655;991,3.133290102939823;58,6.517398972077388;812,6.625536589079378;998,7.4714726064578025;727,6.976030924988658;67,7.091790717357133;173,7.606192535426905;236,7.64283023302935;975,8.231656005537529;524,8.540498814109213;988,8.70847888886266;523,9.580600569611327;88,10.723841297762876;245,11.866742130918349;510,12.4803662358463;478,12.631501800940221;484,14.262930130264241;605,13.7597375421731;85,14.097426662430932;82,15.244785362945901;633,15.455419475004026;458,15.473552421358187;448,16.032882798217486;124,18.143392210691225;797,15.475812157291285;582,18.44025813542286
198,0;871,0.43201600333424767;29,0.671900036474659;580,2.142823407740778;852,0.9836229409365564;572,1.2454750732797304;513,2.949408509198226
12,0;588,0.25609026127957996
894,0;213,0.13530564790702543;852,1.0407140881177868
478,0;664,0.3034806165109474
745,0;510,0.30510637959015124;478,0.3566026195057099;805,1.3013221187068695;605,1.1866993775088048;85,2.409169170730876
525,0;618,0.8707704935902577;984,0.702738883259561
300,0;170,0.8760372649757421;207,1.7077056902854104;484,2.0101340929700457;801,2.753572972212015;497,4.070070481089847;875,2.8867716502665854;397,3.0835085830852793;335,2.995076708417455;750,3.6464117860559218;675,3.9453349657067234;290,4.6560844324767725;531,4.723395083610567;822,5.1615322706526445;561,5.900363195787909;898,5.741261694800388;443,4.847949277226509;812,5.521524144125098;81,6.550960929697795;240,6.797209903078281
135,0;261,1.2301411368288306;991,1.613350411450757;1,2.7452387414839095;906,3.3868726535718183;592,4.448811909817578
677,0;443,1.980229600280549;812,2.9885935306243567
231,0;838,1.0968314974104372;402,4.515041121817994;199,4.579898444391187;60,5.728007577796697;282,6.741470094233356
128,0;102,0.3883573751078574;747,2.961759373669195;373,3.3284538389467335;141,3.293055588595433;19,4.421159985622572
419,0;31,0.08996752261960698
436,0;250,0.11020122189650054;87,0.28386860325447916;389,0.962195014895184
821,0;483,1.2047553370256072
593,0;36,0.45128102572498724;105,1.1034405386021924;789,2.8768620437570096
971,0;225,1.041314183515447
185,0;639,0.29198446493540253
648,0;536,0.13141369145626355;152,0.9970243203864791;47,0.8687538100300148;292,0.6254965376790551;791,1.3941352780625218
103,0;224,3.8249053923970653
982,0;10,0.4642305891363182
275,0;675,1.2245824627781958;114,1.4785474199457649;727,1.249589267105664
792,0;523,0.27991865980849645;609,1.3461723909239258
347,0;668,0.003160083601721206;396,0.28675981424463437;514,1.1389159776468967;535,0.658583365099959;839,1.577182245138701;806,1.8050565272161876;786,2.0604174035738256;37,3.0567702779521797;578,3.085897473872294;6,2.54224671640843;266,2.108459080618786;152,3.3435923429247842;49,5.240267040040878
888,0;947,1.641835730593008
926,0;677,1.1219185480260665;443,3.8185008390277524
244,0;185,1.767649880580417;639,1.7897197277514671;911,4.812940494051271
186,0;563,0.8172736073504635
678,0;474,0.7686483635114065;427,1.75217357176007;740,2.1275231701941424
508,0;194,2.5379344113010105;811,1.7458487546719963
612,0;512,0.25475709713781736
255,0;322,3.247792746029868;474,4.739978694070221;427,6.354408453683584;935,6.357756650196796;740,6.984600173698688;377,8.38369847674089;729,8.150540724200994;146,8.341434864678689;571,9.577994429628491;315,9.632356046432829
881,0;822,2.949632543452437
754,0;830,0.9776983619332772;574,1.3461499216992348;5,1.5803002425214598;402,1.992145492559974;154,2.337338237919753;481,2.449541709442202;316,3.2119712385900154
275,0;675,0.139286372472082;114,0.708281512906977
480,0;130,1.9027903872679388;924,2.2192522679014752;539,2.961811130772019;587,3.2403122956577164;428,3.684122232418483;983,3.1001985524310367;405,4.0769006844145625;241,3.679722932576654;510,3.7510792345884676;622,5.039947213741009;365,3.7890354870197864;738,3.8458178949794712;715,4.0274552866231685;999,4.2243046392662595;478,3.861713078162128;918,3.901284716670271;461,4.437949864154187;811,4.73577727492006;664,4.432360730380952;484,7.238730687863456;805,5.2637692399714275;513,4.646129320181717;668,4.162601201718764;778,5.29246549107925;970,6.8264945199717;497,7.690017406339918
669,0;237,0.7157027590792862;1016,2.1200273609132676;731,1.837771159973541;398,5.875451602152113;193,4.7181599266321195;456,4.992155866238575
310,0;654,2.194533895830635;469,3.082698766966219;144,5.8408304757273;283,3.536532255281813
174,0;570,0.8894825523911707;189,0.15059409555352715;578,0.12715421176761577;49,1.6275057811958877;734,0.4965427687735064;813,1.1614800626067971;731,1.7733743031163791
8,0;366,1.3667678186260168
809,0;297,1.0984452201176922;111,1.3414361690563257;167,2.676792840019395;506,5.376283949666465;38,2.837259658420636;174,3.695184686351951;570,4.865654392368709
795,0;291,0.43103993310797173
232,0;707,0.4764883952415202
682,0;999,0.07152850097899957
837,0;535,0.7642871096025228;741,0.06086918473302833;855,0.29612984383943997;554,2.266492259786139;48,1.3249844175916619;839,3.381253478381794;469,4.247441174087654;37,5.087322091355874;283,4.60110039934464;845,5.748156659419173;628,6.116128761313061;515,7.954625429037796
783,0;489,0.1071213448683492;782,1.6330949492978377
150,0;442,0.19335950703192298;135,0.9266104244501392
527,0;733,0.8316428703960768
886,0;95,1.1133675811414823
356,0;221,0.17838309583939366;86,1.0790461975579169;18,1.7965966038830394
809,0;999,0.6912162055215532;111,1.5292407300605422;506,1.63282777350337
845,0;628,0.9559510252304829;531,0.45227920279352396;898,1.4148968098166934;62,1.1813334034179186;352,1.7906987053873253;710,1.9644983463819345;620,1.8650123553232358;2,1.8460765273282624;117,2.2981912569467706;376,2.487628886144219;45,2.6103205716078888;944,2.0171332464250176;965,3.0093439999853606;725,2.9251394940652853;5,2.2533943523779683;521,4.0916431881487245;648,3.0023440318753036;402,2.594078039789523;154,2.6401384359995994;1019,5.294786613366394;664,3.487339493565862;172,4.344753549639901;326,4.609267952195428;382,5.070683197023045;364,5.998699932531778
472,0;97,1.3769995765401983;179,1.0229349462258495;424,1.451803793993837
551,0;341,1.1897969512678823
587,0;241,0.023654871723950865;510,0.8845867169449039;622,0.6579671658529568;616,0.5679456787696687;738,0.25042031753532146;715,0.2265091886238981;513,0.35601498242090235;918,0.5426327777921274;58,1.5697195789544025;811,0.6139401482384945;734,0.9663370115618212;778,1.174013424731534;998,1.7855324509695134;727,2.916141787651622;447,2.821415840735013;907,1.918435593863641
274,0;516,1.229962012787669;971,0.4623671050602917
41,0;839,2.569403983103812
123,0;999,1.1545049177823943
954,0;130,4.685395533928105;896,0.3918751831230522;344,0.7244955819110055;784,7.830725721963668;20,7.67084569157222;29,8.467188205786092;662,9.690917111032894;580,8.580360767319736;852,11.032419628086014
679,0;789,1.632923337810728;539,1.1108267615788976;587,1.1997145884967597;702,1.4325480815090603;983,1.3652328954069697;510,1.712859218225181;622,2.080976920375284;405,1.914525030681118;61,2.217179581363467;421,2.3713528972389604;478,3.147368045695559;798,1.9401850219900452;339,3.1799343653517527;664,3.331878335018343;805,3.433995477660867;605,4.868037925687635;970,6.802289379727792;657,5.483805984661674;85,5.314544660335709
477,0;411,2.9642346018927603
867,0;276,0.20249865452546412;11,0.6563872706411056
86,0;18,2.8360865863104987
376,0;697,1.2187068123017117;193,2.3305591803308845;456,2.748542272117274
74,0;497,1.501081536776636;935,0.7267141673346137;1002,1.474277763086953;898,1.8006637309905829;377,1.2617673994579355
606,0;298,0.6519988740879461;553,1.0028340166031489
923,0;911,1.2977972923950367
139,0;911,0.4243781696950791;194,0.38989018430098155
776,0;606,1.0682199374186339;553,1.2660126343806444
623,0;998,0.4056947889917467;210,0.8769368805602611;531,1.7719016120544488;19,0.41604414618543667;447,2.29971965904183;159,0.9343484834869481;972,4.403818403507524;949,1.2463665187587445;561,1.7992342981934883;62,1.781017567381925;352,2.3683997582732608;710,3.4368133553557474;620,2.3224407202067514;650,4.862782522527661;944,3.477213392787146;430,6.663188385710415;117,2.3813621764376074;438,2.547264444524684;376,2.9982616103946897;45,4.707396355585127;718,2.90631714012073;986,3.7253576922364293;664,4.786734662825067;521,4.784110291243877;858,4.378653201873695;726,5.147801603985532;648,4.733979744655521;861,6.1959730102914525;580,5.052703147242692;246,6.3392843407950705;152,4.787314391071834;47,5.676037454533155;937,5.765770406935635;629,10.64334861397382
798,0;339,0.16341140448657426;39,1.6621018132610352
642,0;198,1.4581581743936367;916,0.30301589873368473
42,0;210,1.3590215665473118;159,1.4951001157196366;972,2.375973991532375;835,2.990110256193225;246,2.4402703764898517
183,0;62,0.608768947821442;352,3.893901351832432;620,0.7865458925499258;680,6.253772322126542;650,3.196232016102182;944,1.8460777746693178;521,2.019803562521886;726,3.454544331394211;648,3.1462140086738737;536,3.194945450159492;152,3.271597778584403;376,6.392852101572046;697,9.741625975364487;664,7.338679199690653;193,9.937924861757029;456,11.224081682623673
982,0;10,0.07410327022619013
99,0;550,0.4294749902101114;318,0.047466657392454766
684,0;738,0.5343503267406717;918,0.7539283653960593;461,1.4238241671154008;58,2.833114829641781;811,0.8827749360195916;745,0.6996358269833682;734,3.355468887871557;642,0.8760084152329408;510,2.1372146201662217;778,2.4075232323575824;37,5.355645330532457;478,2.518190019901348;664,2.7601744146563654;484,3.3704087957994435;605,2.5501967166613224;67,3.7306538685204726;813,4.7937446237896815;875,5.1586257593479345;173,4.908373373149965;236,5.6696402795653995;675,7.064417842389785;826,5.579496488993012;728,5.834727259649404;152,6.726266644499715;845,5.381027148189283;628,5.68069191998617;531,5.889171083292232;278,5.884013782576317;500,8.985543746864053;975,5.807165701374965;189,7.424038701266813;861,5.942505907908629;898,6.744859323752126;62,7.524481600062961;727,7.196709118892593;619,7.440657245403019;295,8.370185919353434;352,7.666733855146375;710,8.617434558981566;620,9.098285624595762;438,8.129760381190106;45,8.356474418125178;343,8.478581656594987;858,9.220308142367264;827,8.385353288348844;485,9.541687979835144;912,12.57248705113442;577,9.811796712600538;725,9.793781613895538;5,8.841571357226162;154,11.008912677823751;650,9.38785486538939;944,10.562706025771195;430,11.639714569290929;499,9.434937950028111;937,10.920863923201992;119,12.247739178731086;31,11.73480862995697;16,12.720651273138484;955,12.877730336199496;322,12.53131209439234;1009,14.513919111439183;735,12.981215288719007
972,0;246,0.16947419286066742
926,0;677,0.047952436734538195;443,0.26009729300121354;812,0.6347725750964417;81,0.7368943880113005;400,2.2944984179818144;240,1.7083635591469006;375,0.7533465112247747
951,0;802,0.38828668851412507;1,0.4182788857433282;710,0.576257375245427;5,1.9724418523554128;402,2.31725307316859;154,4.981973641642007;199,2.9396486881712347;60,3.4926581254582176;319,3.4897918392130163;234,3.5648860931526922;19,4.175029998498551;212,4.090695826347602;888,3.9386310795632458;78,4.625471991075196;876,4.839583006973525;780,5.5624035538076955;696,5.765520026168506;416,6.45552294692799;64,7.5322630864495
238,0;611,0.2732750084534066;895,0.8209863684317757
14,0;1001,1.9606358915913285;129,1.4605494496159812;745,2.3470062472527218;195,2.6365025894236958;493,2.7528269451173646;642,2.536054941557059;510,2.406657776044145;478,5.46257466168036;916,5.210095076552387;352,5.4094375112264235;376,7.382609695603137;45,6.088424085283661;664,5.588429976679268;605,7.207025911107929;85,7.746721486018996;697,8.635674659800571
518,0;455,1.140966107210462
191,0;694,0.13983613097626074
122,0;884,0.9757444136748967;238,2.146830770410059
396,0;797,0.11320595560399369
675,0;727,1.0099188260045417
1015,0;1007,0.8078584126530228;764,0.011777330311974971
249,0;322,0.8199613007305427
869,0;1012,0.3617175405919999;972,3.085570280305081;888,1.4947248717177586;246,4.8009214197885886
4,0;795,2.964963755194013
533,0;62,2.0083035376085245;597,4.060020977264253;710,3.2250088456632247;620,6.31288965781015;965,4.0021898149557416;5,3.4307718525366506;154,4.130872731581989;422,4.523333843868165;638,7.12193567595981;172,4.990645433887342;203,5.663783820603299;326,7.662048849543654;382,5.014033744587193;869,6.333206156152034;350,7.31312522577133;680,7.171974165506237;944,6.581750125118284;430,7.897379155790882;726,8.589782018520475
567,0;381,1.3299598716760261;956,0.47079813268173126
53,0;856,0.40491573310544154
290,0;986,0.5297095913550143
112,0;232,1.582784631035712
392,0;470,0.04167963715957219
694,0;1005,1.8765485504470867;65,2.706932321586004
775,0;21,1.0949477113175292
490,0;530,1.920893270353474;745,2.7093251257876916
708,0;871,1.1255081735120993
914,0;167,0.33281059157273835;672,1.510578253306856;38,2.137268072290869
244,0;791,0.8743067624992993
968,0;608,1.3705279194410174;77,1.6974754437484905;702,2.133558430979081;360,2.1509269693951554;427,2.9853317285815306;740,5.7898585987140745;729,6.575004470406453;146,7.2460111163290195;443,6.701666762562413;900,8.343329702958286;812,7.929379532762896;202,8.543614963971306;400,7.98485651587066;470,8.301581511921933;430,9.66482277750894;157,8.43385078116134;409,9.370606367250911;1003,9.32397795341846;92,10.70960281752602;612,11.086614295713282;512,11.417348499200545;728,11.993618426211377
261,0;991,0.10308243119341086;921,0.9844205182537026;1,1.3146020502170825;552,0.7234221954133877;906,2.7467179675003255;592,3.110846644409669;359,3.107031917540724;892,3.489377583940565;244,3.172447473715843;318,3.5881096061987487;330,3.568421335188166;983,4.377869294310076;187,3.8642965240556406;375,4.721082722126947;174,4.017733265183193;636,3.9208155354565055;918,5.280249787744751;847,4.582323428963973;189,4.171873841802887;790,4.315053295228337;578,4.674051516858527;619,4.396264234248138;295,4.893405687562037;405,5.701840734957843;903,5.821746044934326;704,4.822819419549443;49,4.842845315144352;780,5.3803359217839555;913,5.808393539085468;485,5.269009167486226;360,6.29791079501004;343,5.930885580054317;858,6.549167310894659;762,10.04386008507414;394,7.4703121359478555;798,7.561568955304635;1005,6.364890637237893;429,6.900515729258055;966,6.31614486329621;209,5.9772453126398775;912,6.028786855651955;577,6.785945303932664;710,6.9015072447187436;356,7.948723889777129;965,7.7513777491151306;725,7.080324011436188;373,7.945327479814853;339,10.445719151733922;422,10.667984455472922;638,9.400912547819763;172,9.017130811411443;39,11.883651678064004
241,0;715,3.074359661713581;274,0.8829754591628504;996,1.7233781578855867;971,1.4254538623905055;838,2.2967123133827094;709,2.718563780303723;402,2.7363431239980156;956,4.864541446776294;199,5.779381898642503;356,5.127720287159541;221,5.392338214059471;256,5.349441769000674;86,5.799061412752908;618,5.362680744755291;60,6.161254219279905;319,5.7949672800083665;282,7.992632378191509;18,6.738914379709261;212,7.0926885529774335
326,0;364,3.674400837803668;295,4.039903904381087;781,4.838684079797138;858,7.061883030969462;827,4.359391094275428;485,5.380231496336756;103,5.352706126800345;51,6.938110626005306;318,7.088551365428822;965,7.181000206681429;580,7.579845067169142;174,7.399318813948016;422,9.901044198962403;638,8.447087573426836;189,7.537401831937845;790,9.237914781816217;203,11.141235414109206
749,0;365,1.1589771977642132;636,1.7671123780561762
653,0;561,0.015453745190220145
802,0;264,0.5846447289039729;112,0.15296175251202593;232,1.4193187004070182;983,0.7295994700744641;58,1.1112255223578664;727,1.640374395998033;67,3.0523003488755114;447,3.60667841899231
867,0;276,0.3762711321948876;11,0.9935293429088394
318,0;174,0.009523925853805383;570,0.9129249918619217;790,0.44745442250506995;533,1.0492728925846788;62,1.414060928127081;352,3.0797033507175122;597,2.0493822461588245;710,2.133339598752438;620,1.9168586218273491;650,3.3002603680861746;965,2.1573224142888097;725,3.3467766322696137;422,3.050658403141985;638,2.4147059941339135;203,3.2310381858296027;117,4.645035491513678;438,4.159785413981044;718,5.6357580226276704;879,5.357566740533867;986,6.855973826206866;861,7.572682645349122
883,0;421,0.5493708773093448;778,0.7927005228704117;797,0.9022876569270903
97,0;782,0.12071972873952007
599,0;928,2.4507433638501;590,0.29529188476032886;982,0.5471056126234773
807,0;287,0.08974803984834465;915,0.8956071146417869;536,1.3067026781066569;162,0.3185008897923161;240,0.5869316478424689;959,1.0697917278912725;332,1.7674028010900802;84,1.3661379866397778;394,4.717734891586168;292,2.771553066732687;779,5.006832052379981;507,3.067820057325362;279,2.8257036274806175;791,4.0347011853272114;781,3.820929939144947;435,3.219772179199672;234,4.493443662619143;51,3.982114419082946;917,5.542863003146239
735,0;512,0.6029994201470772;728,1.0204367393736862;611,0.7066522424502419;251,1.5073180342080197;895,1.2943971468255278
804,0;103,0.21865599539547165;224,1.3706246135989704;664,1.519076780553105
909,0;496,0.12945516884768712
852,0;3,1.73809319764694;572,2.244921173769883;151,3.048207742759544;149,2.513831765737093;282,2.2643211801794383;510,3.952526362392268;671,4.146430522886585;478,4.970101093121713;664,5.301945855903905
806,0;578,1.2422937506983567;49,1.5384085430994319;485,3.416609348886917;360,1.6592155244646116;762,3.476444450875279;475,4.470670555535113;995,4.687020590347956
381,0;838,2.05366543599913
877,0;230,0.13504995470224423
59,0;985,0.5658064838858625;564,3.1566582156996494;728,1.1239100296684263;71,4.423928050743985;775,4.135811858737085;142,4.197741946939998;21,4.920790826831635;902,5.479159039426019;430,4.310831499396992;247,4.813895418836601
756,0;411,0.08406961427295724
384,0;26,1.504483058467476;439,2.718293677849549;304,3.7631320257638534;866,3.18068580882278;881,6.761914677485239;668,3.8551731504298496
840,0;572,0.416413175289769;149,1.708619459914046;513,1.334047016191158;605,3.851210580552758;85,3.9744488865689696
486,0;509,0.0849785793919497;741,0.9630480874788785;48,1.9783455143535575;955,1.9967100906921171;624,2.3416697854120616;797,3.104432595156157
149,0;510,1.0436226474541743
823,0;475,0.0007912785765457372;696,2.5999308452993106;995,0.5647377789881163
488,0;433,2.9675960812528626
498,0;917,0.7155430006072464
358,0;4,0.8469088111752325;153,0.825219989916039
928,0;998,0.05899738450764069;344,0.27242603753599437;447,0.2747350638425433
113,0;370,1.948756620750287
405,0;668,0.8267150435175077;1005,0.2715487204788687
434,0;166,1.2022730668802228
621,0;510,0.018621227416716204;793,1.8162236405801069;931,1.8792411729575411;876,2.3251631143707545;364,2.9984439410846955;254,2.4949670695871067;295,4.034863777609788;781,9.784948757578297;827,4.427060175671973;709,4.805211201095827;103,10.304781484750213
920,0;748,0.06733692419557032
569,0;1002,0.3450038292128268;460,0.3930997400127625;869,0.6896839272400375
697,0;193,0.24872058576153017;1,0.6165262984776515;456,1.728044664690551;906,1.5134450952793133;359,2.575966568697049;244,3.666332111516671;318,2.735314871901821;185,4.091559219627108;639,4.171451598390536;433,5.326008815815135;911,9.688008219073911
948,0;570,0.23172223429210767
268,0;284,0.8163733913951122;98,0.3804918379462219;209,1.0224466279568247;283,2.317625792647197;22,3.387925216978926
99,0;550,1.9238776667645203;298,1.4474305530428706;318,0.8171105862161353;174,2.099248851993567;570,2.1385718356637464;189,2.186532358022949;619,2.2285788080523723
629,0;157,1.6506614893260911;1003,1.9085037522838308;612,2.449570224710378;512,5.012157473047438;251,5.1893523920845555;802,6.282161214161135;264,7.2349478426407385;710,7.439109931333601;112,7.247701354283497;983,8.055699084383248;58,8.96763373693131;725,7.868486148604914;998,9.593387189383076
926,0;882,0.22314124776597782;672,2.104788165927399
561,0;247,0.14432217427513794
912,0;1009,0.3962694788991206;864,3.2629538883552205;365,0.4953724846574707;636,1.7387744096945688;847,3.0045601061783707;903,3.7640772949660564
67,0;173,2.3199891365656153;236,2.7402396377666265;975,4.02627601343696
383,0;893,0.686590679473318
905,0;965,2.129606543327635;172,3.146959096574273
973,0;155,0.7796660367910946;398,1.0536133499663274
349,0;331,0.19004101885568203;628,0.6245550305612774;174,2.1336330784813096;354,0.23350134727490174;201,2.7373295765832775;515,1.899952651738646;570,3.471638585747725;790,2.1446855760812236
362,0;496,2.613550963444868
627,0;208,0.9555298248290491;1001,2.5981298061307143;131,0.2020179577165331;537,1.1584847291583602
751,0;443,0.2120296051444405;812,0.77905725093899;81,0.971160298539093;375,1.2818600848921389;913,2.853546104031019;966,3.352696413954689;498,5.335061739942949;123,2.982442537743306
53,0;856,0.3014164864724154;835,0.044883194554354036
110,0;433,2.4126782314461668
62,0;352,0.10376053814119282;710,0.1770799985352191;117,0.8954229295922747;376,0.4338905353960184;45,0.19281420474463046;965,2.5312344477375204;725,2.009351292846703;5,0.3179865275914515;801,1.6457469226750365;154,0.41139422911121154;481,1.477910070720561;697,6.834547159020088;664,1.8422312703238806;879,1.2362442360018984;397,2.2242196228105153;335,2.150567745268903;948,1.854176110831075;31,2.3302470640146606;290,4.231327199882061
297,0;259,1.9589488557379071
96,0;703,0.8326702410724773
888,0;947,0.41140539245491753
735,0;512,0.04464871219546002;728,0.5632085237973601;251,1.0776298623533478;802,1.150497026552223;264,1.7902896841061553;710,1.7835267040544691;112,2.759646307831813;725,4.919268733156322;983,1.9398261110620363;405,2.240133271060425;61,2.0073958037122783;482,2.6719652743171993;668,5.821473063059219;798,3.2148827398673125;115,3.2860584392783188;232,5.503094975695662;373,3.557052916197899;19,4.57100098324908;707,5.748356648532473;991,6.376857311006175;24,7.594083004196239;493,6.8218175147253115;552,6.92590562665092;799,7.981833548507881
718,0;986,0.4690381957614071
474,0;427,0.07896794981687892;935,0.4745294109228684;740,0.48843866229997973;1002,0.8718417928435331;898,1.5339784659964724
392,0;226,0.022809590225606836;825,2.164586058952461;594,2.646405272159609;554,2.718998401157298
984,0;881,0.3982026287472502
942,0;1012,0.7636836845676584;691,1.079689428535336;972,1.3065203021395826;888,2.6767484928633385;754,1.275622242281807;897,1.4881080927711305;516,1.227650728093368;405,1.917718631704365;830,1.611460984169224;225,1.8674019065183627;626,1.9233921918074044;574,1.9327985964292769;943,3.2321998475942837;629,4.301290347738157;1005,3.2191842741337515;412,2.0920606864443068;5,3.625299380448978;287,2.3227596978225358;536,4.156690599161026;521,3.200567899395983;65,4.008457598343464;356,3.843053091211796;154,3.822240458800857;481,4.825316098573274;221,4.9166847806668645;394,4.524221576172539;157,4.647398304456372;1003,4.939741205666489;670,5.7850123605191035;92,5.077781259646571;975,5.9283171387301925;612,5.502150401920021;512,6.635655872602201;223,5.836351339998854;292,6.782061662330741;861,7.253397634274673;728,7.270020086827767;611,7.715718245958356;279,6.963357900984041;895,8.847408073838718
887,0;566,0.07553524075071921;159,0.9156876625522301;271,1.299847441491218;48,1.4105497090573114;955,2.492044465242933;624,3.8424282401733185
771,0;669,1.9298352684816547;93,0.08924435878192336;24,3.7563454134978413;237,2.727903322583924;731,2.892443375242037;73,4.754308221554034
997,0;588,0.44274659572942376
378,0;334,1.7808954849367253
1013,0;533,0.24827969159738747;408,1.2248494562085788;385,0.02696526231207418
30,0;546,3.0750916705822946;788,5.251745906054953;86,5.4386009222377325
99,0;550,0.4981904506632239;298,3.4165679777606215;318,2.134506508485537
435,0;133,1.1396028947102057;234,0.6251669032363987;285,0.20893361824247117;758,0.9392446524592405;888,1.5281343855009246;78,0.852403626165894;876,1.0117611922727434;696,3.7291987847916785;841,1.1966129040714626;445,2.040432642734512;190,1.2755695575791497;384,1.4222889077902756
874,0;634,0.6818433876573128
424,0;66,2.15980290000958;572,1.094256602957845;513,2.0875878330537354;789,1.4380603361827287
695,0;874,0.2848529968810145;597,1.7685872399060516;634,0.7859603748101933
585,0;87,2.183041817313286;389,2.217157887396551
143,0;652,1.990521020775619
60,0;212,0.09924262155910543
335,0;290,0.34239933402449907;986,0.9668013457194187;822,1.043549285555719;861,1.611521733816112;136,1.4689307501175501
827,0;485,0.4050253232838452;762,0.6159434294297148;475,3.4770772320032677;995,5.851890717137254
5,0;402,2.363967672870829;956,10.572712838614517;356,11.525566191841275
919,0;893,1.3283678500775986
136,0;72,0.7268139050290274;169,0.8011902863564875;249,1.6306440377623501;435,1.3848667583583194;133,1.579474328732264;234,1.647053845927271;285,1.617894917622328;384,1.675638554542543;533,2.3150069547805168;322,1.6319112800520401;78,2.968613634705603;26,1.8088058834330936;439,3.4760243074107673;62,2.829483915058783;352,2.8759967941339784;597,2.9092353297139977;710,4.0868867237437385;376,3.2893429407364625;664,4.250704515949837;647,5.350038654559504;866,3.737297708379895;881,7.271561124398486;965,4.097005162226696;172,4.96417345297189;326,6.830412934197145;364,7.739160900187771;781,8.663431690083438
448,0;1016,0.8121622432135461;398,5.490387645441372;193,3.568370031824488;456,5.026819410007561
510,0;478,0.5562514835042046;605,1.156817665413758;85,1.400974515856875
415,0;592,1.613069738908363
234,0;888,0.3269647032154152;780,0.07246325727672;394,0.42065512968372964;947,1.030353670097592;325,1.9537729787410205;658,4.513025817158351;393,4.051185656137585;526,2.0784233162337786;834,3.0007968990959637;876,3.1337779721602175;410,4.588087040643156;868,5.402593610203508;451,5.74409890195841;291,5.9469608336076565
686,0;463,1.0008815409523533;31,1.0260476888054753
287,0;536,0.08794930700838552;394,0.3771827009128973;325,1.2515652966005293;885,1.83026003081963;393,1.8965579996225181;694,1.9921578067148233;1005,2.202952770652467;65,3.447085739573896
717,0;238,0.03520968947585723;611,1.9682819052243117;895,2.032871265733973
815,0;309,0.9034315928009015;897,1.4807243859421169;225,5.113481281310751;626,2.069168693926305;857,6.366311686711011
873,0;129,0.7521628964297266;195,4.0258258850615025
725,0;31,0.991831833771749;16,3.001919751374815;650,3.329771866018089;1010,3.1440167009238715;937,4.751620959325884
491,0;103,0.3866054798183829;224,1.0993689225946868
929,0;857,0.7571201180722525
915,0;959,2.0076160777057095;84,0.36718023008158024
445,0;809,0.023964856426945614;297,0.8816155857162331;259,1.0947609838414778
145,0;934,0.47863806625086364;34,0.021843456253592537;612,1.129132853662286;363,0.5450376690517722;691,0.5432514829831;754,0.9139510493472083;897,1.1381266345718841;193,1.6214429911069075;830,1.0170709979406074;574,1.2489601635815866;512,2.1837661423147043;626,2.376188737250583;251,2.6571893344064743;412,3.6606129755562327;287,5.9431586710715685;536,6.8043332093245725;162,6.07652368951431;128,8.089377970372935;743,6.077157484940616;565,9.405770846503044;955,6.3678568942795195;240,6.888990262736864;853,7.625423783180223;102,8.74551198119936
174,0;570,1.7394280912331463;189,0.6818112888334117;295,1.8941491943069177;858,5.4912381434581;827,2.1007018898844905;709,2.7449284942265684;580,7.484807361126092
894,0;486,0.3334482021388503
225,0;857,0.14254137096761002;629,0.4586491036472999;636,0.5107309265677725;847,0.8218115903109493;903,1.1472074310188387;704,1.6961023551741983
163,0;32,1.9074399129367539;269,1.959771815260125;171,4.086064854727628
191,0;532,1.5607204418590737;694,0.22658308580334505;1005,0.44751317297226956;65,1.3231711061940579;276,2.2541172996854684;11,3.8179102071864293
419,0;31,0.12519902217736134;16,0.6985965349706997;1010,1.8580748558016789;735,1.7480030754033686;483,2.0786555364102965
845,0;628,0.06553516604102104;201,1.7010838794540237
275,0;114,0.421531175920762
413,0;994,1.827525740889226;416,3.2324875287838832;516,2.8523537680186832;64,6.758209228283656;873,8.581007419943175;129,10.39166404420993;745,10.655190435878515;642,13.099798132136712;510,10.782642392752505;198,13.124159712084666;871,14.75384245868903
786,0;6,1.3956826458361329
695,0;874,0.43002991483674774;597,5.12910664752301;646,3.360113440201654
275,0;675,2.8597502125900376;727,4.03490719886358;531,3.962013788973297;600,4.272271072861398;561,7.327328652871644;898,4.367875571059263;62,4.129249967686485;443,4.47495083264059;597,5.340843110810614;710,5.5999636268715385;620,4.558704784297661;900,5.257938659588751;812,4.634085689607094;680,6.283286747413625;650,6.047938748004403;81,6.055818554302393;400,5.388637190827401;470,5.421570405775498;157,6.225203119346272;725,6.847511272513261;5,7.131137533856502;937,11.172460104087305;240,6.457293853163315;375,6.097114693758782;780,7.740785440756561;913,6.247094690280183;1003,6.738868247141444;670,11.39342437516603;429,6.975707918815207;966,6.309668892543891;209,7.158474080425495;498,6.4175748880175645;131,6.9977352555735886;402,7.2722585385170175;199,9.252937177165274;247,7.980125141518942;319,10.307573273359848;19,11.255759812777946;223,11.762553541906895;292,11.77555752404481
428,0;240,0.1035698889082316;999,0.7256668962166711;778,0.5910305305284993;131,0.11635844220184376
196,0;747,0.9524414680089347;727,0.8355603077394504;141,3.540454985420316
453,0;840,1.9134165403749703;20,2.133048100352833;572,4.364667321963232;139,2.8844266720698064;323,2.9289854061931546;29,2.8595076177761447;580,4.052260956875225;852,3.548973218139721;911,5.382147562064454;3,3.577988085634655;513,6.369456962224217;282,5.539439565051409;789,5.159992897561414
481,0;316,2.1858152967782116
190,0;723,0.6395608869381907
168,0;855,0.33597674917675996;452,0.310885071954046
179,0;424,0.893518617289966
482,0;850,0.5354259496201496;234,0.03591944239672045;888,0.115724808206849;78,0.24730409599455977;876,2.316200567436247;780,0.6628441738366847;947,0.6199550516136734;696,0.5742905279658956;416,3.0622798444845496
625,0;968,2.360538578308897;608,2.7461426447066413;77,3.119728717339558;702,3.8895405497966644;427,5.031727081041643;421,7.5242327822804835;740,5.422209892958878
376,0;664,1.538312626419885
771,0;615,0.65866626728194;93,1.4564901103438797;24,2.720175494982331;305,4.253083721274022;73,2.8058148072159987
358,0;528,1.004774195857397
858,0;580,0.2682330907194175
654,0;469,0.3548697818047497;160,1.6041338060646855;283,0.6791569832546027
480,0;130,0.5517040418346155;924,0.31033639003704444;539,0.47949410949821286;428,5.008767168269125;999,6.198329665797833
123,0;782,0.4012617301925593
25,0;698,1.2658335762865955;319,1.3918268790123722;893,1.9131843921167089
655,0;338,2.234166504155173;285,2.3686219690979624
885,0;267,3.1535506668111166;224,0.6033641797215799;835,3.247378408702074
179,0;424,0.2348715035473301;66,1.2720874516297755;572,1.0756966441062752;149,3.7178969173818226;605,4.337520563690156
579,0;78,0.1292379357436362
649,0;150,1.2651350418677243;256,1.2183559312789407;442,1.4304069555809058;135,1.9200388345153867;261,2.408166882956902;921,3.4758583004362746;1,2.65680774730098;906,2.898562767373943;592,3.8444300010829333;359,3.7454637698008444;892,4.693475067453995;486,5.206923869949174
852,0;572,0.31175854553703086;149,0.9199254926597541;513,0.43803162208437996;605,2.1515010855685244
318,0;174,0.13753893587797753;570,0.22805019727005219;790,1.2013130100997786;578,0.7046870028077088;49,4.350294461771946;485,4.864070808313814
54,0;650,0.4963020782727684;405,1.1438326693102352;253,1.8050041147047504;937,1.124442424598085;668,4.337857903761678;798,1.2835152026473715;1005,2.440457718567125;641,2.389808555219613;65,2.7966885158315966;578,4.790693577785872
304,0;668,1.708231721721286;578,2.4282506392165795
955,0;797,0.6412548291813259
112,0;232,0.8401381511488;707,2.97824573004731;991,3.273340144675974;24,3.615917012177434;493,3.6590317244184334;810,4.268032230872853;954,3.761839009454161;825,4.743870428896733;130,3.806432080504842;344,4.620576432796374;311,3.7860686169450957;427,4.367146484286025;504,3.9247968362902355;20,6.160909645630781
561,0;247,1.9311634326514373
666,0;520,1.1511979638213858;174,0.20889070513130184;570,1.7086706386602262;189,0.7604723766452888;619,2.240171436957765;700,2.9925699461126176
121,0;193,1.945029860156137;993,1.2272314399968902;328,2.1479013361028527
285,0;758,1.1776897258179118;484,1.6947219291168985;82,3.778928321794806
733,0;956,0.015601100547634921;356,0.45777315701277566;221,0.7358962886225662
852,0;572,1.8223688557736597;513,3.5098063040297385;282,2.032769450785049
96,0;703,0.1252464429387687;477,0.32825205237449007;164,1.6217852068923502;847,3.5040456270691234;903,5.03664637493339
668,0;578,4.028824923136573;49,4.875099894332909;485,5.765363732741468;360,5.98553819151471;318,6.054021297253954;762,6.2831315091074185;174,6.2077499465344195;189,7.113508662267912;790,6.225825892992915;475,6.6487550812016085;734,10.342728012968731;619,7.1492015564420806;813,10.538691660314365
786,0;6,1.6232855674080795
415,0;592,0.7107539983956159;304,1.3260503830503805
715,0;249,0.6510144855003749;322,0.857860200081387;616,1.487732595909199;474,2.137248816237712;427,5.823617250554054
273,0;427,0.3628321583308716
443,0;812,0.6163659264616959;81,1.2066466062268724;240,1.3605623393260426;131,2.308268479273662;537,4.06534872584991
470,0;430,0.2176384010423275;157,0.19327334158450887;670,2.820315893838983
81,0;240,1.18078898520346;375,1.1330775103105013
755,0;585,0.5285248336066647;87,0.5559896846671648;608,0.6936503808139485;389,1.1858914586182139;77,0.7532129847179596;973,1.4058591646858485;702,2.509585465788224;360,3.2975162135858636;421,4.205102049760756
545,0;969,0.3193743656695788;83,0.7994232757171026;886,2.224133581214166;295,4.242327950839911
51,0;965,0.3214829197719604
328,0;404,0.20995475021282797;831,0.8035949436055813;893,1.1408795415824198
255,0;369,1.0031597062863393;485,1.2068880767603904
511,0;291,0.2337946835325699
340,0;417,1.216996894176064
323,0;974,0.5083931765049925;512,0.739109616099651;479,1.3331468077741233;728,1.379776931087096;251,0.8281535792870373;122,5.388268544028083;314,2.667563771430738;143,4.805898870387483;652,5.521257159262435;884,5.690520822650456;238,5.596431086747466
471,0;660,0.958103287055119
793,0;931,1.017105404492392;364,2.4383256908801987
940,0;455,0.07326861462028017;892,1.021351042185921
418,0;186,1.726070006272076;380,0.13710673837743695;573,0.9609377252412306;543,0.75263040113093;978,4.039169413631907
165,0;488,0.07607498609558005;141,0.16003845771738326
35,0;237,0.7349210312158957;1016,1.2467584075988012;398,2.2780219413229705;193,1.3700980042487707;456,1.5201219784391302
699,0;298,5.628517476007904;795,0.06312395869486703
523,0;609,0.06637518363416131
809,0;111,1.7836098489423813;506,2.1585347602110665;272,2.6705616777173713
651,0;573,1.1423660947240208
776,0;606,0.18349176220949398;553,2.6628850111365985
30,0;546,3.187032269604412;817,6.203779473376832;788,3.6335292269522608;705,5.194727866904255;175,6.533858103584476
711,0;268,0.11054498017089177;284,0.33185990165861695;98,2.47787031277047
483,0;979,0.8027098222056354;307,0.8402599180633186
230,0;498,1.9443580211346374;917,2.1973174101903012
729,0;45,0.3063612474461721;146,0.40553536147104874;443,0.25819482066972144;812,0.9321150420279953;801,0.3860843411691167;335,2.0656376723423393;202,1.4103956419646164;161,0.40966040952143074;170,1.1484070826589514;256,2.562529896900402
204,0;871,0.47146186228574827;29,2.6972273417436092
221,0;975,0.34044604147484087;861,1.1750756743477901;524,2.15453053842382
455,0;892,0.35203511267717214;330,0.5185244403501441;906,2.026151458913189
708,0;327,0.2580698564226006;225,0.39877244480143637;857,0.4604866781519207;636,1.2699196057797937;847,1.3910362857769134;704,1.5287456528117112;65,1.6472147474773198;600,2.255773304245759
349,0;331,0.5875876338601658;174,1.182539659519089;354,0.6264335344974297;822,1.3098070277163378;189,3.708151641411664;790,1.8613711358314564;533,2.7050225361253704;62,3.674463109577064;352,3.967140307305501;597,5.299930648261171;710,4.723812186530508;734,4.8333865149034;619,4.761105561558442;295,4.317367284079702;45,4.00956396588227;343,7.5039634783348745;709,4.4043097313173565;965,8.178522878936551;725,5.751492796546314;813,5.725488984849056;731,4.8555991352163845;577,8.88342672683744;883,9.415745049834952;778,10.992148718663453
935,0;898,0.0709314614796434;377,3.4106741562048577;2,0.2019861374073586;571,5.7170485861176585
720,0;932,0.22868846846679142;345,0.06974568624025577
339,0;39,0.3990320527806148;630,1.2220771615214714
146,0;202,0.7619657774838027;837,2.047367220077514;535,3.020546001492248;741,4.192170022089627;855,2.1991336487083872;232,2.7011912355044094;839,3.190024751220579;37,5.530000777739231;554,4.803794309883437;728,6.7070302020895145;152,6.19149214948769
396,0;797,1.3399379658550525
790,0;533,3.265684060956298
593,0;36,0.2884318025939283;105,0.4905814623477499;238,0.5918924446652253;789,0.5399603150934573;721,0.5667859569932419;581,1.0677504163037153;896,2.860151758792957
244,0;791,1.8256529246037811;185,2.4643781839934573
16,0;650,1.0662532419305064;1010,0.2907214182261622;937,1.519866058446862
181,0;399,0.6875636468691717
42,0;833,0.32661364854687136
461,0;37,1.4452676448247237;728,1.6424811072879544;152,1.8033991088950758;845,2.2381580965749803;628,2.6853009703851294;201,2.858582502044829;844,4.21876793158491
267,0;835,0.591547027336092;270,0.7397529956908868;219,1.4876805816668965
967,0;68,1.004879712333056;105,0.6766510287721229;789,2.343486480220864;721,0.8294632294180098
614,0;79,2.35614469864757;241,0.44940742889815605;365,1.1050544615828217;738,0.585850847103195;274,0.8458537786050282;461,3.9520804031119767;58,0.8767144187090885;745,1.1054374901712345;734,1.1914374396882212;971,3.6155906673420466;851,1.1359596210305185;67,1.2288821908513983;189,1.9980987120493745;510,2.073753130484063;174,5.467016049773077;731,3.1187438979544053;878,2.114250268460233;447,1.5655067761692172;619,3.6038999953575646;295,5.721969398465587;478,2.448099626048457;664,2.5731915956887224;37,4.668543388053989;845,4.974080155681063;790,6.8534015109136845;343,6.072413163359169;827,6.241884015201217;912,6.992005544037197;533,8.262267453334216;792,7.082653601034463;523,8.77291793219451;609,9.312047158560013
466,0;166,0.14168808311381578
628,0;201,0.4388691730811683
139,0;911,4.7023309098876105
408,0;983,0.08980201154152204;350,1.6496075795414276;405,0.9380857984169066;668,1.7692192684112458;798,1.2178349590947561;1005,1.881420551838699;65,2.7279403914348643
642,0;198,0.9871052442780526
787,0;98,0.11041681481000214
707,0;991,0.589641218535018;24,2.2258923615312685
289,0;428,1.4853821077301004;999,3.005943557673694
209,0;775,2.2430982501450685;142,5.038041884286827;708,5.054777372940223;515,5.898510531693376;430,5.16396328218366;1010,5.852384660293169;871,6.350836016047431
666,0;520,0.3523125371663402;980,0.38096048089759943
186,0;563,2.8236112907558417;978,0.0569198687443234;814,3.829634882298361
998,0;447,0.19778713196528583
336,0;971,1.4149521904852964
586,0;583,0.06729188003165598;159,0.1604880342833655;931,3.8005953139319475;254,4.5923074891505005;313,5.9828348975735945;594,6.305041616387023;405,7.93587973380985;798,8.830310818628996;1005,10.296964375608816;339,9.496997346555592;39,10.543385821896994;65,13.767963023804068;356,12.227620933460035;256,12.608871297625077;618,12.646300593121595;195,13.91695143214694
566,0;271,2.407832454098711;206,1.1687929250554479
243,0;899,0.06235491103907709
798,0;373,0.7593880667526656
96,0;703,0.5271424930192102;477,2.725033222283449
4,0;795,0.3629699866329797
378,0;334,0.26177787484118714
724,0;626,2.4241714003110197
532,0;276,1.072897551477076;11,1.236150326180926
140,0;818,1.0831857449314959
455,0;892,1.5333015440320135;486,2.0274836102846097;2,3.286964599354171;562,2.2733679768150106;509,4.149149109964324;67,3.3729476835653944;744,3.6128185964629207;741,5.052590343321684;644,4.774256689112524;560,5.4714225157024305;554,5.364948035876565
437,0;65,1.2506429652890971
123,0;782,1.3226839558140164;999,3.239117296328887
486,0;562,1.2489792959292114
620,0;680,1.1150498616755924;650,0.3506904366374956;430,0.9404685722346151;499,0.7778884170474061;119,1.4041307241281247;540,2.20381947458064;639,2.7473624940843164;929,6.702126304890477;433,3.4264254116250026
594,0;405,1.6185978756247401;798,2.5903283157055332;1005,2.1040052402230294;356,3.4884178945272692;339,5.232443231405603;221,5.70924555858877
527,0;114,0.3422382647130058
967,0;105,3.508953523165256;789,3.8291029587056893;721,6.045890653949014
948,0;570,0.12434470340476356
610,0;81,0.3388968413691596;240,1.8624020786677884;375,1.1270183310130353;780,1.436751759140169;394,1.6896658848917347;325,2.062738428327033;131,2.0178332489829196;658,5.0058984849556065;735,4.235279959330611;393,2.26788342399916;69,2.355716825204383;410,2.433159859387422;449,3.779494645277546;512,5.556093813291526;867,5.243029629288114;611,7.263884834333068;251,7.280936135506062;802,7.387645725410937;122,7.5625263662696245;264,8.734309716404528;112,8.032604419495007;232,13.245649877445826
969,0;476,2.316249599584481
663,0;500,2.346972293016034
491,0;103,0.5813829076511939;224,2.2620744328849676;664,2.6594969983792973
472,0;97,0.716988210594912;179,0.27596293696842683;782,2.918403634584266
627,0;131,2.2691555434198727
485,0;318,1.0575219555069908
724,0;626,0.2439224866958305;412,1.721392745440662
263,0;587,0.7950184574653442;685,3.2842235641545114;510,1.1557120701204895;622,3.3808290991962244;616,0.9308800093011627
