0,0
1,1
2,2
3,3
4,4
5,5
6,6
7,7
8,8
9,9
10,10
11,11
12,12
13,13
14,14
15,15
16,16
17,17
18,18
19,19
20,20
21,21
22,22
23,23
24,24
25,25
26,26
27,27
28,28
29,29
30,30
31,31
32,32
33,33
34,34
35,35
36,36
37,37
38,38
39,39
40,40
41,41
42,42
43,43
44,44
45,45
46,46
47,47
48,48
49,49
50,50
51,51
52,52
53,53
54,54
55,55
56,56
57,57
58,58
59,59
60,60
61,61
62,62
63,63
64,64
65,65
66,66
67,67
68,68
69,69
70,70
71,71
72,72
73,73
74,74
75,75
76,76
77,77
78,78
79,79
80,80
81,81
82,82
83,83
84,84
85,85
86,86
87,87
88,88
89,89
90,90
91,91
92,92
93,93
94,94
95,95
96,96
97,97
98,98
99,99
100,100
101,101
102,102
103,103
104,104
105,105
106,106
107,107
108,108
109,109
110,110
111,111
112,112
113,113
114,114
115,115
116,116
117,117
118,118
119,119
120,120
121,121
122,122
123,123
124,124
125,125
126,126
127,127
128,128
129,129
130,130
131,131
132,132
133,133
134,134
135,135
136,136
137,137
138,138
139,139
140,140
141,141
142,142
143,143
144,144
145,145
146,146
147,147
148,148
149,149
150,150
151,151
152,152
153,153
154,154
155,155
156,156
157,157
158,158
159,159
160,160
161,161
162,162
163,163
164,164
165,165
166,166
167,167
168,168
169,169
170,170
171,171
172,172
173,173
174,174
175,175
176,176
177,177
178,178
179,179
180,180
181,181
182,182
183,183
184,184
185,185
186,186
187,187
188,188
189,189
190,190
191,191
192,192
193,193
194,194
195,195
196,196
197,197
198,198
199,199
200,200
201,201
202,202
203,203
204,204
205,205
206,206
207,207
208,208
209,209
210,210
211,211
212,212
213,213
214,214
215,215
216,216
217,217
218,218
219,219
220,220
221,221
222,222
223,223
224,224
225,225
226,226
227,227
228,228
229,229
230,230
231,231
232,232
233,233
234,234
235,235
236,236
237,237
238,238
239,239
240,240
241,241
242,242
243,243
244,244
245,245
246,246
247,247
248,248
249,249
250,250
251,251
252,252
253,253
254,254
255,255
256,256
257,257
258,258
259,259
260,260
261,261
262,262
263,263
264,264
265,265
266,266
267,267
268,268
269,269
270,270
271,271
272,272
273,273
274,274
275,275
276,276
277,277
278,278
279,279
280,280
281,281
282,282
283,283
284,284
285,285
286,286
287,287
288,288
289,289
290,290
291,291
292,292
293,293
294,294
295,295
296,296
297,297
298,298
299,299
300,300
301,301
302,302
303,303
304,304
305,305
306,306
307,307
308,308
309,309
310,310
311,311
312,312
313,313
314,314
315,315
316,316
317,317
318,318
319,319
320,320
321,321
322,322
323,323
324,324
325,325
326,326
327,327
328,328
329,329
330,330
331,331
332,332
333,333
334,334
335,335
336,336
337,337
338,338
339,339
340,340
341,341
342,342
343,343
344,344
345,345
346,346
347,347
348,348
349,349
350,350
351,351
352,352
353,353
354,354
355,355
356,356
357,357
358,358
359,359
360,360
361,361
362,362
363,363
364,364
365,365
366,366
367,367
368,368
369,369
370,370
371,371
372,372
373,373
374,374
375,375
376,376
377,377
378,378
379,379
380,380
381,381
382,382
383,383
384,384
385,385
386,386
387,387
388,388
389,389
390,390
391,391
392,392
393,393
394,394
395,395
396,396
397,397
398,398
399,399
400,400
401,401
402,402
403,403
404,404
405,405
406,406
407,407
408,408
409,409
410,410
411,411
412,412
413,413
414,414
415,415
416,416
417,417
418,418
419,419
420,420
421,421
422,422
423,423
424,424
425,425
426,426
427,427
428,428
429,429
430,430
431,431
432,432
433,433
434,434
435,435
436,436
437,437
438,438
439,439
440,440
441,441
442,442
443,443
444,444
445,445
446,446
447,447
448,448
449,449
450,450
451,451
452,452
453,453
454,454
455,455
456,456
457,457
458,458
459,459
460,460
461,461
462,462
463,463
464,464
465,465
466,466
467,467
468,468
469,469
470,470
471,471
472,472
473,473
474,474
475,475
476,476
477,477
478,478
479,479
480,480
481,481
482,482
483,483
484,484
485,485
486,486
487,487
488,488
489,489
490,490
491,491
492,492
493,493
494,494
495,495
496,496
497,497
498,498
499,499
500,500
501,501
502,502
503,503
504,504
505,505
506,506
507,507
508,508
509,509
510,510
511,511
512,512
513,513
514,514
515,515
516,516
517,517
518,518
519,519
520,520
521,521
522,522
523,523
524,524
525,525
526,526
527,527
528,528
529,529
530,530
531,531
532,532
533,533
534,534
535,535
536,536
537,537
538,538
539,539
540,540
541,541
542,542
543,543
544,544
545,545
546,546
547,547
548,548
549,549
550,550
551,551
552,552
553,553
554,554
555,555
556,556
557,557
558,558
559,559
560,560
561,561
562,562
563,563
564,564
565,565
566,566
567,567
568,568
569,569
570,570
571,571
572,572
573,573
574,574
575,575
576,576
577,577
578,578
579,579
580,580
581,581
582,582
583,583
584,584
585,585
586,586
587,587
588,588
589,589
590,590
591,591
592,592
593,593
594,594
595,595
596,596
597,597
598,598
599,599
600,600
601,601
602,602
603,603
604,604
605,605
606,606
607,607
608,608
609,609
610,610
611,611
612,612
613,613
614,614
615,615
616,616
617,617
618,618
619,619
620,620
621,621
622,622
623,623
624,624
625,625
626,626
627,627
628,628
629,629
630,630
631,631
632,632
633,633
634,634
635,635
636,636
637,637
638,638
639,639
640,640
641,641
642,642
643,643
644,644
645,645
646,646
647,647
648,648
649,649
650,650
651,651
652,652
653,653
654,654
655,655
656,656
657,657
658,658
659,659
660,660
661,661
662,662
663,663
664,664
665,665
666,666
667,667
668,668
669,669
670,670
671,671
672,672
673,673
674,674
675,675
676,676
677,677
678,678
679,679
680,680
681,681
682,682
683,683
684,684
685,685
686,686
687,687
688,688
689,689
690,690
691,691
692,692
693,693
694,694
695,695
696,696
697,697
698,698
699,699
700,700
701,701
702,702
703,703
704,704
705,705
706,706
707,707
708,708
709,709
710,710
711,711
712,712
713,713
714,714
715,715
716,716
717,717
718,718
719,719
720,720
721,721
722,722
723,723
724,724
725,725
726,726
727,727
728,728
729,729
730,730
731,731
732,732
733,733
734,734
735,735
736,736
737,737
738,738
739,739
740,740
741,741
742,742
743,743
744,744
745,745
746,746
747,747
748,748
749,749
750,750
751,751
752,752
753,753
754,754
755,755
756,756
757,757
758,758
759,759
760,760
761,761
762,762
763,763
764,764
765,765
766,766
767,767
768,768
769,769
770,770
771,771
772,772
773,773
774,774
775,775
776,776
777,777
778,778
779,779
780,780
781,781
782,782
783,783
784,784
785,785
786,786
787,787
788,788
789,789
790,790
791,791
792,792
793,793
794,794
795,795
796,796
797,797
798,798
799,799
800,800
801,801
802,802
803,803
804,804
805,805
806,806
807,807
808,808
809,809
810,810
811,811
812,812
813,813
814,814
815,815
816,816
817,817
818,818
819,819
820,820
821,821
822,822
823,823
824,824
825,825
826,826
827,827
828,828
829,829
830,830
831,831
832,832
833,833
834,834
835,835
836,836
837,837
838,838
839,839
840,840
841,841
842,842
843,843
844,844
845,845
846,846
847,847
848,848
849,849
850,850
851,851
852,852
853,853
854,854
855,855
856,856
857,857
858,858
859,859
860,860
861,861
862,862
863,863
864,864
865,865
866,866
867,867
868,868
869,869
870,870
871,871
872,872
873,873
874,874
875,875
876,876
877,877
878,878
879,879
880,880
881,881
882,882
883,883
884,884
885,885
886,886
887,887
888,888
889,889
890,890
891,891
892,892
893,893
894,894
895,895
896,896
897,897
898,898
899,899
900,900
901,901
902,902
903,903
904,904
905,905
906,906
907,907
908,908
909,909
910,910
911,911
912,912
913,913
914,914
915,915
916,916
917,917
918,918
919,919
920,920
921,921
922,922
923,923
924,924
925,925
926,926
927,927
928,928
929,929
930,930
931,931
932,932
933,933
934,934
935,935
936,936
937,937
938,938
939,939
940,940
941,941
942,942
943,943
944,944
945,945
946,946
947,947
948,948
949,949
950,950
951,951
952,952
953,953
954,954
955,955
956,956
957,957
958,958
959,959
960,960
961,961
962,962
963,963
964,964
965,965
966,966
967,967
968,968
969,969
970,970
971,971
972,972
973,973
974,974
975,975
976,976
977,977
978,978
979,979
980,980
981,981
982,982
983,983
984,984
985,985
986,986
987,987
988,988
989,989
990,990
991,991
992,992
993,993
994,994
995,995
996,996
997,997
998,998
999,999

0,947
0,595
0,710
1,485
2,477
2,284
3,865
5,725
6,352
7,109
9,610
9,882
10,525
10,116
10,508
11,218
11,842
11,617
11,522
12,415
12,858
13,475
14,752
14,104
14,212
14,475
14,66
14,995
14,170
15,173
15,581
15,189
15,303
16,162
17,499
17,298
18,210
18,859
19,262
19,454
19,885
20,653
20,911
21,522
21,106
21,753
22,58
22,601
22,42
22,430
23,414
24,747
25,766
26,335
27,563
28,666
28,423
29,591
30,618
30,965
32,918
33,243
33,532
33,873
33,40
34,130
35,978
35,844
35,779
36,900
36,983
36,744
36,130
37,663
37,10
37,817
38,371
38,941
38,341
38,641
40,248
40,480
41,822
41,375
41,851
42,838
42,320
43,331
43,468
44,17
45,471
45,151
45,21
46,222
46,728
47,421
47,802
47,799
48,960
48,730
48,768
49,62
49,238
49,319
49,813
50,654
50,336
51,299
51,409
51,143
52,429
52,908
52,603
52,890
52,793
53,341
53,146
54,238
54,806
54,497
55,721
56,247
56,423
56,730
56,971
57,74
58,313
58,61
58,634
58,822
59,197
59,427
60,467
60,103
61,36
63,499
63,799
63,637
63,161
63,19
64,42
64,499
64,704
65,198
65,251
66,367
66,970
67,366
69,659
70,202
70,951
71,44
71,225
71,808
71,127
72,767
73,444
74,363
74,37
74,896
74,466
75,986
75,889
75,10
76,943
77,368
77,725
78,447
79,911
79,905
80,722
80,958
82,823
82,830
83,245
85,536
85,921
86,367
86,421
87,634
87,214
87,478
88,182
88,394
88,426
89,307
89,9
90,541
90,0
90,101
90,914
91,977
91,794
91,787
91,542
92,945
92,16
92,199
94,442
95,569
95,453
96,114
96,87
97,647
98,49
98,851
98,952
98,717
99,747
99,776
100,841
100,377
100,892
101,896
101,589
101,388
102,749
102,703
102,322
103,673
103,615
103,51
104,402
105,501
105,653
105,368
105,393
105,63
106,643
106,477
106,769
106,476
106,118
106,724
106,981
107,351
107,831
107,909
108,681
108,953
109,52
109,287
109,198
109,160
110,902
110,716
112,27
112,922
112,533
113,623
114,478
115,399
115,676
115,429
115,499
116,349
116,605
117,718
117,978
117,213
119,222
120,744
120,228
120,656
121,325
121,522
122,420
122,386
122,582
124,131
126,659
126,747
126,856
126,24
126,147
126,315
127,584
127,59
128,769
128,4
130,172
130,352
130,714
131,56
133,798
133,528
133,321
135,834
135,491
135,124
137,778
138,687
138,56
139,391
141,742
141,62
142,173
142,576
144,423
144,689
145,606
145,998
145,735
145,5
145,889
146,475
146,393
147,601
147,607
147,30
149,323
149,2
149,370
150,798
151,499
151,691
152,323
152,348
153,612
154,340
154,264
155,745
155,539
156,291
156,529
157,397
157,377
158,899
158,958
158,615
158,391
159,517
159,450
159,747
162,705
163,214
165,318
165,815
165,84
166,417
166,727
166,472
166,305
168,630
169,597
169,657
170,158
170,183
171,613
172,952
172,882
173,116
174,741
175,661
176,346
176,804
176,763
176,768
177,494
178,347
178,181
178,569
178,483
179,589
179,326
180,84
181,882
181,999
182,120
182,172
182,786
182,564
182,895
183,229
183,51
184,957
185,868
185,125
185,665
185,921
186,261
186,290
187,263
187,191
187,558
189,181
189,203
189,714
190,769
190,948
191,220
192,556
193,785
193,534
194,213
195,669
196,371
196,96
196,61
197,251
197,807
198,186
198,800
199,607
199,726
200,480
200,450
200,893
200,608
202,306
202,780
202,389
203,245
203,217
203,487
205,108
206,827
207,677
207,559
208,397
208,651
208,579
208,193
208,117
209,24
209,688
209,611
209,203
210,368
210,982
212,155
212,856
213,261
213,930
214,687
214,255
215,697
215,718
216,173
216,330
217,379
218,870
218,347
219,360
221,239
221,496
221,670
221,211
222,868
222,163
222,291
223,219
224,983
224,953
225,720
226,668
226,751
226,987
226,10
226,59
227,769
228,257
229,569
229,160
230,669
230,791
230,259
231,417
231,852
231,339
231,500
231,767
232,900
233,692
233,122
233,321
233,261
234,460
236,149
236,717
237,422
238,534
239,845
239,342
239,348
239,36
239,837
242,150
243,910
243,242
244,665
244,300
245,505
245,275
246,404
247,238
249,494
249,500
250,87
250,294
251,985
254,653
254,852
254,991
254,582
255,771
255,453
255,455
255,211
256,377
256,654
256,403
257,422
257,776
257,428
257,597
257,146
257,652
258,330
258,1
259,632
259,26
259,66
260,898
260,423
262,437
262,544
263,476
264,645
264,58
265,86
266,90
266,901
266,630
267,578
267,94
267,440
268,89
268,307
269,813
270,489
270,272
270,797
270,60
271,559
271,850
271,962
271,459
271,493
271,471
273,514
273,768
274,302
275,946
275,487
277,933
277,188
277,181
277,818
277,256
278,709
279,822
281,136
282,337
282,993
283,98
283,459
283,211
284,82
285,554
285,69
286,215
286,315
287,270
288,309
288,519
288,67
288,476
288,581
289,242
289,597
289,272
290,246
290,920
291,106
292,570
293,265
293,802
294,986
294,801
294,614
295,303
295,575
295,257
295,443
296,719
296,398
298,327
299,488
299,344
300,560
301,851
302,348
302,947
303,508
303,375
303,365
304,386
304,866
305,512
306,803
307,43
307,179
308,97
308,84
310,938
310,562
310,182
311,518
311,984
312,720
313,54
313,201
314,797
314,361
315,899
315,303
316,484
316,413
317,646
317,677
317,816
318,844
318,154
318,161
319,66
319,25
320,417
321,444
322,207
322,135
323,587
324,467
324,118
324,270
328,861
328,567
329,262
329,892
329,122
330,187
331,8
331,164
331,970
331,649
331,416
332,291
332,936
332,540
332,506
332,295
332,63
332,119
333,835
334,558
334,664
335,839
335,758
336,582
337,761
337,962
337,136
338,895
338,603
338,93
338,78
340,461
340,94
341,911
341,632
341,357
342,684
342,155
342,311
343,363
343,554
344,690
345,60
345,724
345,856
345,134
346,448
346,531
346,627
347,654
347,332
348,514
350,682
351,187
351,817
351,922
351,119
352,845
352,105
352,936
353,977
354,163
354,203
354,569
354,561
355,714
355,158
355,43
356,121
357,107
357,120
357,139
357,27
357,475
359,756
360,422
361,391
362,944
363,675
363,496
363,266
363,963
363,809
364,161
364,396
365,104
365,412
365,337
366,311
367,884
367,395
367,490
367,493
368,820
368,795
368,931
368,563
369,78
370,693
371,934
371,944
371,843
373,412
373,249
373,897
375,662
375,921
375,25
375,580
376,568
377,183
377,329
380,936
380,518
381,822
381,342
381,701
382,845
382,187
382,715
383,535
384,966
384,592
384,815
385,550
385,774
386,677
387,928
387,757
387,816
387,457
387,551
388,57
388,955
389,852
389,465
389,674
389,550
390,946
392,986
392,560
392,298
392,270
393,247
393,331
394,834
394,449
394,568
395,183
396,117
396,543
396,339
396,114
397,458
398,17
398,713
398,474
399,815
399,544
400,762
400,707
401,648
401,979
401,726
402,256
402,957
402,583
402,829
403,816
404,581
404,218
404,114
405,215
405,167
406,68
406,766
407,180
408,241
409,119
409,683
409,696
409,246
410,522
410,174
410,238
410,72
411,531
411,673
413,819
413,520
413,829
414,900
414,33
414,413
414,798
414,758
415,52
416,102
417,478
418,496
418,572
419,470
420,112
420,326
420,355
421,952
421,48
421,710
423,340
423,930
424,22
424,66
425,667
425,929
425,918
425,36
425,912
429,386
429,247
429,721
429,288
430,813
430,621
431,860
431,543
431,693
433,266
434,377
435,995
435,119
436,201
436,577
437,471
437,37
437,666
437,92
437,209
438,357
438,663
439,732
439,799
439,830
439,724
440,819
440,760
440,620
441,601
441,989
441,55
441,359
442,509
443,421
443,750
443,296
444,437
444,459
446,90
447,268
447,984
447,347
447,755
448,550
449,66
449,869
449,210
450,778
452,522
453,586
453,904
454,310
455,625
455,850
455,639
455,324
455,481
457,385
458,584
459,111
459,326
461,729
461,551
462,986
463,65
463,699
464,814
464,849
464,181
464,636
465,571
465,998
466,958
467,517
467,598
468,28
469,435
469,214
469,691
469,616
469,228
470,952
471,216
471,196
472,859
472,118
474,409
474,543
474,484
475,217
475,377
475,486
476,503
476,748
477,576
477,950
478,127
478,112
479,378
480,919
480,231
480,105
481,657
482,107
483,462
483,869
484,170
484,432
485,738
486,926
487,594
487,182
487,538
487,277
487,543
488,22
488,153
488,402
488,915
488,82
489,936
490,567
491,334
491,302
492,318
493,345
493,351
493,358
493,984
495,670
495,382
496,818
496,983
497,407
497,143
498,565
498,983
499,423
499,660
499,222
499,463
500,825
501,204
501,700
501,540
502,14
503,976
503,333
503,475
503,92
504,295
504,832
505,882
505,462
505,846
506,485
506,493
508,708
508,693
508,516
509,810
511,635
511,960
512,494
512,364
513,815
513,511
513,372
513,709
515,46
515,596
515,725
516,261
516,871
516,873
517,257
517,816
517,629
518,248
519,262
519,300
519,426
519,64
520,483
520,125
521,332
521,291
522,303
523,760
523,462
523,179
524,148
524,446
525,178
526,173
527,576
527,203
527,913
527,99
529,709
529,636
529,289
529,621
530,444
530,648
531,571
533,11
534,657
534,487
535,589
535,282
535,18
535,395
536,518
536,86
537,600
537,983
539,123
540,992
540,822
540,88
542,722
542,861
543,285
543,489
544,125
544,765
545,397
548,924
548,440
548,599
549,206
549,166
549,838
550,930
551,444
551,641
552,975
552,686
552,366
555,565
556,990
556,334
556,270
556,58
556,112
556,123
557,470
557,474
558,113
558,859
558,527
559,826
559,900
560,272
561,880
561,163
562,148
563,794
563,67
563,787
564,478
564,360
564,206
565,97
565,900
565,531
566,885
567,951
567,751
567,431
568,124
569,745
570,675
570,509
571,698
571,637
571,223
572,25
572,125
572,45
573,569
573,850
574,4
575,935
576,45
578,712
578,114
578,638
579,790
579,2
579,275
579,195
580,802
580,301
580,380
580,673
581,324
581,928
582,334
582,109
582,617
583,538
583,6
583,865
585,541
585,168
588,7
588,254
588,814
588,318
589,396
589,70
590,716
590,399
591,911
591,221
592,405
592,243
593,243
593,855
594,834
594,469
596,738
597,919
597,144
598,29
598,928
599,260
603,199
603,860
604,996
604,203
605,186
607,322
609,888
610,628
610,930
611,221
612,817
613,989
613,285
613,539
613,823
614,980
614,219
614,751
615,525
615,222
615,359
615,665
616,917
617,444
617,138
618,467
618,672
618,394
618,302
618,18
619,291
619,726
620,569
620,960
620,207
621,639
621,91
622,277
622,732
623,381
624,29
624,790
624,553
626,921
626,677
627,933
627,739
627,749
628,8
629,2
629,399
630,316
630,963
630,301
630,682
630,767
631,482
631,884
631,466
631,986
632,832
632,166
633,283
634,665
634,525
634,869
635,111
635,448
637,85
638,94
639,160
640,427
641,482
641,795
642,739
643,362
644,392
645,292
645,852
645,39
645,212
645,434
646,440
646,920
646,840
647,901
648,180
649,957
650,975
651,853
651,862
651,466
652,957
652,329
653,275
653,573
653,176
653,919
654,364
654,536
656,584
657,229
657,735
658,992
658,487
658,687
658,558
660,423
661,819
662,278
662,702
662,27
662,931
663,905
663,23
663,134
663,223
664,549
664,377
665,847
665,510
666,475
667,769
667,804
668,426
668,361
669,602
669,664
669,592
669,477
669,762
670,642
670,349
671,120
671,153
672,989
672,237
673,577
673,763
675,614
675,852
676,687
679,215
679,359
680,268
680,600
680,746
681,69
681,961
682,742
682,567
683,446
684,562
684,209
686,264
687,754
687,924
688,84
688,439
689,768
689,614
689,396
689,152
690,817
691,309
691,55
692,827
692,512
692,140
692,543
692,455
694,247
694,4
694,507
695,271
695,859
695,591
696,823
697,844
698,186
698,502
699,639
701,741
701,235
701,379
703,135
704,711
704,448
705,122
706,885
706,627
706,84
707,396
707,308
708,810
708,428
708,253
709,67
709,562
709,853
709,984
710,308
711,824
711,549
712,186
712,649
712,30
713,387
713,108
714,459
715,900
715,418
716,941
716,384
716,923
716,815
717,521
717,958
717,114
718,312
718,503
718,327
720,218
720,248
721,67
721,112
721,799
721,228
722,781
722,758
722,13
723,915
723,520
723,14
723,368
725,304
725,742
725,811
726,598
727,167
728,191
729,828
729,56
729,442
729,717
729,135
730,733
731,861
732,7
733,565
733,306
733,594
733,442
733,314
734,78
734,481
734,508
735,563
735,179
737,679
738,140
738,934
738,111
739,908
739,155
739,473
739,465
739,138
739,349
740,932
740,205
741,736
742,538
743,912
744,995
744,204
744,911
744,625
745,233
745,626
746,108
746,794
746,508
747,811
747,150
747,441
748,888
748,423
749,103
749,445
749,249
749,173
751,995
751,362
751,384
752,399
753,595
755,328
755,389
755,404
757,420
758,496
758,923
758,908
759,326
759,649
759,245
760,363
762,586
762,482
762,486
762,291
763,169
763,487
763,31
763,165
763,447
764,309
764,123
764,493
764,264
765,200
766,261
766,879
766,127
767,671
767,491
767,82
767,991
768,667
769,535
769,999
769,419
769,233
770,751
771,790
772,633
772,452
772,520
773,456
774,849
774,86
776,243
777,606
778,322
778,476
779,524
779,116
780,915
781,449
781,6
782,316
782,504
783,67
783,313
783,985
783,871
783,20
783,834
784,997
784,246
785,999
785,488
787,809
787,263
788,999
788,375
789,309
789,625
790,981
790,719
790,791
791,466
792,399
793,269
793,823
793,323
795,292
795,126
795,345
798,418
798,464
800,67
800,457
801,603
801,574
801,32
802,240
802,109
802,79
802,528
803,572
803,688
804,603
804,564
804,488
805,289
805,44
806,590
806,501
806,890
807,650
808,433
808,947
808,509
809,390
810,793
810,644
810,7
810,234
811,456
813,628
815,499
815,370
815,483
815,507
815,76
815,746
816,269
817,823
817,124
818,412
818,650
819,710
819,894
819,582
819,81
820,79
821,367
821,661
821,606
821,129
822,712
822,228
823,845
824,827
825,387
826,301
826,996
827,694
827,324
828,530
828,740
830,150
831,738
831,930
831,404
833,592
834,388
834,832
834,106
835,895
835,348
836,251
837,871
837,129
837,186
838,683
839,710
839,688
839,295
839,431
840,795
840,836
840,40
841,839
841,856
841,899
842,803
842,700
843,18
845,15
845,853
846,829
846,592
847,639
847,279
849,752
849,918
851,735
852,82
852,443
852,379
853,583
853,625
853,117
853,433
853,919
854,578
854,359
854,303
856,882
856,642
856,182
856,908
857,355
858,360
858,319
859,855
859,439
860,87
860,335
860,225
860,572
860,734
862,317
863,81
863,899
863,777
864,220
864,673
864,460
864,154
865,787
865,580
865,318
867,272
867,136
867,929
867,120
868,54
868,211
868,523
869,297
871,179
871,596
872,661
872,658
872,842
873,700
873,800
873,500
873,995
875,239
875,450
875,959
876,660
876,122
876,217
877,152
878,502
879,25
879,291
879,98
879,885
880,26
880,740
880,64
881,110
883,677
884,471
884,547
885,643
886,351
886,682
887,456
887,744
887,93
888,42
888,941
888,836
888,551
889,721
889,292
889,924
890,331
890,180
890,491
891,725
891,58
891,248
891,37
891,139
891,324
892,125
892,897
892,229
893,31
894,111
894,552
894,766
894,708
895,368
895,224
895,925
895,773
897,263
897,748
897,524
897,733
899,320
899,880
900,62
900,363
900,428
900,144
901,957
903,742
904,346
905,705
906,395
907,121
907,789
908,447
909,838
909,955
909,710
909,963
910,560
910,583
910,763
911,468
911,183
911,568
912,507
912,210
912,794
913,371
914,795
914,654
914,861
914,468
914,486
915,781
915,983
915,184
916,897
917,234
917,52
918,555
919,697
920,555
920,741
921,533
921,339
921,863
922,688
923,169
924,409
924,598
924,328
925,270
925,78
926,217
927,345
928,790
928,803
929,494
929,801
929,426
929,628
929,528
929,867
930,956
930,900
930,840
931,832
931,455
931,87
931,668
932,236
932,770
933,360
935,535
935,63
935,308
935,396
936,848
936,255
937,141
937,334
937,552
938,436
938,681
939,754
939,314
939,405
939,271
939,756
941,595
941,43
942,660
943,2
943,392
943,597
943,816
944,866
945,304
945,666
945,396
947,604
948,562
949,252
949,793
949,100
950,534
950,757
950,526
950,660
952,247
952,118
953,861
954,586
954,22
954,885
954,865
954,470
955,896
956,840
956,104
956,514
956,826
957,67
957,258
957,859
957,871
958,720
958,580
958,964
958,747
959,966
959,699
959,67
960,505
960,558
960,114
961,730
961,286
962,337
962,475
962,371
963,592
965,899
965,107
965,442
966,519
966,126
966,572
966,856
967,306
967,73
967,927
968,66
968,213
968,570
969,957
970,648
971,385
971,505
971,190
971,594
972,992
972,630
972,412
972,995
973,88
973,396
973,539
974,21
975,296
975,356
976,473
976,249
976,386
977,563
978,839
978,510
978,158
978,984
979,170
980,411
980,91
980,297
980,468
980,130
981,193
982,487
983,225
984,534
985,638
986,826
986,125
987,277
988,556
988,952
988,767
989,885
990,634
991,928
991,942
991,163
992,517
992,363
993,804
993,937
993,839
995,837
995,414
996,348
996,768
996,394
997,31
997,351
998,615
998,712
998,956
998,932
999,588
