0,0
1,1
2,2
3,3
4,4
5,5
6,6
7,7
8,8
9,9
10,10
11,11
12,12
13,13
14,14
15,15
16,16
17,17
18,18
19,19
20,20
21,21
22,22
23,23
24,24
25,25
26,26
27,27
28,28
29,29
30,30
31,31
32,32
33,33
34,34
35,35
36,36
37,37
38,38
39,39
40,40
41,41
42,42
43,43
44,44
45,45
46,46
47,47
48,48
49,49
50,50
51,51
52,52
53,53
54,54
55,55
56,56
57,57
58,58
59,59
60,60
61,61
62,62
63,63
64,64
65,65
66,66
67,67
68,68
69,69
70,70
71,71
72,72
73,73
74,74
75,75
76,76
77,77
78,78
79,79
80,80
81,81
82,82
83,83
84,84
85,85
86,86
87,87
88,88
89,89
90,90
91,91
92,92
93,93
94,94
95,95
96,96
97,97
98,98
99,99
100,100
101,101
102,102
103,103
104,104
105,105
106,106
107,107
108,108
109,109
110,110
111,111
112,112
113,113
114,114
115,115
116,116
117,117
118,118
119,119
120,120
121,121
122,122
123,123
124,124
125,125
126,126
127,127
128,128
129,129
130,130
131,131
132,132
133,133
134,134
135,135
136,136
137,137
138,138
139,139
140,140
141,141
142,142
143,143
144,144
145,145
146,146
147,147
148,148
149,149
150,150
151,151
152,152
153,153
154,154
155,155
156,156
157,157
158,158
159,159
160,160
161,161
162,162
163,163
164,164
165,165
166,166
167,167
168,168
169,169
170,170
171,171
172,172
173,173
174,174
175,175
176,176
177,177
178,178
179,179
180,180
181,181
182,182
183,183
184,184
185,185
186,186
187,187
188,188
189,189
190,190
191,191
192,192
193,193
194,194
195,195
196,196
197,197
198,198
199,199
200,200
201,201
202,202
203,203
204,204
205,205
206,206
207,207
208,208
209,209
210,210
211,211
212,212
213,213
214,214
215,215
216,216
217,217
218,218
219,219
220,220
221,221
222,222
223,223
224,224
225,225
226,226
227,227
228,228
229,229
230,230
231,231
232,232
233,233
234,234
235,235
236,236
237,237
238,238
239,239
240,240
241,241
242,242
243,243
244,244
245,245
246,246
247,247
248,248
249,249
250,250
251,251
252,252
253,253
254,254
255,255
256,256
257,257
258,258
259,259
260,260
261,261
262,262
263,263
264,264
265,265
266,266
267,267
268,268
269,269
270,270
271,271
272,272
273,273
274,274
275,275
276,276
277,277
278,278
279,279
280,280
281,281
282,282
283,283
284,284
285,285
286,286
287,287
288,288
289,289
290,290
291,291
292,292
293,293
294,294
295,295
296,296
297,297
298,298
299,299
300,300
301,301
302,302
303,303
304,304
305,305
306,306
307,307
308,308
309,309
310,310
311,311
312,312
313,313
314,314
315,315
316,316
317,317
318,318
319,319
320,320
321,321
322,322
323,323
324,324
325,325
326,326
327,327
328,328
329,329
330,330
331,331
332,332
333,333
334,334
335,335
336,336
337,337
338,338
339,339
340,340
341,341
342,342
343,343
344,344
345,345
346,346
347,347
348,348
349,349
350,350
351,351
352,352
353,353
354,354
355,355
356,356
357,357
358,358
359,359
360,360
361,361
362,362
363,363
364,364
365,365
366,366
367,367
368,368
369,369
370,370
371,371
372,372
373,373
374,374
375,375
376,376
377,377
378,378
379,379
380,380
381,381
382,382
383,383
384,384
385,385
386,386
387,387
388,388
389,389
390,390
391,391
392,392
393,393
394,394
395,395
396,396
397,397
398,398
399,399
400,400
401,401
402,402
403,403
404,404
405,405
406,406
407,407
408,408
409,409
410,410
411,411
412,412
413,413
414,414
415,415
416,416
417,417
418,418
419,419
420,420
421,421
422,422
423,423
424,424
425,425
426,426
427,427
428,428
429,429
430,430
431,431
432,432
433,433
434,434
435,435
436,436
437,437
438,438
439,439
440,440
441,441
442,442
443,443
444,444
445,445
446,446
447,447
448,448
449,449
450,450
451,451
452,452
453,453
454,454
455,455
456,456
457,457
458,458
459,459
460,460
461,461
462,462
463,463
464,464
465,465
466,466
467,467
468,468
469,469
470,470
471,471
472,472
473,473
474,474
475,475
476,476
477,477
478,478
479,479
480,480
481,481
482,482
483,483
484,484
485,485
486,486
487,487
488,488
489,489
490,490
491,491
492,492
493,493
494,494
495,495
496,496
497,497
498,498
499,499
500,500
501,501
502,502
503,503
504,504
505,505
506,506
507,507
508,508
509,509
510,510
511,511
512,512
513,513
514,514
515,515
516,516
517,517
518,518
519,519
520,520
521,521
522,522
523,523
524,524
525,525
526,526
527,527
528,528
529,529
530,530
531,531
532,532
533,533
534,534
535,535
536,536
537,537
538,538
539,539
540,540
541,541
542,542
543,543
544,544
545,545
546,546
547,547
548,548
549,549
550,550
551,551
552,552
553,553
554,554
555,555
556,556
557,557
558,558
559,559
560,560
561,561
562,562
563,563
564,564
565,565
566,566
567,567
568,568
569,569
570,570
571,571
572,572
573,573
574,574
575,575
576,576
577,577
578,578
579,579
580,580
581,581
582,582
583,583
584,584
585,585
586,586
587,587
588,588
589,589
590,590
591,591
592,592
593,593
594,594
595,595
596,596
597,597
598,598
599,599
600,600
601,601
602,602
603,603
604,604
605,605
606,606
607,607
608,608
609,609
610,610
611,611
612,612
613,613
614,614
615,615
616,616
617,617
618,618
619,619
620,620
621,621
622,622
623,623
624,624
625,625
626,626
627,627
628,628
629,629
630,630
631,631
632,632
633,633
634,634
635,635
636,636
637,637
638,638
639,639
640,640
641,641
642,642
643,643
644,644
645,645
646,646
647,647
648,648
649,649
650,650
651,651
652,652
653,653
654,654
655,655
656,656
657,657
658,658
659,659
660,660
661,661
662,662
663,663
664,664
665,665
666,666
667,667
668,668
669,669
670,670
671,671
672,672
673,673
674,674
675,675
676,676
677,677
678,678
679,679
680,680
681,681
682,682
683,683
684,684
685,685
686,686
687,687
688,688
689,689
690,690
691,691
692,692
693,693
694,694
695,695
696,696
697,697
698,698
699,699
700,700
701,701
702,702
703,703
704,704
705,705
706,706
707,707
708,708
709,709
710,710
711,711
712,712
713,713
714,714
715,715
716,716
717,717
718,718
719,719
720,720
721,721
722,722
723,723
724,724
725,725
726,726
727,727
728,728
729,729
730,730
731,731
732,732
733,733
734,734
735,735
736,736
737,737
738,738
739,739
740,740
741,741
742,742
743,743
744,744
745,745
746,746
747,747
748,748
749,749
750,750
751,751
752,752
753,753
754,754
755,755
756,756
757,757
758,758
759,759
760,760
761,761
762,762
763,763
764,764
765,765
766,766
767,767
768,768
769,769
770,770
771,771
772,772
773,773
774,774
775,775
776,776
777,777
778,778
779,779
780,780
781,781
782,782
783,783
784,784
785,785
786,786
787,787
788,788
789,789
790,790
791,791
792,792
793,793
794,794
795,795
796,796
797,797
798,798
799,799
800,800
801,801
802,802
803,803
804,804
805,805
806,806
807,807
808,808
809,809
810,810
811,811
812,812
813,813
814,814
815,815
816,816
817,817
818,818
819,819
820,820
821,821
822,822
823,823
824,824
825,825
826,826
827,827
828,828
829,829
830,830
831,831
832,832
833,833
834,834
835,835
836,836
837,837
838,838
839,839
840,840
841,841
842,842
843,843
844,844
845,845
846,846
847,847
848,848
849,849
850,850
851,851
852,852
853,853
854,854
855,855
856,856
857,857
858,858
859,859
860,860
861,861
862,862
863,863
864,864
865,865
866,866
867,867
868,868
869,869
870,870
871,871
872,872
873,873
874,874
875,875
876,876
877,877
878,878
879,879
880,880
881,881
882,882
883,883
884,884
885,885
886,886
887,887
888,888
889,889
890,890
891,891
892,892
893,893
894,894
895,895
896,896
897,897
898,898
899,899
900,900
901,901
902,902
903,903
904,904
905,905
906,906
907,907
908,908
909,909
910,910
911,911
912,912
913,913
914,914
915,915
916,916
917,917
918,918
919,919
920,920
921,921
922,922
923,923
924,924
925,925
926,926
927,927
928,928
929,929
930,930
931,931
932,932
933,933
934,934
935,935
936,936
937,937
938,938
939,939
940,940
941,941
942,942
943,943
944,944
945,945
946,946
947,947
948,948
949,949
950,950
951,951
952,952
953,953
954,954
955,955
956,956
957,957
958,958
959,959
960,960
961,961
962,962
963,963
964,964
965,965
966,966
967,967
968,968
969,969
970,970
971,971
972,972
973,973
974,974
975,975
976,976
977,977
978,978
979,979
980,980
981,981
982,982
983,983
984,984
985,985
986,986
987,987
988,988
989,989
990,990
991,991
992,992
993,993
994,994
995,995
996,996
997,997
998,998
999,999
1000,1000
1001,1001
1002,1002
1003,1003
1004,1004
1005,1005
1006,1006
1007,1007
1008,1008
1009,1009
1010,1010
1011,1011
1012,1012
1013,1013
1014,1014
1015,1015
1016,1016
1017,1017
1018,1018
1019,1019
1020,1020
1021,1021
1022,1022
1023,1023

77,0;115,1.0996529089669915;603,0.06279351438498815;186,2.1359813213004575;64,2.366768308603215
228,0;415,0.9680222177998019;370,0.20911153469671923
422,0;71,0.8277164322009957
368,0;9,1.2163507846754145
322,0;204,0.39595868709371473;642,2.117843210313387;526,0.4324723241868608;946,3.079820155310516;571,5.520151942188377;866,5.854983683284179;224,7.526686452000519;1006,9.891707413802498
571,0;1016,1.052022376982781;224,0.19062572233524452;1006,0.3720816472061641
453,0;210,0.30756276879638683
859,0;647,0.35441216401917797;801,0.6624217343173939;476,1.4938830555948428;802,1.8838601683597302;348,2.176963916253427;250,1.6329584094338032
612,0;788,0.01628772160792111;957,0.4558104737978971;1017,0.027058757822843803;494,0.9205096225492426
399,0;792,0.7166242544001001;642,0.024988769425251765;315,0.18583070456994766;946,0.253488384561873;340,0.24042671506648816;805,1.151296518902606;866,0.5544846740633103;41,1.2710420318041655;416,1.6453108809612693;981,3.1271914297160626;463,3.4743261850905784;569,3.1878201616060546;813,3.444312889497999;586,5.861763075806204;246,6.977260093240686;526,6.0370177449934435;173,3.953918870015857;859,5.93726794251734;103,6.854042787153321;620,8.488688918840083;651,8.296346618162708;688,6.458260664244588;398,6.8567199303855855;243,6.95582208805556;351,7.233464087018916;58,8.625762849164252;141,8.84174356163898;151,9.286312862347808;443,9.390622450418071
444,0;178,1.6397588554665414;962,2.000095263339035;487,2.6956839110042727
354,0;480,1.2925933589429808;842,0.30024859371688095;395,2.5618603489941925;720,2.4362832918936954;952,3.781286822708723;527,2.9104183354380884;74,4.760540256721619;27,4.870474915611297;880,5.226972168747173;918,5.757756673910028;829,4.905243803761924;942,5.820074091245435;733,5.453898980731171
3,0;196,0.9271491269074204;140,0.4722148602934757;18,0.9710495318035686;337,2.2602827773792162
113,0;105,1.209707156425139;50,0.765384803357137
381,0;227,1.006400473590333
732,0;789,1.9854263234496368
279,0;661,0.7951838820001752;679,1.8170018945384487;78,1.710822511192712;270,1.7484500204735736;250,2.0126832061768876;23,1.8447493439812725;116,2.720165010780411;777,2.9171127589969634;323,4.758500383809522;408,3.840605029375458;825,6.0164652802569805
222,0;531,0.21337864181748145;533,1.042344041620514
778,0;95,0.29882684804935705;640,1.1789118792810724
177,0;49,0.23766585618908637
535,0;853,1.4055759316991336;919,3.2550535749260527;208,2.379309486831498;617,2.2796936011501643;28,3.1804796672451503
199,0;928,0.6722617895784616;890,0.07787887410903718;164,0.9392372122898298;423,3.567195604931732;53,1.4309082524659162;399,0.9136031945346327;728,1.2817437336570845;392,3.336708652525596;686,1.7262637166942238;601,2.3555021744733793;294,2.6836016162153267;721,4.015066324710991;555,4.119565056973277;882,5.397324715474266;113,5.8423324276692545;760,7.254430696657763;105,8.66288057077486;50,6.044120485839462;920,8.220996126275065;550,12.519148937659718
541,0;449,0.9286754904076011;261,0.33011717243653455;976,0.07133628661586791;799,1.7121278463870604;853,1.7546412408395728;749,2.727761854035707;919,1.882470996568196;617,2.0732832645298105;28,2.24266492741192
106,0;232,0.04681883105707387
793,0;801,0.5359618315313681;689,3.0982225441449995;621,3.815056841193586
396,0;716,1.6691725013023027;286,1.3511400548278192;133,1.351193034764787;129,1.7962968036978741;511,2.327690197735615;222,2.138601107782481;531,4.167511067748573
546,0;516,1.0098769019376077
946,0;866,0.38428091672103076
531,0;533,0.12574818314701144;966,1.3816834892818703;58,2.0581831226015
245,0;797,1.1296744108270282
559,0;811,0.22994190605360815;534,0.020147510479023824;1022,0.2608245110758715
451,0;171,0.5510379194452194;301,1.07124109981054
44,0;338,0.5701485649562043;663,0.056002137198504144;245,1.0416712690683745;376,2.4039544330001914;643,2.3163538609284178;797,1.8216663916633473;739,1.1523283380862603;705,1.3886648676886617;137,3.9032271940996877;828,4.418806912161482;1010,2.6693739812302972;74,5.69053944941824;68,5.719923603789249;354,6.492169277997229;880,7.266038417799958;480,8.948090277338997;842,7.124503614558609;395,7.180344364997766;733,9.321091015214488;277,8.988577069536074;576,9.405922247513407;161,10.104903232699101;560,10.971690711431147;96,11.138537554611414;640,11.551917170814795;572,11.413421054955068;297,11.611857811181055
80,0;346,0.5861607676213147;861,1.8343911584163395;407,1.9247555827312515;390,3.106001594462316
493,0;683,0.08493550388332334
509,0;285,0.16003431134043933
990,0;948,3.9876070217892003
220,0;532,0.3947504372589393
608,0;317,0.5174392003400216;274,1.2975772858231696;462,0.5918202486001858
333,0;993,1.0905214108432937
920,0;604,1.5324537231428075
764,0;319,0.2586502921661894;142,2.1902267803577296
284,0;925,0.275014754816255;1014,0.5176186817571415;1021,0.8397943188005519;535,1.9899630319849924
379,0;272,2.177719863518928;669,0.3498921282618416
276,0;565,1.5231323544204483;537,0.7415679782503138;812,5.248795860020826
279,0;661,0.18286695227227928;1020,0.6991350878522695;773,0.7295130189621072;720,1.2269246139428411;920,1.5028149908247588;56,2.70250025941579;51,2.137902820810041
801,0;689,0.018307253459487357;901,1.1501229427973783;323,1.685945959622909
223,0;760,1.4850096682834306;925,1.5458417658234604;1014,2.5485356577836473;322,3.1317502200810585;204,7.626051860938194;526,8.128934409571785;651,9.32272372967389;688,8.721291304434942;382,9.626734477462337;577,9.778067801685765;927,11.074449008184171;74,12.02330669339327;289,12.008368564243055;68,12.416098684892193;719,13.079110719757704
673,0;1012,1.1624840494559519
233,0;477,0.24495341503317974;237,1.4773918795736314;282,4.3689845012022985
882,0;762,0.5017396846607093
335,0;470,0.013444726184385379;278,0.3851263992893831;182,1.7254476821864633;79,2.0227949171316117
299,0;660,0.15759129854416928
413,0;479,0.350080128360322;735,0.304103307677188;155,0.010251221495037178;363,0.3567319137164539
220,0;525,4.213032150597182;831,0.03457594027409921;532,0.5965259027588466;782,5.795757166425974
511,0;812,3.754595889936622;219,4.37108856115041;677,3.8422280734645944;463,5.018466928068569;602,4.431260103522839;248,3.9746559850195733;486,4.688128125342541;278,5.408972014210626;722,5.925037444253595;296,5.257619988381955;526,5.541539213472445;173,7.013937827688477;182,7.0256133362002124;651,7.791826882940957;382,5.593161803918878;577,6.746470362875945;927,6.130735173979489;74,8.140573312979765;77,8.953120892056443;79,8.008299843317634;656,7.11224085063161;940,9.145217975138221;358,7.500092558540157;53,10.372119615714041;729,8.37780127033242;354,9.841184920290845;880,8.573118842345337;635,8.632565612542153;733,10.021784020863338;148,9.219159939862369;574,9.151092909950444;115,10.60280460950433;302,9.40837194384218;480,10.000914390917172;720,10.531440382581817;877,10.673976855205897
689,0;621,1.7549490189828678;901,0.04736659740582765;323,0.1574937979912685
736,0;316,0.1511655899176356
934,0;258,0.9781528821470726;467,0.09582971106899309;727,2.1036162238023737;530,1.0808670416818658
672,0;789,0.49690202315848814;173,0.617909425053064;77,0.9691633318156062;603,1.905333074453428
791,0;25,0.3043988278325306;200,0.4281547860474662;611,0.8455328176138563;941,2.73887806573158;527,0.9076416866565691;711,2.4417244548331123;776,1.9061203537125686;74,0.9793043759622118;354,1.5089413518695354;566,2.9272836641164237;167,2.2341271229868784;850,2.2617024007793707;542,2.909596593306904;985,2.6038936372543837;500,3.726573107452201;223,3.2103350570833826;107,3.0215951450222143;915,7.808671381710489;150,4.935076979875437
637,0;152,1.3713111897874832;978,2.0151312171822027;389,1.8273805324317254;793,2.2800677481609792;536,2.615855136057865;801,2.4425071477916633
61,0;985,0.1874506502206596
103,0;398,0.7991928741341353;351,0.8402796367103034;991,3.558183747789385;886,1.0592865212400229;470,2.2121532379565227;410,0.933400972652868;278,3.645982811137281;90,4.649734555075813;249,6.1763662598257545;341,5.3777475696492525;310,6.529211288994229
346,0;861,7.0239465959183764;407,7.187151531106519;390,9.79286876089509
197,0;722,0.847481889593293
58,0;141,0.7575566995374421;718,0.04732767360188144;151,0.7162565519136486;605,0.1869480051649079;650,1.8813282793722705;163,4.929821162104185;1001,4.435364893148961;926,2.6676148544098743;178,2.1266308587245812;853,5.240955485081632;395,7.5977424273472804;919,5.404416415784127;617,5.8808198847456445
900,0;235,0.40301545300847047;735,0.012679448279981739
97,0;273,3.39688537469894
599,0;281,1.8677586833688438
611,0;354,0.7063110519792147;711,1.528839399594707;214,0.7780527396323703;558,0.9473740346974406;345,2.944611920811175;107,2.355581704200289;985,1.7133375232073262;469,1.5373512501503583;540,1.6917296884285353;862,1.8948192878424788;605,2.596884041453173;276,2.7780972036643408;441,3.048712936225249;135,5.570201752784591
853,0;919,1.9552290014747402;208,1.3598559550288367
701,0;518,0.7205803168750254;165,0.3882931586032742;28,0.1221831507792147
317,0;462,0.5264330463005378;941,0.41926067327739275
471,0;918,2.297138820770331;415,0.011312146618979436
819,0;847,0.8756946885070308
198,0;213,0.5665207585527697;62,0.9621452955751495;656,2.3185310470408496;53,2.836133216180702;729,2.956549505271627;74,3.538731913753971;68,5.274207828636338
610,0;882,0.8940591674844156
141,0;443,0.9956217105678073;72,1.235688819450546;984,1.0220444110782012;115,1.160103690932209;808,1.1396283000786043;187,1.622102336006542
799,0;749,1.195022334739506;344,1.400502019346082;408,1.8393450090077827
82,0;889,1.0303521919866927;811,1.3715360197868192;476,1.1843785810266605;16,2.2977948098515415;232,1.9605387028193628;895,2.7000314772108545;348,1.2395595881635209;742,5.191028289514276
234,0;338,0.5171500294911614;505,1.6873778834936255;361,1.399238480798096
681,0;217,0.05257425646885383;192,0.8186827515727635
535,0;853,1.376122915836915;919,2.8094599414416157;314,2.3970399604108596
161,0;96,0.23400874191854143;640,1.9411058708857283
55,0;7,0.9118151264334351;93,3.460624381750143;496,3.5784320889240804;353,4.67127483058258
11,0;112,0.5000530937391293;828,0.6714358069203094;70,2.8434776674848217;889,1.7300161304121553;232,1.8105064432375964;225,5.164561936440448;342,5.374481081091371
269,0;388,0.8415964783073628;365,1.1778111162952523
672,0;203,0.8442203994558092;211,0.9587385946146506
234,0;338,1.2289629559420465
582,0;286,1.0711540329733464;116,1.3018829310118667;323,1.6229607993591353;371,3.1706057702019055;672,3.474261743327699;993,5.6999479111660305;789,4.01035413633031;173,4.525203331110264;859,4.954820746297219;668,8.039112043569002;843,9.399847089821801;858,10.844490230235799;719,9.869578877859336;413,10.072723516565313;735,11.627801663280614;155,14.373901803388746;363,10.38683499421209
152,0;389,3.224839004777815;536,3.878407199899581;730,6.958563528765349
907,0;249,0.6391261407934665;337,0.6647507996576588;175,1.2990299188098562;310,1.2167630977247699;490,2.207817540627179;794,1.4259719833665707;430,2.3778558922372257;896,3.911141765374409
829,0;942,1.0640439609963834
12,0;301,0.8732770933063084
509,0;285,1.4353570206684696;698,0.3485017916935585;514,3.1501261600150694;384,4.009450212577255;240,4.267768856607431
928,0;423,0.4660089920761837
11,0;112,0.8691319518886259;828,0.2629567983085746;889,0.5066650901227827;232,0.7846587503077902
651,0;897,0.39079925218583006
375,0;988,1.232092063836696;783,0.46361270662880416;153,0.1356357418593475;266,6.118178918584853
463,0;526,0.7719665643383521;688,1.1539079337699742;382,2.441319036920868;577,3.6108954427337903;927,4.5505792476557465;153,5.149706718230057;289,5.954101285346563;789,7.102006593636972;327,6.2482919930474745;68,7.632421112648439;57,6.486777840175212;782,8.504011192776574;254,8.243860631703745;173,8.880474556145735;719,7.904979865929132;413,8.321982666725889;685,9.09120455145071;959,9.11898951038979;859,9.685728597697013;77,9.560948525459386;384,9.461148197608159;603,10.262446968840443;647,11.088261986334487;186,11.946581854480895;801,11.707098710384873;476,14.502848667143873;477,11.212649513113732;237,12.677632078054064;689,14.023769361442406;64,12.28992106720837;621,16.36039721298207;901,14.430082526449302;802,15.185683482944853;250,15.712445028480648;984,15.26276470521142;115,15.707136646967838;777,16.198465153238242;408,16.616467850984098;825,18.176760430600822;854,18.495666548898313
265,0;580,0.8869776598359873;339,0.8916340053720654;113,2.231811016752109;760,2.2707229755231726;50,2.9662666990645006
638,0;501,2.3242141065487796;757,3.193289537826756;121,4.380299754808354;37,5.2839804295058315
163,0;853,2.164581224314581;208,2.4071544385448065;617,3.343700165389118;680,3.4146290121048355;413,3.4591166646386817;401,3.7060333028671755;742,3.456181764154566;479,4.444391216305201;959,4.011736683994856;735,3.912356066476255;155,3.5040484648649683;296,4.280675382306286
473,0;181,0.4280645214721107
321,0;118,0.2937769912408166
236,0;551,0.9875084295557218
931,0;907,0.0697277126529713;249,0.8925415751865686;420,0.9290320739154672;337,0.09466213352097008;738,1.3916062879819242;310,1.9562224336460703;225,1.1543621601349845;342,1.3393079329499986;853,1.4085807875378342;108,3.146298905668985;919,3.0215743383095317;314,2.1553516063991984;208,1.6941549942693586;893,2.208560775745649;935,2.4973162436352068;894,4.361821537262388;272,6.211239928328544;141,4.509930099648641;485,6.733077743321127;620,7.647235242000804;987,7.070922792831733;58,8.850159021776014;450,7.775472466462007;718,9.803480151544479
845,0;342,1.338000612745316
682,0;108,0.22066928963576252;312,2.283924863547289
375,0;582,1.288342209235837;783,1.6405652374544197;610,0.6212667941730277;882,2.018924104602446;113,2.0488612992004027
554,0;973,0.5684033315702085;749,0.8962048342344728
89,0;64,1.2610995622127894;467,0.06425830345924585
376,0;1010,0.4800749892635045
380,0;872,0.2790845547139549;238,0.5432752413806287;770,0.6412051295137262;740,2.8337032163160645
88,0;77,2.181517373147945;115,3.591001105853666;342,3.8842099142605107
315,0;340,1.6275062862175689;632,2.588159352377213
620,0;450,0.5257404413275066
960,0;945,1.5618066836088706;340,0.8440597523782539;632,7.259943281229809
713,0;382,1.7137283626074187;927,1.7950181802551697;74,2.0403414613591937;289,2.103042492633341;68,3.230708154570886;354,3.594992685834603;719,3.480183036088945;480,4.591782950852873;566,4.4767620037071545;842,4.102120417524755;214,3.655107378765284;395,4.519124825421065;527,4.825606397299274
234,0;338,0.5925397632983932;361,2.1955448882906934;643,1.1543561810959733;812,1.621560562146059;339,1.5496455256574229;828,2.527761766157715;143,1.831320235417709;219,1.8671127371068696;624,1.8960450895553806;278,2.136395485434181;880,3.4341553401180773;479,2.2779688961437365;824,1.9172194425971212;594,2.6698822298440477;274,2.102660173965453;889,4.588518079847307;642,4.069620443564867;818,3.3665391187062177;315,4.222490610431052;946,4.9872163537067316;622,4.753245390050137;232,7.032453295048814;866,5.54851430769927
75,0;150,1.08696234258086;876,2.1451825395033497
222,0;531,1.741516445191549;533,2.1043840978529285;966,5.481523734707201
871,0;921,0.2680726681053428;290,0.43117360903042;714,0.7582589819295322
81,0;525,0.0059939650621075565
473,0;181,0.8402348994224484
634,0;625,0.3654323038950453
677,0;602,0.00934589494406194;722,0.44396232196188157
626,0;388,1.0692636565843314;365,2.5298941024589228;775,3.3262283507440165;134,3.4261942004709507;825,3.9253810135854117;63,3.9202526373788777;571,3.5431460841717946;270,4.899539297312547;48,4.631880013516219;854,4.764285896406944;296,6.3522684910898715
924,0;155,1.563524270876698;205,0.1265396685136058;533,1.20325081775651;895,2.783267206673908;899,0.6776015543159151;846,4.883416814596402;567,5.621900867744962;584,7.878160477644878;307,8.54633334681063;264,8.592797748407571;128,8.761752098053083;686,9.462994981829913
73,0;520,2.500781335579309;536,3.510520473044421
364,0;227,0.5132157308166497;556,0.21174817140054514;983,1.615568281688568;650,1.7898041976120669
809,0;121,0.6993386577374574;842,0.008975131099446206;37,1.0097648810869457
1023,0;61,0.6595584507113923;985,1.0092021051296411
36,0;798,0.681394838666421;616,1.141725272764911;441,1.3500136969451204;135,1.4624098804006649
650,0;1001,2.6988900555182047;926,0.6555365505948936;178,0.6701218774030734;962,1.3849576277351043;738,1.59046435580031
658,0;818,2.3445725251266882;841,0.5698532031526686;635,2.2514520655821446;576,1.3688212598286718;855,0.5831559927209883;148,2.5982280419543775;112,3.940385938411602;574,2.4575843492027576;23,3.569126141857793;302,2.8397360467244344;116,6.175192461771786;323,6.260735737194453;371,6.303893703365312;993,7.045849699613511;75,6.510660240291226;150,7.527266165294182;668,7.33367602071249;843,7.564403839661775;876,7.876180986545625;719,9.880166907594221
572,0;307,1.4870822242957837;264,2.128724043720119;128,2.124480101127678;686,2.5889861588436878
276,0;565,1.0609430775382858;537,0.00534332364742702;812,1.3137975840321914;219,1.9249779997313556
428,0;836,1.3975884762795936
36,0;951,1.0194352856132423;382,0.263585650085832;927,0.4713574828214883;289,1.0600682141982902;476,2.6409484822544123;327,2.074622807690707;57,2.5559811310370177;782,2.4129596716732853;348,3.0166780360512546;461,3.105984309387955;630,3.2025508032592684
992,0;570,0.1776581614819474;369,0.8073653794666444;151,1.9737841752866514;653,1.5572783509314982;735,3.648446683742549
944,0;239,0.5528872952648997;590,1.0687331644421656;678,1.0486227707901064
307,0;44,0.8772416425211039;264,0.17570803157993933;738,1.4397412437424293;663,0.8802909536562442;245,1.2196233622329449;376,2.0127428512868946;739,2.1046925540510695;108,1.5502491686390119;420,2.913452271657635;137,3.3719529476577215;74,4.679896515471806;68,5.52452517303764;891,6.111023801648146
650,0;926,1.3613505946436073
653,0;39,1.0097808128276755
176,0;500,1.2450345537638214
231,0;200,0.045761622796962935;941,1.5623768724156255;128,0.8069864974504293;160,0.9589853298101217;686,2.307517003124984;223,2.6885089593024896;760,3.1968283218828093;925,3.5281545745344243;920,5.574642988696562;1014,3.5444068919541905;322,3.798208356735226;697,4.902078871020111;437,4.999331867957113;51,6.1568944355547535
870,0;555,1.2277283161203132;232,1.1221576193590275
752,0;982,5.072798965301158
420,0;816,1.1384284171051826;28,0.21639703817671088;962,2.848691256415343;928,2.065970659996894;423,2.6515151020150496;53,3.0993286669993867;399,2.774197137319975;792,3.77948942345074;738,3.0848527090704807;74,4.323167430838126;41,6.0468313669824685;880,4.46560685035649;416,6.132688089392534;410,7.377834425223509
521,0;546,0.6058146277418794
661,0;78,0.7623834531350535;924,2.293435390216175;155,3.1421106197767834;846,3.314099775695557
474,0;391,0.13662827596911054;212,1.1112846679678763;364,0.41949027902497865;227,0.8093964340251129
411,0;158,0.33527029044576917;338,1.3003267192958807;505,1.9193619208002852;643,2.361010786779648
396,0;716,1.8131672898326174;625,0.21949278033503278;286,0.0173842307927325;133,1.6645161155280388;129,1.0455099894167617;116,1.2402610005509824;222,1.988821828095701;672,1.3800960345897897
77,0;115,0.11736117009498268;603,2.9082651384612377;342,1.1612606884678902
57,0;254,1.660408341589561;685,2.8855864800156583
867,0;379,1.4776859758773135;701,2.215844299287936;518,2.4046011729464136;165,2.903618936866042;28,3.682111033721352;68,3.2335496880686403
379,0;272,0.6385971501224542;669,0.02376115888521477
918,0;20,0.22385488750309557
25,0;758,0.10125463708676702;611,0.8231972396360345;354,1.9095751760392732;527,3.749894612822076;842,3.2755365699254035;214,2.4510959827177894;395,3.825974987299432;74,4.206063218090988
247,0;43,1.0702145804543461;721,1.1442015172434394
385,0;25,0.04704779325325211;196,0.05519294082988196;989,1.0715630164004926;18,2.181363881866116
931,0;907,0.4289667790307616;337,1.4875944779785821
619,0;277,1.268904917245024;576,2.1796507605634927;560,2.4435526849545095
712,0;82,0.9625903942496615;889,2.7818902234329634;81,1.3694822871558368;232,3.3830542516419975
750,0;289,1.5453927398346803;789,2.0210026494049007;327,2.9885598269357856;68,1.8664781750816188;719,6.427917663017725;57,3.1961866701705866;782,3.5088719796346783
203,0;211,2.7365195592502394
359,0;20,0.013255896140986035;837,0.2847835235868023;758,0.3305510462280291
395,0;952,1.3760885582507196
127,0;972,0.04353344658202551;666,0.6500471625588701;567,0.35044275297740446;974,1.6758065058376457;218,1.4085428229358323;512,3.5550868873095762;978,3.225617200288947
777,0;408,2.883844602583693;825,4.1214514868198915;854,4.709943534458178
1007,0;875,1.993087968125756;325,2.194472638711433
124,0;761,0.4544080929398733
827,0;30,0.8094170453505621
131,0;1000,1.0810569770173233
137,0;74,0.15762439555688104;68,0.3398979347579053;354,3.6754013489070902;880,3.2328194825083463;891,0.3741165741291703;566,3.6995906334048008;214,5.17590785578186;558,5.337425426994819;345,8.450586474846656;441,11.284767569317328;497,8.961573639432686
846,0;567,0.5145549380106793;584,4.36167756758652;491,6.620660200383531;873,7.084112161171365;1012,6.636054111250601;160,8.428529032593188;422,7.173168863204401;71,8.15567982992291;822,8.74309539556315;854,9.165700794446163;104,9.618982114746407
663,0;1005,2.5082294749598657;376,1.7461262610071833;966,2.5007676653990427;1010,2.9694402478677304;58,4.299968339088068;488,3.592801760904753;848,2.8283599617268664;356,3.083891302314385;350,3.0410442513739615;718,5.285851004359328;605,8.27978577361542
756,0;712,0.6140334888117649
406,0;335,0.681396395458663;685,0.9525525178108837;470,2.9649226305565217;521,1.3825808138821896;546,1.8188180095090125
662,0;577,0.4019055193918702
848,0;356,0.9252187207184581;350,0.41217306947079274;756,2.1359414680066875;542,0.7451268584072942;951,0.8929759307517466;107,1.831819527659508;915,0.8740652309366717;843,1.049351244694288;476,2.2786424927934403;788,2.028120834566195;858,1.2051203581800278;719,1.2045257847724178;924,2.2794978581285097;413,1.5011475295687715;984,1.9672243494034258;605,2.0957273743046407;115,2.039072092194909;808,2.5907599729289976;1017,3.049002960722661;342,2.314192716752608;712,2.64560346922338;92,2.921947311205698;348,2.3269192846051396;155,2.4786223419079962;205,3.9965061375478217;461,2.349851204851688;630,3.85764347967202;187,2.8947603668818904;449,4.426026205168318;93,3.430460156932559;957,3.84487030702331;494,4.045470975335526;895,4.571162703403136;899,4.252210460263891
191,0;939,0.10724057978341422;820,2.8999408901678136;700,2.570904240774127;324,2.957949373614992;857,3.2322380568659055
239,0;590,0.2915277969260574;678,4.667042479641311;599,2.063302133655681;714,0.8570481621354857;281,4.672971985055181;476,6.998499442790252;723,5.190491413784653;895,7.726934234451477;348,8.08354882714833;250,7.793845847148476;777,8.48957641051891;461,10.129893621082164;630,10.74214012190557
105,0;550,3.4668487942113493
951,0;476,0.014782545201458878;895,2.0342871930996513
656,0;358,0.8031592125388037;729,0.4804700099784173;915,0.49617837248785;635,1.2132136197216183;766,0.5922378418938056;843,1.9410426966559617;815,0.8660411522115915;517,1.7615858016165622;924,4.70626778679039;155,6.345540707574005;846,7.53857403913191;567,8.006872874702715;584,8.326194313489577
357,0;83,4.83455976857082;647,5.01044714736883
77,0;115,1.686729915370277;603,1.1377666588246234;186,1.3584730913237246;391,2.527868821123194;342,2.1176263221944023;853,2.376006071919554;919,2.9176885956845116
698,0;514,0.838105068816518;481,2.720660105215026;74,2.869945001175898;999,4.028910101260861;354,2.9004064627066244;566,4.676376903328857;214,3.764502079336831;558,4.918381340772809;221,7.412704601802528;345,5.540897949612682;107,5.987000034044369;497,7.227014470577059;605,9.731386761658749;197,7.425009203307486;600,8.885424876274254
80,0;346,1.266991453993015
752,0;578,0.043052938025908496;982,0.1300397991758185
280,0;150,0.5819749933695194;587,0.717814771353033;876,1.8865996644546308;56,0.7449869645854846
972,0;218,0.2126985750108639;125,1.3317369204976242
457,0;562,0.7434073303439688;270,1.1998235418154024
36,0;633,0.7836556572954599;951,2.3509909108727483;798,1.4469856387014393;702,1.2111828088340608;1003,1.9781892543948247
573,0;422,1.4800167692280737
635,0;517,0.30372661362454084;574,0.3788650807364569;302,1.8563147551113035
509,0;285,0.6220982044587954;698,0.5380492592188629
