0,0
1,1
2,2
3,3
4,4
5,5
6,6
7,7
8,8
9,9
10,10
11,11
12,12
13,13
14,14
15,15
16,16
17,17
18,18
19,19
20,20
21,21
22,22
23,23
24,24
25,25
26,26
27,27
28,28
29,29
30,30
31,31
32,32
33,33
34,34
35,35
36,36
37,37
38,38
39,39
40,40
41,41
42,42
43,43
44,44
45,45
46,46
47,47
48,48
49,49
50,50
51,51
52,52
53,53
54,54
55,55
56,56
57,57
58,58
59,59
60,60
61,61
62,62
63,63
64,64
65,65
66,66
67,67
68,68
69,69
70,70
71,71
72,72
73,73
74,74
75,75
76,76
77,77
78,78
79,79
80,80
81,81
82,82
83,83
84,84
85,85
86,86
87,87
88,88
89,89
90,90
91,91
92,92
93,93
94,94
95,95
96,96
97,97
98,98
99,99
100,100
101,101
102,102
103,103
104,104
105,105
106,106
107,107
108,108
109,109
110,110
111,111
112,112
113,113
114,114
115,115
116,116
117,117
118,118
119,119
120,120
121,121
122,122
123,123
124,124
125,125
126,126
127,127
128,128
129,129
130,130
131,131
132,132
133,133
134,134
135,135
136,136
137,137
138,138
139,139
140,140
141,141
142,142
143,143
144,144
145,145
146,146
147,147
148,148
149,149
150,150
151,151
152,152
153,153
154,154
155,155
156,156
157,157
158,158
159,159
160,160
161,161
162,162
163,163
164,164
165,165
166,166
167,167
168,168
169,169
170,170
171,171
172,172
173,173
174,174
175,175
176,176
177,177
178,178
179,179
180,180
181,181
182,182
183,183
184,184
185,185
186,186
187,187
188,188
189,189
190,190
191,191
192,192
193,193
194,194
195,195
196,196
197,197
198,198
199,199
200,200
201,201
202,202
203,203
204,204
205,205
206,206
207,207
208,208
209,209
210,210
211,211
212,212
213,213
214,214
215,215
216,216
217,217
218,218
219,219
220,220
221,221
222,222
223,223
224,224
225,225
226,226
227,227
228,228
229,229
230,230
231,231
232,232
233,233
234,234
235,235
236,236
237,237
238,238
239,239
240,240
241,241
242,242
243,243
244,244
245,245
246,246
247,247
248,248
249,249
250,250
251,251
252,252
253,253
254,254
255,255
256,256
257,257
258,258
259,259
260,260
261,261
262,262
263,263
264,264
265,265
266,266
267,267
268,268
269,269
270,270
271,271
272,272
273,273
274,274
275,275
276,276
277,277
278,278
279,279
280,280
281,281
282,282
283,283
284,284
285,285
286,286
287,287
288,288
289,289
290,290
291,291
292,292
293,293
294,294
295,295
296,296
297,297
298,298
299,299
300,300
301,301
302,302
303,303
304,304
305,305
306,306
307,307
308,308
309,309
310,310
311,311
312,312
313,313
314,314
315,315
316,316
317,317
318,318
319,319
320,320
321,321
322,322
323,323
324,324
325,325
326,326
327,327
328,328
329,329
330,330
331,331
332,332
333,333
334,334
335,335
336,336
337,337
338,338
339,339
340,340
341,341
342,342
343,343
344,344
345,345
346,346
347,347
348,348
349,349
350,350
351,351
352,352
353,353
354,354
355,355
356,356
357,357
358,358
359,359
360,360
361,361
362,362
363,363
364,364
365,365
366,366
367,367
368,368
369,369
370,370
371,371
372,372
373,373
374,374
375,375
376,376
377,377
378,378
379,379
380,380
381,381
382,382
383,383
384,384
385,385
386,386
387,387
388,388
389,389
390,390
391,391
392,392
393,393
394,394
395,395
396,396
397,397
398,398
399,399
400,400
401,401
402,402
403,403
404,404
405,405
406,406
407,407
408,408
409,409
410,410
411,411
412,412
413,413
414,414
415,415
416,416
417,417
418,418
419,419
420,420
421,421
422,422
423,423
424,424
425,425
426,426
427,427
428,428
429,429
430,430
431,431
432,432
433,433
434,434
435,435
436,436
437,437
438,438
439,439
440,440
441,441
442,442
443,443
444,444
445,445
446,446
447,447
448,448
449,449
450,450
451,451
452,452
453,453
454,454
455,455
456,456
457,457
458,458
459,459
460,460
461,461
462,462
463,463
464,464
465,465
466,466
467,467
468,468
469,469
470,470
471,471
472,472
473,473
474,474
475,475
476,476
477,477
478,478
479,479
480,480
481,481
482,482
483,483
484,484
485,485
486,486
487,487
488,488
489,489
490,490
491,491
492,492
493,493
494,494
495,495
496,496
497,497
498,498
499,499
500,500
501,501
502,502
503,503
504,504
505,505
506,506
507,507
508,508
509,509
510,510
511,511
512,512
513,513
514,514
515,515
516,516
517,517
518,518
519,519
520,520
521,521
522,522
523,523
524,524
525,525
526,526
527,527
528,528
529,529
530,530
531,531
532,532
533,533
534,534
535,535
536,536
537,537
538,538
539,539
540,540
541,541
542,542
543,543
544,544
545,545
546,546
547,547
548,548
549,549
550,550
551,551
552,552
553,553
554,554
555,555
556,556
557,557
558,558
559,559
560,560
561,561
562,562
563,563
564,564
565,565
566,566
567,567
568,568
569,569
570,570
571,571
572,572
573,573
574,574
575,575
576,576
577,577
578,578
579,579
580,580
581,581
582,582
583,583
584,584
585,585
586,586
587,587
588,588
589,589
590,590
591,591
592,592
593,593
594,594
595,595
596,596
597,597
598,598
599,599
600,600
601,601
602,602
603,603
604,604
605,605
606,606
607,607
608,608
609,609
610,610
611,611
612,612
613,613
614,614
615,615
616,616
617,617
618,618
619,619
620,620
621,621
622,622
623,623
624,624
625,625
626,626
627,627
628,628
629,629
630,630
631,631
632,632
633,633
634,634
635,635
636,636
637,637
638,638
639,639
640,640
641,641
642,642
643,643
644,644
645,645
646,646
647,647
648,648
649,649
650,650
651,651
652,652
653,653
654,654
655,655
656,656
657,657
658,658
659,659
660,660
661,661
662,662
663,663
664,664
665,665
666,666
667,667
668,668
669,669
670,670
671,671
672,672
673,673
674,674
675,675
676,676
677,677
678,678
679,679
680,680
681,681
682,682
683,683
684,684
685,685
686,686
687,687
688,688
689,689
690,690
691,691
692,692
693,693
694,694
695,695
696,696
697,697
698,698
699,699
700,700
701,701
702,702
703,703
704,704
705,705
706,706
707,707
708,708
709,709
710,710
711,711
712,712
713,713
714,714
715,715
716,716
717,717
718,718
719,719
720,720
721,721
722,722
723,723
724,724
725,725
726,726
727,727
728,728
729,729
730,730
731,731
732,732
733,733
734,734
735,735
736,736
737,737
738,738
739,739
740,740
741,741
742,742
743,743
744,744
745,745
746,746
747,747
748,748
749,749
750,750
751,751
752,752
753,753
754,754
755,755
756,756
757,757
758,758
759,759
760,760
761,761
762,762
763,763
764,764
765,765
766,766
767,767
768,768
769,769
770,770
771,771
772,772
773,773
774,774
775,775
776,776
777,777
778,778
779,779
780,780
781,781
782,782
783,783
784,784
785,785
786,786
787,787
788,788
789,789
790,790
791,791
792,792
793,793
794,794
795,795
796,796
797,797
798,798
799,799
800,800
801,801
802,802
803,803
804,804
805,805
806,806
807,807
808,808
809,809
810,810
811,811
812,812
813,813
814,814
815,815
816,816
817,817
818,818
819,819
820,820
821,821
822,822
823,823
824,824
825,825
826,826
827,827
828,828
829,829
830,830
831,831
832,832
833,833
834,834
835,835
836,836
837,837
838,838
839,839
840,840
841,841
842,842
843,843
844,844
845,845
846,846
847,847
848,848
849,849
850,850
851,851
852,852
853,853
854,854
855,855
856,856
857,857
858,858
859,859
860,860
861,861
862,862
863,863
864,864
865,865
866,866
867,867
868,868
869,869
870,870
871,871
872,872
873,873
874,874
875,875
876,876
877,877
878,878
879,879
880,880
881,881
882,882
883,883
884,884
885,885
886,886
887,887
888,888
889,889
890,890
891,891
892,892
893,893
894,894
895,895
896,896
897,897
898,898
899,899
900,900
901,901
902,902
903,903
904,904
905,905
906,906
907,907
908,908
909,909
910,910
911,911
912,912
913,913
914,914
915,915
916,916
917,917
918,918
919,919
920,920
921,921
922,922
923,923
924,924
925,925
926,926
927,927
928,928
929,929
930,930
931,931
932,932
933,933
934,934
935,935
936,936
937,937
938,938
939,939
940,940
941,941
942,942
943,943
944,944
945,945
946,946
947,947
948,948
949,949
950,950
951,951
952,952
953,953
954,954
955,955
956,956
957,957
958,958
959,959
960,960
961,961
962,962
963,963
964,964
965,965
966,966
967,967
968,968
969,969
970,970
971,971
972,972
973,973
974,974
975,975
976,976
977,977
978,978
979,979
980,980
981,981
982,982
983,983
984,984
985,985
986,986
987,987
988,988
989,989
990,990
991,991
992,992
993,993
994,994
995,995
996,996
997,997
998,998
999,999
1000,1000
1001,1001
1002,1002
1003,1003
1004,1004
1005,1005
1006,1006
1007,1007
1008,1008
1009,1009
1010,1010
1011,1011
1012,1012
1013,1013
1014,1014
1015,1015
1016,1016
1017,1017
1018,1018
1019,1019
1020,1020
1021,1021
1022,1022
1023,1023

275,0;329,0.7209136461764135
776,0;167,0.11981384198525966
394,0;205,0.5492239388068672;533,1.245852018270589;463,0.9163556014426684;899,0.6154498681357621;526,1.3837265956795275;173,1.355362871771806;859,1.468277166436143
570,0;151,0.7632678553848911
910,0;703,0.011323415189118145
495,0;993,0.6631032985376968;752,0.5316199983298524;578,0.5553631060451849;982,0.6054238828166391
974,0;512,1.7627219238050198;978,1.2988262791480587;448,2.9994225922967983;373,3.141740237964969;643,4.144202604276194
151,0;735,0.7913291490039998
6,0;403,0.6966086908003016;558,1.3221662844935325;839,1.5299017279475222;345,3.7985412538800922;107,2.8398661091053676;893,4.444607077392839;339,1.8187834631138111;984,5.864338855510466;276,3.0531621807362157;366,4.028771710671003;565,3.626371179821405;812,3.7663606855645875;441,4.330251617322786;497,4.2785035319610545;451,4.290624499714814;197,5.854493007552433;100,4.960550471390447;135,8.020146383296343;894,5.002068163714787;30,5.894848094650863;141,5.569354103883135;443,5.676736677657114;650,7.271085214086167;600,5.996057418561294;722,10.47358618329093;808,6.022878612687917;490,6.507908096731687;187,6.377129600560247;724,6.535268029647878;573,6.844468379186527;1001,7.615291972439122;926,9.86225058328483
349,0;841,0.16579744472448604;855,0.37571940301068113
827,0;890,0.529425074370736
678,0;476,0.1151046935622002;348,0.36424938640558663
148,0;413,1.1732791202896427;479,3.5667131047583314;735,1.7603685922209327;155,1.8215568918291696;363,1.1943092867064649;846,2.830881471661609;567,3.7269839234425195
970,0;368,2.5012930418245154
391,0;212,1.9787554881708362
966,0;58,0.05203479441504671;141,1.0928476720825642;718,0.24196631564649707;151,1.2012821922661048;605,1.566745712107549;650,1.233428185496782;735,1.483591545769153;163,1.5619496399183774;1001,1.64341336461534;853,1.565168697612068;395,3.8571712622145737;919,5.860579502325896;208,2.6812808491674778;617,2.3400051841880707;952,3.866511314852744;527,4.309102713146798;27,4.637491422145893;74,5.505143620223791;918,4.746796583886999;829,7.4711411754281265;880,6.291055232520587;942,7.661810533502385
483,0;738,0.5722249220349536
535,0;853,2.1883657973044963
1007,0;875,0.6854063327598681;941,0.6582625734412416
65,0;179,0.4862468543520683
991,0;90,1.8976293205712595;249,0.23497197999704733;441,4.566679092825635;135,6.129661679566482
751,0;343,0.11329521616439185;158,0.5835506242352216;476,0.8446838890653503;250,1.2407768791251044;777,1.3665580584839079;408,2.7030808475736965;825,3.055621065749032;296,3.7457426359878747
70,0;225,0.21071536255609055;504,0.5673540299001963;342,1.7792363409073493;853,2.0523548993801137;919,3.0212818348693573;208,3.5287668972027104
650,0;163,0.522835894018065;926,0.41144188283551164;178,0.909654363002139;853,0.9783696574751697;395,1.1412417713448164;487,1.1430793639445627;919,1.7221431738886825;208,2.2010515163863698;617,1.3585888342482106;498,1.1502988981835924;195,1.5195613381820179;28,1.7251672068496422
905,0;917,0.5937172411263837;178,0.4368760623704379;708,0.13275872370066358;962,0.44257877966722564;487,0.7921445091349367;738,1.5491590793977563;982,1.1354104043103737;498,0.8259260831148179;784,1.7963527548254183;108,1.9456968696960437;834,3.968529632794542;420,2.2270165431353433;225,4.385937018626409;761,4.560109330449138;34,4.776749034080471;342,5.160716483537294;46,5.37461171336558
614,0;992,7.590391879816466;570,7.762795247601897;369,8.82818450840974;653,9.636438660909075
78,0;349,0.13202092712617186
809,0;842,2.8119719868002075
796,0;782,0.014442027002331837
451,0;171,0.5558019214870894;301,0.7454135463552354;951,0.8122468378530908
397,0;877,0.18072897969091795
152,0;389,1.6457006381294998;536,3.7616913956092093
365,0;775,0.7848136552117825;825,3.836573762758757;854,4.477381761065369;296,4.094107822541779;104,5.809252682915187;704,6.143480514720152;452,7.224640738927594
1018,0;706,0.8044809684663382;16,2.5141878181123425;455,0.07515006411350963;94,0.6086026915185209;836,2.0453893703249215;109,1.430648621301998;748,3.3797805050145526
884,0;1015,1.5842661735382864;415,1.7764598129160307
920,0;604,3.960747031287792;836,1.2256364699521358
368,0;9,0.18715941603544298;510,0.3309670824714367
77,0;115,0.6683026866057442;603,0.7657840297967904;186,1.3469339667975193;391,3.0847737184048123;64,1.9696733100477122
845,0;342,1.5833189202383973;853,3.1623617958560084;919,3.3778446706245395;617,3.8320659618781088;680,4.794020324330064;413,5.422542305872375;401,8.815833972440494;742,5.27571459830727;959,6.392139905039623;155,8.150252618631226;266,9.378195914890778
1005,0;848,1.8795683930759781
692,0;86,1.9764032592774181;536,1.26497428104664;730,2.8891223529843657;705,2.779806041573121;540,2.7888309183799107
482,0;155,0.28461828738633704
969,0;231,1.5445939979951786;200,4.065270239739093;128,6.330179063885645;686,6.484021314448629
1012,0;422,0.1906705291013266;71,3.6579874195894058
874,0;818,2.078761634353641;23,2.405499092563388;116,5.832350671804067;323,6.007206589612971
388,0;365,2.630510610957975;134,4.418639431751732;332,2.7209863826868377;63,5.844049016177262;956,5.054345393054392;429,6.5662098620809335;496,6.462822224693928;405,11.596465822300141;48,7.167875442160671;126,7.748483623841782;81,11.230793374826638;862,11.978618996363233;847,11.662589301280686
918,0;723,1.8049479735671854
397,0;877,0.42394099501092347
168,0;941,0.5010963354612409;223,1.5635818454867731;760,2.221736338140015
379,0;272,0.2184449007017332;669,0.8588607753337684
871,0;921,0.12721411188188483;801,0.9017641450959454;524,2.327533222107403
773,0;990,2.2043466705143993;56,1.64161347027884;948,2.7577177031188445
95,0;841,0.2026105094484903
6,0;403,0.5574566196266824
58,0;718,0.7215803600745702;605,2.2128179190583865
182,0;656,0.1541671248987726;940,1.721272566100376
841,0;576,1.4226212916089602
215,0;963,0.37994180838168473;359,1.5315320653880027;20,2.016222681843075;837,1.9026259997910226;133,1.934419382477181;758,2.9768164585692274;210,2.982173869775547
927,0;289,2.3894124622274044;68,4.2295906334365405;891,4.947013757172248;47,5.188222837107902;608,5.454541146013776;274,5.576131759463629;85,5.660473952492702;528,6.456857777254629;457,7.049035410969605;562,7.350783039577527;525,10.453490017927159;270,8.11342302487844;613,11.830006557862955
258,0;727,2.828683890472262;530,0.2865894300721003
328,0;822,1.204151081091486;41,0.5718698857702491;982,1.1753629717973608;981,0.8101619159600169;463,1.8592188590453134;854,2.8223235645623426;526,5.2590384202090945
1007,0;875,1.5756535097445408;702,2.1805315696950043;185,4.29292660777511;325,1.6620885786435924;972,1.8223513377124263;974,2.5805162090803724;218,2.677258224905618;1003,3.682983583879013;590,2.951532370688607;623,2.201856570385759;98,2.5101443845051397;851,5.2481091348637285;125,5.2850804192068175;599,4.024916668363776;23,5.159810841465478
514,0;384,0.01367325572436879;240,2.029521293977926;815,2.456189303647909;424,2.931533065992901;415,2.825494155173551
752,0;982,0.7880269162854036
319,0;558,0.6690865303476365;107,2.0683070222359596;276,2.1118917291903143;565,3.8052601720864283
893,0;935,0.7384040800676345;30,0.38727710620852396;490,1.0258648025088584;430,3.133845191206679;410,3.3384619709478414
867,0;701,0.3050238620657272;518,0.9834809858727226;28,0.7025170669351719
612,0;788,1.1888739213213362;957,1.3040827679496332;982,1.47050539862693
401,0;266,0.005832753292208087
250,0;777,0.8721337239481025
41,0;981,0.7269501654059419;343,0.4668397905605219;903,1.3472339256174217;569,1.0243912150845094;702,2.505652887072128;813,1.370035556480856;590,3.241292352738183;98,3.2801041867720357;599,3.380625770475846;714,3.6932838123012304;281,3.6634272759507303;723,4.317602748505659
976,0;294,1.0893348673710044;721,3.9805118319711537
247,0;551,3.0380556222445927;641,3.877231122578828
0,0;194,0.971965319434374;542,1.869866117348971;107,2.232578380069652;915,4.123757065098747;984,3.2209696280770457;115,4.024881653096793;808,4.070867842845694;342,6.893694685879156;187,4.476370257693951;766,4.270806101842927
200,0;941,0.051984708867779846
286,0;129,1.2674191059873103;116,0.10440136152043317;323,0.622692839037051;222,1.3655478353765569
442,0;106,3.7558245150018283
702,0;1003,1.649566907710184;590,0.1854328350122478;98,0.615843817793134;914,0.6771292686297405;496,1.3881334069618516;946,2.9216754819026787;353,2.5455899894945055;866,3.707732819210551
873,0;360,0.25586118964225724
949,0;744,1.5770400058040073
201,0;443,0.14237568122814176;72,1.2821950661795556;984,2.1978845541003205;115,4.264013398013199;808,4.898285613076567;342,4.396825544670513
667,0;955,1.715000631567783
315,0;340,2.7420106539182103;632,5.885614898964106
667,0;955,2.003883294804141
395,0;952,0.7237766274661138;27,1.6591469728751111;941,1.420922392635949;223,1.7201661382721039;918,1.7759278939210383;20,2.1951154732918132
656,0;53,1.0517270334580717;74,1.9521178935733434;354,2.3609120119178435;880,2.294963371012654;733,2.3328071766466953
340,0;805,0.10014514221845106;632,0.31456331383519925
773,0;789,0.07808798943499796;56,1.458548854541724;311,1.725845950931902
161,0;96,1.0129136238041339
218,0;851,0.8877751861028664;125,0.8053473622215463
214,0;558,0.24252774905538466
619,0;277,0.3296474915082946;168,0.6557855236630333;941,1.597372672816651;223,1.9626383699522365;760,2.0998212872472846;925,2.940824318241617;1021,3.290219514545809;535,3.4519949124300995
981,0;569,0.6112305355995452;702,0.6793412062290628;813,3.2383491327733034;1003,0.9583278985530419;590,0.776711498791385;599,2.514060643420753;281,3.409084913352189
900,0;270,0.3151234663478547
405,0;847,0.0662272978146827;1023,0.7343091997202701;626,0.9626513007668484;61,0.8639466736555138;985,1.3928148101570472
1008,0;681,0.5901634417976406;217,1.3059121006973486
475,0;541,0.9409628557690753;449,1.1589676389117822
918,0;20,0.0825063342967082
844,0;430,0.970750842852157;794,1.3971173471754144;451,2.365437399664542;100,3.2969560808947342
249,0;310,0.02582923473162603
497,0;197,0.9607428923200556;600,2.857262388745215;722,2.3283769728201955
974,0;978,1.602873402817796
443,0;72,0.9157343900105719;984,0.4193978726719314;808,0.8845881424719704;187,2.639564716078013;944,1.5849972660345597;239,1.9208639289004736;590,3.7583501355077877;724,3.2988546884569114;599,4.9107151762102035;281,6.456005571267471
468,0;631,2.0709831488437156;800,1.336951753377815;216,2.199230998970507
290,0;714,0.14803897203697433
84,0;309,2.959073779512649;895,1.4754567031555046
334,0;916,0.9356557920580955;836,1.765013402645328;772,1.41657223724158;241,1.6303037648752778;703,2.336851822804256
379,0;272,2.976719432600858;669,1.9994477583102246;485,3.525774924998106;620,8.172910097234526;934,8.372274652841996;258,9.323878276077028;727,9.644056128506977;530,9.503645897369001;63,10.073999080523944;433,10.303709486150693;405,10.490302119131593;847,11.87140751831059
616,0;441,0.0019581233698148935
476,0;802,1.9361171656941565;895,2.016264832410374;348,0.1885311233000783;250,0.01699658094759616;777,0.30448024296016485;461,0.3150208315525162;408,1.1895160951900263
335,0;470,0.4208718480543655
1008,0;681,0.7680696222547265;217,1.4868869003282323;192,1.5338982761880193;987,3.2277830011769097;932,1.8083324469616504;705,5.317801353702643
382,0;927,0.7662634072683292;289,1.4402598765035757;789,4.696657132302548;327,1.4863990185515934;782,1.6010771861361177
643,0;812,0.03701750053410161;219,2.2039808194357775;880,2.547952352142904;733,3.2412079933785036;161,3.485302826739329;96,3.8559668502208573;572,5.417241183866485;307,5.991784807593136;264,6.497518502475271;128,8.285212345811145;160,8.431052730253786;686,8.419934694503393
342,0;853,1.0117753780285452;919,1.6671282182228786;314,2.083277273347453;617,2.901932823307456;28,3.703711903987047
62,0;656,0.01127779438336868;53,2.405456994036009;729,0.7688357551242402
498,0;784,0.27560369226708004;834,1.2086934242708454;761,2.4717115706077393
16,0;742,0.6678806592651724
324,0;458,0.8404614931203181;927,1.2148057839680309;74,2.2509010853586053;289,3.342824111931722;68,4.587756837799057;327,3.5013412380061926;719,5.453141057120622;891,5.086410320633453;413,5.9483996827705665;479,6.332116029108708;959,6.571095696063189;363,6.365734024442355
878,0;1008,3.6028752367851413;681,3.7884839847638023;217,4.170393955321342;192,7.229149449244794;987,7.307116660744352;462,8.407477021638552
123,0;546,0.7072442831891641;334,0.31680788077535926;121,0.20685123286358884
286,0;133,0.6814434660632961
122,0;493,2.4034264581187834;683,3.8527522197881714
718,0;605,0.6198177682500394
286,0;129,0.01880249656195528;116,0.04214595370866042;222,0.15807832769518654;672,0.7358385779882888;531,1.5910868774742017;533,7.788544825881597
180,0;820,1.0872719310064203;6,2.4921991420519083;403,3.2887255922314464;901,3.836143185417421;565,5.2510779870654805
185,0;23,0.0703836626216484
164,0;686,0.1880055639118779
346,0;861,4.273254080566868
767,0;812,0.7090366090877523;219,0.9786612037002442;826,1.2849436922979445;278,1.2848413635890013;880,2.757431078149934;134,1.4794681103317335;63,1.5245100311807556;429,1.9334224778487035;270,1.5017286588423393;48,2.7141870266851162;126,3.2432745979905606;513,2.8441069155910395;934,5.010720889903066;81,4.587714049501118;258,6.32813367749569;467,6.633297740129493;727,6.34824614070985;530,9.39415349360544;433,7.57694037100112;279,7.676997795831796;661,8.91479477333177;679,7.720912485468481;780,8.288163535316073;470,8.127773940642857
327,0;57,1.0906225409073291;782,0.2169477755984478;254,1.899536879613685;685,4.044732765883795
329,0;858,0.5670043776556679
925,0;1014,1.310344167996738;322,2.0925763855707626;204,6.397453595737838;330,6.829630340684689;642,7.330751799356078;622,8.373001785267903;370,8.288641969495592
539,0;297,0.10120107554669472;955,0.8212761276006848;597,0.5148659482174767
743,0;574,0.9397716605009123;302,1.424820690861634
525,0;782,0.16140381730131456
703,0;880,0.09945605571460706;733,0.12442824525603043;161,1.0230056648166663
994,0;215,0.6803491630953638
521,0;546,2.0148104066990307
985,0;500,1.2253279943136017
1021,0;535,1.0143750377856218;231,3.171955936169289;853,1.5450196756591819;919,2.99480898121676;314,2.5880655173427956;208,4.253639664625365;617,2.1203379406395033;200,4.915677198129853;941,5.322186870845287
674,0;265,1.530492638818416;250,0.2286680595816072;285,0.11956161945174085;462,2.189424791055218;580,2.8334539456285692;559,4.350784058598801;667,3.290237415815736;811,4.856337633308237;651,4.733435049439683;534,5.291401917884258;1022,4.870830638115152;577,5.014623853213929;153,6.339656338323947
898,0;173,0.19955363723589
785,0;806,0.6653699729166173;85,1.3605492032004545;528,1.6078204485676222;457,3.3810979349946657;21,2.336276535622071;549,3.317007524173864;461,2.4516010020024566;562,3.4434919975953506;99,3.6413351728673873;270,3.6983422474309147;613,3.583407219604453;797,4.987311066737685;215,5.532095816326448;961,5.1881208355021196;361,5.245039729398777;963,5.589864490731589;359,9.19403935827038;240,8.584529983847094;20,11.476289099174855;837,9.218487220913719;133,10.214850979891718;758,9.546833832762072
661,0;270,0.053222917244137066
911,0;530,3.6088847724195863
810,0;397,1.5827574399939481;877,2.7023887924906633;909,2.7238273169718745
929,0;919,0.7063365646377043
182,0;79,0.25642561589713103;656,1.2997257926826429;358,2.0961699572784624;815,2.123208321037975;540,3.040323367511655;415,2.1662753296571267
848,0;356,1.7347945889999496;350,0.11433402867645673;542,0.46813183765481303;107,0.8567336876808895;915,0.6503246123632305;984,1.658702814924327;605,1.0028202058077837;366,1.4665069645073063;115,1.8823050760054123;808,3.531221226304155;788,2.2137787801451596;342,2.3664527614951223;1017,4.724204042381636;982,3.405183325128012;853,2.59148988458713;314,5.788727845609308;187,3.6908998103541726;449,3.879368710008513;957,5.6352358870073065
93,0;496,0.4216358516213524;353,1.4859770679961328
19,0;117,1.6407251282346456;997,1.9187831202291938
552,0;944,1.0372554416437298;239,2.3352619969639408;678,2.780897118192412
152,0;978,2.474519908380475;389,1.5420492337134355;793,6.065870395902121;801,6.088588185394135
126,0;81,1.8178406780066412;525,3.4118150186764358
0,0;794,1.1444273754753351;194,2.315730671643261;451,1.394336533044848;100,5.382702790606853
45,0;343,0.15684835928320115;903,5.453499271736617;973,5.86209773929918;800,6.897632994181801
616,0;847,1.2706255714965462;1023,3.325138418380323;626,5.788998495784888;61,3.57019531338403;985,4.347308443699884
701,0;165,1.3545549071445149;68,0.036676304093537074;719,2.2055264284065035
480,0;720,0.6673723612756778
671,0;82,0.10622726106950324;889,1.3309270044399972;811,1.2096603634793095;476,2.6945954316176848;16,2.956230901695947;348,2.908409279849886;461,3.154282057088343;630,3.2990071268560572
573,0;422,1.2560740518332671
124,0;534,0.3066994924848095
369,0;955,1.7023265748128953;653,1.5942488322983164;39,4.549068228396162
762,0;271,1.6592257176864156
558,0;345,0.5482452248166453
271,0;611,0.5255897004230122;527,3.4514854768334415;711,1.3520115564859818;985,1.7877350548328943;540,1.6702103070482892;500,2.5088183234864534;776,6.6600629642419245;167,7.7910965872023255;850,8.202585321759065;622,9.37286399856361
93,0;964,0.09072531353028103
987,0;705,0.37074213649987786
313,0;6,9.38053922473244;558,10.154608244657858;345,12.53630080358109;497,13.857010527043833
736,0;316,1.0416601104206151;704,0.2234486351425068;878,2.649068952836731
655,0;661,1.1253439302525379;1020,2.854539370945508;270,2.168014330709868;773,3.2299116454606773;720,3.016648241576837;877,3.886607669430923;789,3.262558697039088;990,3.7489850870426684;56,4.122222020203445;909,5.968823149107656;261,4.170894722939505
204,0;526,0.4937759982162007;382,0.9841838560175962;927,1.6956653676679263;74,2.005766370961722;68,2.226717655788156;354,2.0344495933552884;880,3.070164743385147;480,2.377608761051152;566,3.5068990004995495;214,2.3298547635195876;719,2.6067616011079258;891,2.3224798853444035;47,2.3632559393630275;608,2.923248327793903;720,5.74998116961663;413,3.666596775754038;317,5.749349319874189;479,5.808001287459358;735,3.8243653293446265;877,6.6347074588889985;909,7.930334590231189
543,0;674,0.41143832936681934;250,2.1714339253978956;285,1.1102893451722504
496,0;353,1.1082466335472008
469,0;862,3.317128697602698
144,0;644,1.482121722497914
571,0;224,1.0416140778241703
346,0;861,0.8569501381607497
124,0;761,0.7633248288802373;534,1.194916819161306
623,0;937,0.683922765821958
340,0;632,0.414573696466446
317,0;462,0.8815509037481359
274,0;85,0.015766561667918164
582,0;286,2.210848966059093;129,2.738024715910653;116,3.449514247379563;222,3.686144464919982;323,3.8372437540136737;371,3.8086520974372657;993,4.262657371494284;75,5.132438544138319;668,4.372464615081155
672,0;203,1.8896780455425604
343,0;903,0.7690105670743153;973,1.8996771070107432;800,5.432370883710476;216,6.5385098670103
929,0;919,2.32199789973357;884,0.09368979497753603;988,0.46544212886884706;1015,1.5549198042664143;218,3.3212185669340637;125,3.390093004395449
94,0;836,0.0841740881024773;642,0.8973906231686671;315,1.3834531604028784;370,1.1816526660627682;340,1.4529062621796014;632,2.3952768398662987
563,0;516,1.9928839072249487
396,0;625,2.7076231817570218;496,2.827075681179074;353,4.05703698859737
265,0;462,1.996751812521294
413,0;479,1.6939526080157568;959,0.07521395687450273;735,0.38707325328181613;155,0.5955603906991997;363,0.15725915936986753;846,1.416709191851636;567,2.180817109122287;584,4.588917492326926;491,6.720698486711475;1012,7.761906571608942;160,8.68727428684829;822,10.293558016880139;720,12.723833374476431;877,13.135077170511638;261,13.382173283722517;853,14.33562935915911;919,14.902656084524976;314,15.425521994370287;208,14.659635095064637;617,14.817694535927155;680,16.687402371251085;401,16.888001790949836;742,19.286193756742264;891,19.441089846164544;47,25.511219249753466
586,0;797,0.620374198980082;961,1.4519520856023105;361,1.583921902170528
444,0;372,0.18333300698090202
789,0;173,0.9576979309625956
279,0;679,6.938016273097503;780,7.037248523341655;470,10.289674576366764
697,0;325,1.0002203425724707;426,1.7140468666909037;972,3.4620506184233166;974,4.702637276994688;218,3.6576093476707245;851,5.454336536368986;125,3.7363552894133534;512,8.106594956240063;190,8.733342647559503
342,0;853,0.2210782513602976;617,1.108611944840156;680,2.557305087718965;413,3.548959167782043;959,3.5747305212704252;155,3.8183137130941236;363,3.761656529463516
607,0;534,3.54383694221096
797,0;961,0.7139179708898806
833,0;971,0.009978490705931821;585,2.4080035176856898;933,0.24788953624323998
673,0;1012,0.21411963855980476;912,0.6427151219193501;422,1.5668752491149034;285,1.160153454499627
707,0;940,1.1474546698731696
916,0;971,2.245092938466101
186,0;391,0.5966737941570861;64,1.0090050776111241;212,0.7943756963692006;364,0.6637418107548798;227,0.8242230697040258;556,2.416756032635363;983,3.1665183575859976;573,7.574447451804522;650,3.522961510261358;178,4.676319056358986;487,4.909509001807346;498,5.911162771795865;195,5.2091092687109475
26,0;830,1.64805732905206
128,0;686,1.015895446541545
762,0;271,0.5325818029545109
642,0;946,0.29952084047589744;622,5.74659299996126;370,1.791972764338296;571,1.5503220147997538;866,0.34826484130741514;224,2.061310451979145
479,0;206,0.6602702361660807
118,0;856,1.8873013490255337;1018,1.8928628351578125;706,1.9388364623998622;16,4.170379015013034;220,2.5304501066731104;742,4.409571334829659;891,4.492122113100288
882,0;762,0.929399674079343
41,0;416,0.19688417996083407;343,1.0187062396983861
648,0;867,1.8811396771488402;379,3.695440248901909;649,3.1516857839089676;694,3.848333489987776;864,4.565270040759078;680,4.145855401621752;272,3.726589012876087;669,5.071190778862405;485,4.990675417696503;256,4.635190275682305;413,4.36648690680701;401,5.908450583034332;742,4.201112211662322;959,5.372366940498164;155,4.602832620146384;846,5.474366195451247;620,5.0929656832363746;58,6.309310350329149;450,5.178298132674265;588,8.950644368903061;934,6.197153638501631;296,5.409690790408016;384,5.54211765013072;567,5.953128031902534;240,5.608053377106559;815,6.551950187351517;258,6.726776269597024;467,6.469519077226812;718,6.4346287293550635;605,6.5719242061955825;540,6.713733583970822;886,7.14121051119378;530,8.87505422830979
512,0;448,1.047902546290935;190,2.0340533306955;369,2.4236967164297134
480,0;277,0.6804947839831145;576,3.122112161718193
229,0;787,0.2736766173460643;839,0.8445274676689559;871,2.2924254711086878;893,2.47177970795312;98,2.2067131723219022;339,2.9631793462807745;914,2.421952689051008;362,4.494623588461897;496,2.974676475607364;946,3.1061075080731557;146,2.894387381650961;331,3.3083833691065414;143,3.1948919111482734;113,4.257926049117026;353,3.03013261968409;104,4.808754190900121;571,3.796508084613089;335,4.750405420365038;624,3.627898793939165;742,3.6271805225707734;891,4.320779484931976;172,4.097611497523516;824,3.9010508475488046;594,3.801965511902589;274,4.038144266849139;469,4.728746231153447;408,4.642521445876511;372,4.609363481706668;85,5.366844596441393;760,5.886959489991981;47,4.979729343769094;825,5.337993696240812;862,4.899765618503857;470,4.80431528576958;704,5.317662318817053;296,5.701134921909491;920,8.019221183466318
917,0;982,0.7225548662335362
729,0;915,4.623205797339467;766,5.120493149786622;843,6.19331255416962;858,6.556820363581999;719,6.986514847471205;924,6.348218989364826
339,0;113,0.14098836537049514;105,1.137857115581384;50,0.7170041271663561;550,1.775514600352214
938,0;633,1.789753428520465;661,0.37884773119750903;78,0.7958975644296045;1020,1.9909348996077365;702,4.181776906170735;1003,4.247743677356342;590,5.258219718865924;623,7.30727878547689;599,6.2774685618534765;281,6.534600582055419
700,0;324,1.408273269438051;462,1.6715870199286798;458,1.582963595852521;927,2.1663899357316896;74,2.644581504129941;354,3.647478787672671;880,2.7456784488518835;733,2.75305456091796;566,4.34420695822731
388,0;365,1.2286297208463859;775,2.6156527254637547
338,0;505,1.9510521966166259
840,0;411,0.027999250621669556;158,0.8463481421312408;338,1.1889388749363279;684,1.3632844268466948;848,1.0607087429499795;505,2.2086920922482776;643,1.3482374479709738;812,1.6674940362092572;339,2.1404888494689662;828,2.8837079584626695;677,2.2403962657506;143,3.167401016600241;113,3.566414443284214;463,2.5295958798438916;248,2.3266312262654965;354,2.626716782156944;246,4.185874682513061;526,2.8086465520832915;173,2.612552515223465;859,2.6390722368406414;77,2.8353898229460093;647,3.709670360817562;651,2.9825888440935224;688,5.519250716392116;603,4.482721727937103;642,4.494507721060079;897,4.764148135014329;335,3.4605129932121796;760,4.33742289015756;50,4.745686542394927;476,4.614123408797346;920,5.97644321828983;186,4.508006455157114;315,9.946712417470676;622,4.498197590560415;370,4.859441267728437;391,4.818286435700771;64,4.940429292557756;250,5.110047900502432;364,5.878045191879157;84,6.220678483275718;556,6.192010610870397;604,8.135843488781843;51,7.6776754320619585;617,6.880939083753406;309,6.311796884490566;28,7.158590064271527;680,8.167575224395101;413,9.484666560008806;735,10.555578653150432
169,0;955,0.17400076834978748
706,0;220,0.5787394817287979;525,2.0414313004749474;831,2.1698851012973757;532,0.5816804019826979
257,0;24,0.34811331821192293
554,0;973,1.5814766224386458;135,0.46618435265495367;749,3.1360559175267575;344,3.417016688073366;408,3.721440370205116;687,5.637664568935795;825,3.739929700665798;296,3.947942359396724;439,6.919861269101546
580,0;559,0.25730665958287313
448,0;272,0.94667114066027
947,0;972,3.6326742152145894;139,0.5761863385185776;974,3.990304596505461;218,4.5194698597691865;978,4.287253916938732;125,5.121479970229047
850,0;622,0.5896817911392536
347,0;578,1.3317909369348608;373,0.0013785462336203093;643,1.2895141358757791;339,1.3067443287260672;143,2.1999049636688586;113,1.3210856642924853;760,4.84877232782443;105,1.5257206234948968;50,1.6877135203128069;742,2.3408290642113867;891,3.944550580603737;47,7.890819364425491
946,0;571,4.414480122832941;224,4.482900627052093
677,0;602,0.16149589175767065;722,0.2862566666717731
983,0;573,0.013306061748846125
465,0;207,4.5484028184429635;424,1.0540515377788138
60,0;23,0.7295995651889415
523,0;157,0.1749414867919371
552,0;944,1.4970533719550088
842,0;395,1.1628207970618953;527,2.188113754417821
358,0;815,0.20179569348022972;415,1.6116065195269675
1018,0;16,5.15637256344712
418,0;948,0.2969146212341696
531,0;966,0.016739547228387955
633,0;702,0.3730029086803153;1003,0.7939144413502689
694,0;256,0.4704497566834233
498,0;784,0.3090613365288057
236,0;88,0.1522177364787278;77,2.2402537810757446;115,2.7453567512338592;603,6.2762171127577355;342,2.8091154082728207;186,7.944828704354473;391,8.555339462967993
1023,0;626,0.5042540432415887;61,0.2577142886584871
248,0;486,0.23635277578326125;354,1.3335230035074501;763,0.5798322408122083;296,1.0551051027869147;480,7.590599966251189;566,1.442186935606893;842,2.5286513263414303;214,4.112806027482376;395,2.8067392298435387;952,2.912210624420679;527,4.458571991832697;776,4.786219080734475
230,0;75,0.060691497256136644
929,0;884,1.5571501496238238;988,0.34297670341202346;266,1.4306745448730431;1015,1.7573043107922652;415,2.0796819692529835
223,0;760,1.421384866796377;920,5.504171804398608;604,6.402792913499915;836,5.803719856744294
693,0;796,0.695533457079334;782,1.0919767009433454
457,0;576,1.481343431103488;525,0.3949270052361004;782,0.6279825177807117;560,1.768557879047231
324,0;458,0.7218084165727552;927,3.7746519697797325;74,4.358971372441279;289,4.324022817216955;789,4.581059953106712;327,5.133482369957581;68,4.413276541413998;354,4.890783246671283;173,8.215204013751498;842,5.553878765083172;214,6.152363335326008;57,7.551974730226018;254,7.942106203658268;859,10.27260504556673;647,12.66961986141763;801,12.727083164145027;477,13.00114488084051;689,13.39271968743243;237,14.144305643147945;901,13.685670848792514;282,16.22726485886284
317,0;462,0.26594074630224945
14,0;659,1.2510328096464902;284,1.5019877163308057
497,0;197,0.5665511920337568;722,1.9138428036862725
455,0;94,1.8571946847198828;275,0.6551825951863595;329,2.959057102292758;393,1.105236432237462
392,0;423,1.1008786007493558
951,0;476,1.1561196210317453;895,1.3574940058146447;250,1.2502992266204935
512,0;190,2.7915662060238313;369,3.2631898823784224;955,3.5932022280950724
519,0;179,1.2316147334377552
26,0;830,1.5421033190986642;76,2.778926681133979
539,0;843,1.0657281240385883;297,0.11304656269195879;955,0.12306803170752255;597,1.2502036041302171;858,1.5831287547709985;719,1.6281877747905185
358,0;815,0.08739287642245747;540,1.2082993859989883;415,0.28456600790138
773,0;789,0.216544884816503;56,0.1260605816254311;173,1.011965573841519;859,2.2137849737369146
778,0;640,0.03881285984444897
41,0;416,0.16820634230941073;981,0.459936439235273;463,0.5719134485105445;569,2.750182030610045;246,1.9203359988236568;702,4.118280332209003
389,0;793,0.5839462132476346
1023,0;61,1.921329323260136;985,3.5244949869755846;500,3.887842191339409;150,4.2746047723859135;876,4.715085076820522
963,0;359,0.10518251487147627;240,0.3935942631568885;133,3.882901871042943
399,0;792,0.2753468506851753;642,2.331196734035185;622,2.572997121865035
1020,0;720,2.112483065131069;877,2.299415461030679;909,2.36138894989775
498,0;784,1.2211730533792111;834,1.8444434478373135;761,2.125821878030133
939,0;700,2.4828503517440685
498,0;784,1.576726856256483
999,0;533,1.5117703318666569
767,0;506,0.1967557221925117;68,0.39727523482814164;42,0.514888649325038;324,1.3636797381180101;779,4.246281235292115
991,0;249,2.0019626549204603;310,2.429408395333335;893,2.684378986273658
254,0;685,0.810069700298266;521,0.8209081712803575;546,3.409764948622013
465,0;207,1.6782638237805134
400,0;950,0.0018451451725558404;74,0.5926355857799924;68,0.7647988871703634;354,0.768966471431855;880,2.195014824397626;719,1.2704257576533444;480,3.5882056245748437;566,0.9285108776014199;842,0.9328998264036746;214,2.206600295127766;395,3.6464532151544735;413,2.1714397014796427;479,2.7591079826838394;363,2.678811058943951;720,3.7522013179057536;877,4.350567345506653;909,4.736424214334319;261,6.093844180122626;353,4.865958634042315;104,8.864481655814757;853,6.941037786367495;919,8.042774339297448;314,7.088262577599965
951,0;476,0.2561136052200163;802,1.6006197720907533;348,0.3090977702061703;461,2.827603383449258;984,2.132215611453638
906,0;32,1.0513890895733413;949,3.714416042310618;744,3.867344534003669
1005,0;848,1.1282539222348185;756,2.3780207310428247;712,2.690460605277032;92,2.8487570178272974;93,3.2610735901933396;964,8.113908400726928;750,3.323754630595692
672,0;203,0.32848632901625324
509,0;698,0.9726430461155969
333,0;993,0.35413167216379426
1004,0;960,1.2453894494338442;945,1.8186416894044886
182,0;79,0.5695717823586763;940,0.5577992165422316
1007,0;941,1.1882815238903923
351,0;886,0.18225223021555995
451,0;171,0.08604570721274526;301,0.1461676032635219;951,0.1235368820058658;476,1.2024270625832563;472,9.085809661664973;802,1.3342567366194553;895,1.5840362389266691;250,1.503031787933299;600,9.72743096351818
805,0;63,0.17222630964702368;48,1.7846797045455163
111,0;411,5.9417321001008565;819,2.3157258226053337;847,2.322274572369261;1023,7.172875681468044;158,6.445286909559826;338,6.666197077955451;684,7.88714851212908;848,6.9818895376866035;643,8.504548872543825;356,8.6338351966612;756,7.387599342433487;626,7.201856278271325;388,7.222330715278784;712,8.735728256598371;373,8.035546369537526;581,8.27384877941977;240,9.369761148686997;339,11.592274062709695;788,8.643017675827375;957,9.214423913792906;1017,14.823360620613041;982,8.881963552120846;82,9.061644853695757;811,9.854404413558079;476,9.10267163670287;802,9.917285107260097;348,10.805890902334761;250,9.31238356138234;815,10.489648840969961;424,9.754882898076584;1022,14.304596967822498;415,12.196172092733418;886,11.80436691019399;461,11.576935936519677;143,11.861895986835846;624,13.090330246964964;742,12.310104133089114;891,13.249202980101327
161,0;96,0.694594814465638;640,1.6947089269249778;572,4.040626805846301;307,4.645692036398303;297,5.275017321622906;264,4.8505586216465755;597,5.914188538564652
