0,0
1,1
2,2
3,3
4,4
5,5
6,6
7,7
8,8
9,9
10,10
11,11
12,12
13,13
14,14
15,15
16,16
17,17
18,18
19,19
20,20
21,21
22,22
23,23
24,24
25,25
26,26
27,27
28,28
29,29
30,30
31,31
32,32
33,33
34,34
35,35
36,36
37,37
38,38
39,39
40,40
41,41
42,42
43,43
44,44
45,45
46,46
47,47
48,48
49,49
50,50
51,51
52,52
53,53
54,54
55,55
56,56
57,57
58,58
59,59
60,60
61,61
62,62
63,63
64,64
65,65
66,66
67,67
68,68
69,69
70,70
71,71
72,72
73,73
74,74
75,75
76,76
77,77
78,78
79,79
80,80
81,81
82,82
83,83
84,84
85,85
86,86
87,87
88,88
89,89
90,90
91,91
92,92
93,93
94,94
95,95
96,96
97,97
98,98
99,99
100,100
101,101
102,102
103,103
104,104
105,105
106,106
107,107
108,108
109,109
110,110
111,111
112,112
113,113
114,114
115,115
116,116
117,117
118,118
119,119
120,120
121,121
122,122
123,123
124,124
125,125
126,126
127,127
128,128
129,129
130,130
131,131
132,132
133,133
134,134
135,135
136,136
137,137
138,138
139,139
140,140
141,141
142,142
143,143
144,144
145,145
146,146
147,147
148,148
149,149
150,150
151,151
152,152
153,153
154,154
155,155
156,156
157,157
158,158
159,159
160,160
161,161
162,162
163,163
164,164
165,165
166,166
167,167
168,168
169,169
170,170
171,171
172,172
173,173
174,174
175,175
176,176
177,177
178,178
179,179
180,180
181,181
182,182
183,183
184,184
185,185
186,186
187,187
188,188
189,189
190,190
191,191
192,192
193,193
194,194
195,195
196,196
197,197
198,198
199,199
200,200
201,201
202,202
203,203
204,204
205,205
206,206
207,207
208,208
209,209
210,210
211,211
212,212
213,213
214,214
215,215
216,216
217,217
218,218
219,219
220,220
221,221
222,222
223,223
224,224
225,225
226,226
227,227
228,228
229,229
230,230
231,231
232,232
233,233
234,234
235,235
236,236
237,237
238,238
239,239
240,240
241,241
242,242
243,243
244,244
245,245
246,246
247,247
248,248
249,249
250,250
251,251
252,252
253,253
254,254
255,255
256,256
257,257
258,258
259,259
260,260
261,261
262,262
263,263
264,264
265,265
266,266
267,267
268,268
269,269
270,270
271,271
272,272
273,273
274,274
275,275
276,276
277,277
278,278
279,279
280,280
281,281
282,282
283,283
284,284
285,285
286,286
287,287
288,288
289,289
290,290
291,291
292,292
293,293
294,294
295,295
296,296
297,297
298,298
299,299
300,300
301,301
302,302
303,303
304,304
305,305
306,306
307,307
308,308
309,309
310,310
311,311
312,312
313,313
314,314
315,315
316,316
317,317
318,318
319,319
320,320
321,321
322,322
323,323
324,324
325,325
326,326
327,327
328,328
329,329
330,330
331,331
332,332
333,333
334,334
335,335
336,336
337,337
338,338
339,339
340,340
341,341
342,342
343,343
344,344
345,345
346,346
347,347
348,348
349,349
350,350
351,351
352,352
353,353
354,354
355,355
356,356
357,357
358,358
359,359
360,360
361,361
362,362
363,363
364,364
365,365
366,366
367,367
368,368
369,369
370,370
371,371
372,372
373,373
374,374
375,375
376,376
377,377
378,378
379,379
380,380
381,381
382,382
383,383
384,384
385,385
386,386
387,387
388,388
389,389
390,390
391,391
392,392
393,393
394,394
395,395
396,396
397,397
398,398
399,399
400,400
401,401
402,402
403,403
404,404
405,405
406,406
407,407
408,408
409,409
410,410
411,411
412,412
413,413
414,414
415,415
416,416
417,417
418,418
419,419
420,420
421,421
422,422
423,423
424,424
425,425
426,426
427,427
428,428
429,429
430,430
431,431
432,432
433,433
434,434
435,435
436,436
437,437
438,438
439,439
440,440
441,441
442,442
443,443
444,444
445,445
446,446
447,447
448,448
449,449
450,450
451,451
452,452
453,453
454,454
455,455
456,456
457,457
458,458
459,459
460,460
461,461
462,462
463,463
464,464
465,465
466,466
467,467
468,468
469,469
470,470
471,471
472,472
473,473
474,474
475,475
476,476
477,477
478,478
479,479
480,480
481,481
482,482
483,483
484,484
485,485
486,486
487,487
488,488
489,489
490,490
491,491
492,492
493,493
494,494
495,495
496,496
497,497
498,498
499,499
500,500
501,501
502,502
503,503
504,504
505,505
506,506
507,507
508,508
509,509
510,510
511,511
512,512
513,513
514,514
515,515
516,516
517,517
518,518
519,519
520,520
521,521
522,522
523,523
524,524
525,525
526,526
527,527
528,528
529,529
530,530
531,531
532,532
533,533
534,534
535,535
536,536
537,537
538,538
539,539
540,540
541,541
542,542
543,543
544,544
545,545
546,546
547,547
548,548
549,549
550,550
551,551
552,552
553,553
554,554
555,555
556,556
557,557
558,558
559,559
560,560
561,561
562,562
563,563
564,564
565,565
566,566
567,567
568,568
569,569
570,570
571,571
572,572
573,573
574,574
575,575
576,576
577,577
578,578
579,579
580,580
581,581
582,582
583,583
584,584
585,585
586,586
587,587
588,588
589,589
590,590
591,591
592,592
593,593
594,594
595,595
596,596
597,597
598,598
599,599
600,600
601,601
602,602
603,603
604,604
605,605
606,606
607,607
608,608
609,609
610,610
611,611
612,612
613,613
614,614
615,615
616,616
617,617
618,618
619,619
620,620
621,621
622,622
623,623
624,624
625,625
626,626
627,627
628,628
629,629
630,630
631,631
632,632
633,633
634,634
635,635
636,636
637,637
638,638
639,639
640,640
641,641
642,642
643,643
644,644
645,645
646,646
647,647
648,648
649,649
650,650
651,651
652,652
653,653
654,654
655,655
656,656
657,657
658,658
659,659
660,660
661,661
662,662
663,663
664,664
665,665
666,666
667,667
668,668
669,669
670,670
671,671
672,672
673,673
674,674
675,675
676,676
677,677
678,678
679,679
680,680
681,681
682,682
683,683
684,684
685,685
686,686
687,687
688,688
689,689
690,690
691,691
692,692
693,693
694,694
695,695
696,696
697,697
698,698
699,699
700,700
701,701
702,702
703,703
704,704
705,705
706,706
707,707
708,708
709,709
710,710
711,711
712,712
713,713
714,714
715,715
716,716
717,717
718,718
719,719
720,720
721,721
722,722
723,723
724,724
725,725
726,726
727,727
728,728
729,729
730,730
731,731
732,732
733,733
734,734
735,735
736,736
737,737
738,738
739,739
740,740
741,741
742,742
743,743
744,744
745,745
746,746
747,747
748,748
749,749
750,750
751,751
752,752
753,753
754,754
755,755
756,756
757,757
758,758
759,759
760,760
761,761
762,762
763,763
764,764
765,765
766,766
767,767
768,768
769,769
770,770
771,771
772,772
773,773
774,774
775,775
776,776
777,777
778,778
779,779
780,780
781,781
782,782
783,783
784,784
785,785
786,786
787,787
788,788
789,789
790,790
791,791
792,792
793,793
794,794
795,795
796,796
797,797
798,798
799,799
800,800
801,801
802,802
803,803
804,804
805,805
806,806
807,807
808,808
809,809
810,810
811,811
812,812
813,813
814,814
815,815
816,816
817,817
818,818
819,819
820,820
821,821
822,822
823,823
824,824
825,825
826,826
827,827
828,828
829,829
830,830
831,831
832,832
833,833
834,834
835,835
836,836
837,837
838,838
839,839
840,840
841,841
842,842
843,843
844,844
845,845
846,846
847,847
848,848
849,849
850,850
851,851
852,852
853,853
854,854
855,855
856,856
857,857
858,858
859,859
860,860
861,861
862,862
863,863
864,864
865,865
866,866
867,867
868,868
869,869
870,870
871,871
872,872
873,873
874,874
875,875
876,876
877,877
878,878
879,879
880,880
881,881
882,882
883,883
884,884
885,885
886,886
887,887
888,888
889,889
890,890
891,891
892,892
893,893
894,894
895,895
896,896
897,897
898,898
899,899
900,900
901,901
902,902
903,903
904,904
905,905
906,906
907,907
908,908
909,909
910,910
911,911
912,912
913,913
914,914
915,915
916,916
917,917
918,918
919,919
920,920
921,921
922,922
923,923
924,924
925,925
926,926
927,927
928,928
929,929
930,930
931,931
932,932
933,933
934,934
935,935
936,936
937,937
938,938
939,939
940,940
941,941
942,942
943,943
944,944
945,945
946,946
947,947
948,948
949,949
950,950
951,951
952,952
953,953
954,954
955,955
956,956
957,957
958,958
959,959
960,960
961,961
962,962
963,963
964,964
965,965
966,966
967,967
968,968
969,969
970,970
971,971
972,972
973,973
974,974
975,975
976,976
977,977
978,978
979,979
980,980
981,981
982,982
983,983
984,984
985,985
986,986
987,987
988,988
989,989
990,990
991,991
992,992
993,993
994,994
995,995
996,996
997,997
998,998
999,999
1000,1000
1001,1001
1002,1002
1003,1003
1004,1004
1005,1005
1006,1006
1007,1007
1008,1008
1009,1009
1010,1010
1011,1011
1012,1012
1013,1013
1014,1014
1015,1015
1016,1016
1017,1017
1018,1018
1019,1019
1020,1020
1021,1021
1022,1022
1023,1023

338,0;643,1.319474099808804;339,1.3484901353108456
511,0;812,0.2423726165025173
487,0;195,0.35808748368427656
663,0;1005,0.22911877297534242;488,1.3601196681978545
333,0;993,1.029071093849685;668,2.8788845173198165;843,3.2766984726109016;334,4.569790207146176;858,3.4785494017370207;916,4.631738342695169;566,5.005319103333281
77,0;603,0.11023076101014805;186,2.557469644003978;391,3.514811398677385;212,4.105656732155451;364,3.8652862686231995;227,4.769469762448709
340,0;805,0.01444504921816862;63,0.945011284276253;405,1.6490115220765225;48,1.8772395508973316;862,2.481150619642445;847,1.7516132797612793;513,2.2282479202357646
21,0;779,0.33139555559721495;461,0.02144066346873994
838,0;712,0.41245751154542687
704,0;878,4.393884862891968;1008,4.615668084684194;681,5.577276089569963;217,6.075801850919396
252,0;677,0.40622109550265373;602,2.0085544559267814
1015,0;415,0.08723888363507172
468,0;800,0.41525807941685683;216,0.4780250342203707
852,0;247,0.920232970376706;399,1.3618020634643908;551,1.4936346097256354;43,1.0302597222006522;721,2.7089395562009813;641,2.18656151402571
158,0;338,0.30350364710478067;684,0.584304718460139;848,0.061600508990842386;756,3.225846856199577;643,1.784229666406055;373,1.9990998715654147;581,2.3292507754554346;812,1.8372922552419517;219,2.300448229644642;826,2.867662128144868;677,4.482338999101492;479,2.961688259771021;712,5.0469860833337785;463,6.750296684624766;82,6.368531434995996;889,7.007626075417487;811,7.027087965955471;81,9.97691937036672;526,9.39129832586347;16,7.955717930727108;232,9.090894783516806;1022,7.498922980084315;651,9.501234003423448;382,11.333492067385436
336,0;938,0.42495137556334645
176,0;500,0.6910178846523228
345,0;441,0.15661690442078827
29,0;296,2.465185827360941
558,0;107,1.0260604768843378
442,0;755,1.3268947359639789;106,0.30799352822305376
42,0;779,1.5051714346332755e-05
711,0;469,1.5749678432033745;540,1.0909161812523511
930,0;220,1.9771148687962838;831,3.759628151797566
325,0;972,1.4854165185773711;974,3.615611971465917;512,3.6439066325965284;448,4.388515678933936;373,5.839931956259875;643,5.948144741594654;812,6.2688787093886065;826,7.157454968483613;134,7.564218078741133;63,8.770524772199158;270,8.090809727035658
38,0;165,0.04580718890653959
151,0;735,0.6079510687301304
655,0;661,0.1775906771794596;492,0.5979297399542908;270,2.1636506498517094
731,0;325,2.339645453288556;424,2.3163462802294017;972,4.330230219495368;974,5.854508522461624;931,5.034645758030367;978,7.45707009889215
755,0;679,1.0382415475151083;780,1.245065692668104;470,2.6571997136820364
718,0;7,0.17390957230839027;860,0.25165225520315987
751,0;158,0.18888304693604402;338,2.3270956373050837;505,3.958073356177888;643,2.4398122287242945;812,3.4781585406891216;219,4.209591841448076;826,3.836109584112382;677,3.919186599530678;463,5.72824924545053;248,4.213741298213463;479,6.042984421662367;354,4.450856691374203;214,5.398455665341583;558,7.2568144685685185;173,6.534742213049373;206,7.020381880883903;77,6.753003497983944;115,6.954678855819221;342,8.021954318650224;853,10.391277935970889;919,10.51058006394043;208,13.449368095335972
938,0;661,1.2542108106965122;78,1.618507606200709;270,4.066788139071985;349,5.488834178065076;924,2.697564571700956;30,2.9772251998782813;205,2.8847442788401354;533,3.212635463318186;463,3.503697896388942;490,3.3982869890289056;430,4.832527181255623;246,4.768423167125533;526,4.211914079450786;382,4.580384293769013;896,4.928545468315953;410,5.370111493362823;245,4.943024207709227;739,7.182177969304446;705,7.499923110408156;137,7.900321908994277;74,9.496604693036911;354,10.377611037307531;842,10.732025732298368;214,11.259031258157389;395,11.180516947052892;952,11.95614851943018;27,13.296404001472357;941,13.297828842524588;918,15.088416946706156;223,14.42793451513598;20,15.553238165454726
385,0;196,0.3313481795031365;989,1.9858096582045224;18,1.0027749232969725
970,0;368,0.4115392354111963;646,5.399985160239431;451,7.172306891984722;171,7.716078019014229;100,7.346176894012281;951,7.916135880579055;476,8.307390823802642;895,8.881469342397322;348,10.330951799098766;250,12.685336906912362;461,13.668915903196282;777,13.117404289236616;408,13.216890248516385
182,0;79,0.4377023756224726
865,0;791,2.5455628810414312;61,3.3964408471744414;25,2.6559069322918174
757,0;806,0.387684659496922;121,0.608207745057515;85,0.6077843584283438;528,1.2144915123099085;21,1.2149682560521737;779,1.881911402343298
101,0;416,1.2239790241694102;410,1.2865677712711059
639,0;501,0.4513016448812202;757,0.9851645880924904;806,1.7807812123973208;85,4.046639534940832;528,6.112706790452515;457,7.781246654994767;576,7.98137058291821;525,8.091820406717352;560,8.162210039499397
559,0;817,0.4284663495164084;534,0.3264675665697207;966,1.9322271520519654;431,0.8988070401057173;582,1.1147250127385149
176,0;500,0.4970926727642706
217,0;192,0.06348220872072216;932,0.5990474455226206
677,0;463,0.5923750189398196;602,0.18323678652807057;246,1.2194902030763815
756,0;92,3.845974679022196
696,0;953,0.15335923571908164
170,0;119,0.7971674942082132;76,0.5713431566349737;477,0.5988415072029809;666,2.740470009526554;752,3.6080593120694195;131,4.379555245711544;578,4.349650526635782;1000,5.657808700630711
201,0;819,0.6485028268623856;406,0.551309303626433;443,2.1116988143179505;1019,0.6285403830882895;335,1.4275975605441356;456,0.7244601291990772;610,0.8576033873222207;882,1.0223902712818476;113,2.3018666928385434;762,1.6556691445768648;470,1.563770414162735;278,1.772413125259377;271,2.6434827727854344;984,2.8847071826049206;105,2.522460222448021;611,2.919912300376658;354,4.178133845278891;527,3.143517942185299;74,4.3677321306653525;566,4.894271821504602;68,8.098648625333771;880,5.0122393297068575;719,9.502812923697737;891,8.406315396219416;47,9.657442096411694;413,10.470784661454722;608,11.877628840418964;479,10.76209497276719;363,10.759917877434656;274,12.14277916801407;85,13.487477042183857
466,0;658,1.4581437398383945;818,1.7194997645984236;635,2.466427078633581;23,1.8542081957491934;116,3.1699327272971605;517,2.927312179179905;148,2.918647995013617;112,3.346303988207095;574,3.8309997763920576;413,3.972925195469384;323,4.722846276008974;672,3.5831611241281696;302,4.357004464165559;479,5.003737810184205;735,4.489385562617529
468,0;631,0.2622137365309232;800,0.9588520689240462;216,2.771691541940707;906,3.628081001987084;457,3.8489364382378066;32,4.23080138694334;562,4.5360500522378695;525,4.073767507647619;949,4.883524799796992;270,7.44702657279487;613,4.628142346180366
1009,0;628,0.9872778792824516
773,0;990,0.5536362542900116;948,2.6751228532418163
239,0;678,1.6525660527453616;476,3.8185376435913807
984,0;115,0.6526767585657398;808,1.1956404168832964;342,2.5788843378842348;853,2.724492578953052;919,3.3058377298682022;617,8.162582410177873
816,0;962,0.5585552035735891
149,0;199,0.5760388765959806;928,1.4130412289462262;890,5.230870431349531;164,0.6303119203455038;728,1.5389211665788134;686,3.2186198943127384;601,1.8900805704911308;10,2.4758241595996324;294,2.6367430428056595;721,2.7690110774240697;882,5.688656876629736;113,5.9225039526616206;760,6.407470401915589;50,6.101801410668042
82,0;476,0.35042394838753393;802,1.1477354881154431;895,2.0600080468334103
25,0;758,2.5983092974451125
306,0;876,1.110619686143731
205,0;533,3.331307497278939;895,2.5919422452889327;463,1.8887554401580433;899,1.2101994073071343;246,2.410085458491835;526,2.5034540986803613;688,2.608648112514016;382,2.7740222368269154;577,3.142223039707624
840,0;411,1.3312895555011943
768,0;957,0.5533755478560959
671,0;82,1.8058313734310643;889,2.838001311100804;811,3.097158027972;81,2.7278431103962983;476,3.5982276476209476;802,4.523172738075249;348,3.6140686986358577;250,3.811068515865557;461,3.784359925567101;777,4.3691011990945
810,0;397,0.31995199727879536;806,0.82919095863991;877,3.334226193193664;85,1.3594501406128652
399,0;792,0.16596290639102396
624,0;172,0.2115613653782861;871,0.8330917516754293;556,0.9446445925363306;290,1.34812575974235;617,1.4826071495427935;714,4.285323642554418;28,1.8959075271101906
359,0;20,0.771759683966747;133,0.731632114746746
498,0;784,0.2679443253582912
882,0;113,0.04626792537359657;762,0.061394229221599865;760,1.3832609447543112;105,1.5738610645857576;50,1.8274283669174878;920,2.243040482995109;604,2.890451707420072;836,3.806166301539216;51,3.0987528553926604
868,0;993,0.3136214585288999;79,1.6824739114547018
633,0;702,1.1141491713153342;1003,3.4068218548018305;98,1.3103013343941854
586,0;797,2.0225949343977043;492,0.1264524069297816;103,0.14291325009748657;383,0.7724535445955696;961,2.5331188025332194;361,3.1606820405254688
519,0;179,2.2397073875116242
455,0;275,0.022595658551582864;964,0.008119094931814487;294,0.9533262287034466;329,2.1813585914729847;858,3.3516393089850345
335,0;470,1.5647342433585214;278,2.013685042282011
833,0;971,0.49883457003264614
303,0;521,0.3572376852914668;583,1.388099481899081;700,1.4839259628903931;324,2.268507820459001;462,2.3802098101105145
659,0;284,0.639775348050468
657,0;339,0.8781127530413607;284,1.4625772165668303;143,2.9682076501441066;925,2.3040873302794567;1014,2.937909479826433;1021,2.7893057934187397;787,5.179300319487798;322,3.4562685180259454;624,6.424517103116986;742,3.2942101029523925;891,3.727869681172138;871,5.280355453494602;921,6.362496919472225;556,6.581122645189228;801,6.806692866590204;594,7.33336149574012;983,6.8614356555914116;617,8.911771613641056;650,8.400833545946586;469,8.172872239116112;862,9.268837539528905;926,10.719425304023318;178,8.890044830812657;487,10.153233628374966;498,10.709482069922656
825,0;296,0.3536128773764936
183,0;416,0.13940687873562824
1013,0;345,3.1423663758868905
512,0;448,2.244164267282225;190,0.9387299075773785;369,1.7092663354048936;272,4.167857659642909;373,2.248868484731208;485,6.853193843790464;620,8.201372021030165;987,7.930307366152706;705,11.590156065900658;450,8.36670144759126;588,8.90743429135218;276,11.010083854120287;537,11.480650850954992;540,12.748949772692582
986,0;131,1.108820556902499;1000,4.423771716670188
139,0;152,0.46013233643000917;422,1.5807411308606023;71,7.567007136405737;166,7.910171091836012
638,0;501,0.029941770248525984;757,1.6456151722068255;247,3.0387431801843325;121,4.849761507436309;551,3.2300615425451316;641,4.7326250312127724
983,0;573,1.4505023580879834;650,0.850230217674325;624,1.1229470736162692;1001,0.8679703639243205;178,2.2415123544545583;824,1.6399938256051967;274,1.1546382606231604;85,2.9982054319640294;974,2.0123534414007365;408,2.49438534565232;978,2.110116229298705;962,2.9281102973928625;487,2.6505680585896956;498,3.5646083209215047;195,4.048855470377222;738,2.957906492870237;784,5.039456063876234;652,5.992686624141717
1004,0;494,0.3441956606278973;531,0.5679062433639516
359,0;837,0.29402392345330725;133,0.08860120105429134;758,0.7169923115004748
894,0;141,0.4997491865965326;443,0.6620932977813114;72,0.8264745860546276;984,0.8501712412302856;944,1.9213257286528052;239,2.2721462538068256;590,2.9829416887910076;678,3.8733680444036596;476,4.680897941184505;348,5.618800447980347;250,5.311759187960737;777,6.14470037907837;408,6.184010822316816
956,0;496,1.8476440304239916
712,0;82,1.8356772835942912;811,2.071014324898739;476,2.7493824292797657;802,4.671929629016577;250,4.825163744821879;984,6.37782585064819;777,5.178622382174366;408,5.647681705967602
335,0;470,1.3457999942365615
684,0;373,0.294121558232281;581,1.4285662468011435;643,1.5805589547033654;812,1.847544237092642;828,1.9506700576631864;219,1.9746986208496995;826,3.9334342248850755;677,1.889341832248601;463,5.290238218889058;889,2.008153077566417;278,2.316438489032084;880,2.267465999263425;16,2.1585907070283428;232,2.239714116621736;182,3.2864888741901037;134,4.611910786730978;63,4.622115977036369;956,4.760406856535831;571,5.346958585905258;48,4.848903452177021;133,6.925651660940435;513,5.55424683250595;246,5.627489936565485;526,6.334237925560274;1016,6.157159775419317;122,8.123639954991063;651,6.670154983623075;382,6.577335425658872;577,7.0127019437221465;927,6.856719985968272;897,6.847345505945559;74,8.079049955494192;289,7.944599063377351;68,8.41095713087126
501,0;757,0.30763331794319554;121,0.8480225655053173
904,0;123,2.5436538182591932;546,4.494800912165163;121,3.036801436442172;37,4.035223599515983
835,0;589,0.6924403791242114;155,1.6965654261428598;437,3.336684642163025
770,0;230,1.3084812781483655;174,2.3614699258635814
1014,0;322,1.85719173651867;204,3.0077519370661374
542,0;107,0.9392696613688339;984,1.611373768129012;605,3.4822832575932745
47,0;608,0.6407013694871468;274,3.863981121540734;774,2.169042737249119;963,2.650926242968035;855,2.5281047277859376
365,0;775,0.8737230825696939;134,0.5964181060898978;63,1.0068735139913532;429,1.1716954740374763;270,1.8770572567375;825,2.2904180543872625;126,1.3617563414545804;81,2.2801537071485694;296,4.23399626958799
107,0;276,3.0077329953959713;366,1.072040569046637;337,2.421274208246266;565,3.768712442976192;537,3.02236721189968;812,5.5144642867970575;826,5.903929267409909;677,7.697757755184136;134,9.635091228903672;602,11.482822367862974;429,9.70440991705437;571,10.976776515509801;126,9.86489850272333;934,11.949253282375778;81,10.646982646217053;525,10.69714457097924;224,12.038915454403583;467,12.684220204434641
398,0;243,1.2858911101322812;991,0.06326236946150172;249,0.42233834872324477
99,0;215,2.108406265990517;963,3.3764277711276103;359,4.844521560465066;240,5.6520401063681955;837,4.851018060154141;133,5.21861127312907;758,5.35785020092666;210,5.007551832661987;815,7.109075443836616
324,0;462,0.8662315988177718
514,0;384,0.6178084587867783;240,0.9854596743912004
327,0;782,0.20526205893068694
198,0;213,0.36683292417141944;62,1.301537077143328;656,3.279189652404453;358,4.662039662709519
73,0;520,1.148074340058543
682,0;108,0.04297911061762469
397,0;877,0.23839090322299786;909,1.6394038298030476;353,3.774271668760896;104,3.8128303588857744;704,4.7091977705727315;878,5.465332944562832;452,6.946502052555471
923,0;87,0.3314889005924668;846,0.10442156551572306
480,0;720,1.255698734163246;877,6.5177577239868665;909,6.546487707710602;353,7.277479944771626;104,7.469876089699373;704,7.588182636722515;878,7.910189956543987;452,7.624878824863521;1008,10.711408943854032;681,12.558122095264828;217,12.94341687077147;192,14.079601581688792;987,14.24681665405065;932,14.227981868219443;462,14.367664131714363
920,0;604,0.941889142415379;836,2.2097152786688765;51,0.19881754041351785
952,0;27,0.14883393567401992;918,4.427867771650142;829,3.196845880040456;942,3.613610023942546;723,6.09815291516555;20,4.973283027502585
902,0;146,3.264255781463565;331,3.2798078777220736
977,0;614,0.05752729769505687;992,1.603939669504316;369,4.159517480782714
648,0;867,0.014258323863324098;701,0.8385341160318155;518,2.020486653206452;28,1.112284363131518;68,1.0337577088089507
527,0;74,1.4331237455321761;880,1.6038280813062078
113,0;50,0.9630642639831806
347,0;373,0.12089863836917587
913,0;372,0.2991993941326865
477,0;237,0.6520340049945164
562,0;270,6.292587525848054;613,0.34305981106413513;797,0.9958761257016504
514,0;481,0.8644717569945622;384,0.6131705648867738;240,0.9844113274941957;815,1.2665389801561016;424,1.3762639500744729;886,3.2985607515847626
490,0;430,2.5292244706238796;794,2.879887330119507;896,3.0021582258078054;451,2.9671944831835466;100,4.25557897795503;245,4.269876381344549;739,4.930326287122356;371,6.414930559772904;137,5.1809193426125235;75,6.816842740616506;150,7.205073829357598;876,8.062395816943939
805,0;63,0.9256675981523265;405,0.9834399865276653;862,3.5465585387006415
700,0;324,0.24924315266667468;458,3.5339372727341622
1021,0;231,0.09613497695445823
681,0;217,0.16189286704620937
548,0;495,0.6483677395855368;993,0.8647171919947286;752,1.4518063905899306;436,2.4433694812341615;131,1.6386638412187862;1000,1.6550607422438068
966,0;58,2.5860815427397323;141,2.865575334739902;718,4.00806057562224;151,2.9571273800192768;443,3.2231616215807426;984,4.476907728301233;115,5.617210553003729;342,6.663424901332244
877,0;909,2.184827849295268
644,0;359,1.310910012053445;837,1.9345351096992118;210,2.0834944005518166
708,0;94,1.3964592080853904;836,1.6303289849820644;109,1.442281595160491
824,0;408,0.11476814735643735;372,0.15733742696782546
884,0;1015,2.3993189984839005;415,2.859403413996501
8,0;211,0.6198572192530755
887,0;956,1.0874960708139114;133,2.0759396145563116;496,1.216790819124389;353,1.6110410926531618;104,5.329503510339062;704,6.088840919650666
839,0;98,0.23233290828988082;339,2.5302026794990224;914,4.4856178073939;253,2.5280061000083105;143,4.419887035826404;335,5.363663000248943;624,4.516398543257494;742,4.6601004535959225;496,5.650803684082759;824,5.5644539563742175;891,5.910914678971945;470,7.1855057347977125;353,5.913244830128103
673,0;1012,0.057809798891177835;897,0.276232694221414;422,0.2798255157628736;71,0.5702659947022117
420,0;225,0.9162491978106965;28,0.3790382893659264;342,1.2224849831281412;853,2.336208477099338;314,3.6775167406004816;617,2.4632368786314016
721,0;882,1.8063226306093465;762,2.1174089664863494;271,2.2591278710143947;611,3.416667374706786;354,3.7109838127710444;527,6.377058152484624;711,4.089829893282597;480,4.385696526404732;842,4.716835253385292;540,4.265924795980358;776,7.918821535877101
991,0;90,0.21117074699621097;249,4.777946069509848;341,1.3316095041790044;441,0.43671048937414697;262,3.092861230719233;135,0.8812478659559251;993,1.35188184871335;668,4.03876029518813;773,3.5374107705375994;942,3.095396982770649;789,6.663629476409257;334,4.5854791580654926;916,4.914391444605543;566,5.846701888639286;310,6.805763491604747;836,5.475483909539638;241,5.430107876057126;703,5.93313185624774;880,6.716150911363427;733,7.048436469998797
946,0;571,0.6874932424621268
612,0;788,0.31457294191958923;1017,0.4798330234448385;982,0.3559084909268656;957,1.2597147255455698;494,1.8993108283161697;642,1.9221684597129693;622,2.3772589924291516
147,0;761,0.6382730343450632;43,0.2956035824416462
691,0;57,0.3712361023442353
167,0;850,0.0762964439045112;622,1.7785275394870246
902,0;146,1.2112776259331954
229,0;787,1.0156854522372938;839,0.19480663303151288
976,0;294,0.5363856933327441;799,2.8437752978315767
871,0;921,1.3069111314031647;556,2.29914092068001;801,2.026753309808402;689,2.4774808283711574;983,2.612144520249636;617,3.4194027124075244;901,2.814328492026596;573,2.9242235612289065;323,6.86190201339867;974,4.25123981823031;28,3.6031318447537553;680,4.132367969241539;413,5.113317488835418;401,5.056036835468403;742,5.913876128901965;266,5.5904097662743935;479,6.552926887727216;959,5.335002218991311;735,5.640084897340751;296,8.322476643872937;384,5.472134775552586;240,7.545622034481554;206,7.342253765041526;815,11.330697988954316;424,10.511722956168548;540,11.897255469879257;415,12.063194050425622
180,0;33,0.24905719899445639
980,0;67,0.3194732828407962
259,0;704,0.8184110239737712;878,1.0872482614886265;452,0.961449591380195;1008,2.314012786036302;681,3.6811389788878452;217,5.497185756158144
617,0;28,0.5701385709325786
128,0;160,0.38525606959184805;686,0.9635697786438825
351,0;470,0.06833181025749126;410,0.12677509460183597;278,0.622648821547198;182,0.9130892986720263;79,1.0057476006866815;656,0.9840831876555192;940,1.5277429543470968;53,1.4583759974278543;74,2.17098065856914;68,2.2344598328680676;880,4.431582210584265;891,2.5174143176341026;733,5.364058433153634
672,0;203,0.49546087713354237;211,3.8870981662077555
237,0;282,0.21158119196639943
547,0;810,0.8521669878684903;255,2.8619430501922087
134,0;429,0.4183427883506478;571,2.6102170753424043;270,1.3176658185700225;224,4.068063170541052
995,0;647,0.8223379357265298;801,1.3930268419802603;477,1.171748608752421;237,1.4050348973312823;689,1.948831940415771;621,2.628108513961293
42,0;779,0.02712052692381017
892,0;952,0.2530684949760583;236,0.4074839193088498
568,0;296,1.2736083063534624
442,0;755,2.5387103175198433;106,0.3583848200031325;232,1.4180151200746824
527,0;776,0.6133310370591287;167,1.6004940394826428
697,0;437,1.212965676354999;325,1.9765316944950935;789,2.540202971022868;972,2.8324471178950232;974,3.3734916660757803;931,3.084529246490099;907,3.8397611932728353;249,5.657431560294366;420,3.9964130722385804;816,5.929239837666872;225,6.057304654647638;28,7.456198454746559;310,7.045017347543273;928,6.46116407742034;342,6.087568918769957;53,6.61055297641234
408,0;825,3.2126188217435843
563,0;516,1.0198309255209754
190,0;369,0.4730077800783094
603,0;186,1.5140404604959072;391,2.1127361751940104;212,3.843969600175538;364,2.3069225108542515;84,4.643622009608425;556,3.1676949610283205;983,3.9453180784861064;617,5.140231370185003;624,4.112409846006417;172,4.270770686948635;824,4.882950945419678;594,4.313908790820299;371,4.313674328374569;469,4.521716557178598;309,5.602169599831667;562,5.089660375634328;895,6.1278691970127985;408,5.1262003135318235;613,6.360928610500808;825,6.454273129452305
182,0;656,1.3798210385475616;940,1.3229309284645876;358,3.1715842403105774;729,2.0584203315132403;915,4.724038630880742;815,5.241390644372328;540,6.612845031067751;415,5.277070658886845
568,0;296,1.7788012870081094
689,0;621,1.8930939629267582
892,0;252,1.189058147980189;952,0.122532094215391;236,1.5079167795659212;677,2.5365871616868407;551,2.0429409667021976;641,2.0705276502156917;463,4.320196550338529;602,2.58467168568911;526,4.855115166696856;173,6.419198405167881;77,7.435695334479877;115,7.942065721147716
460,0;1011,0.8520552066851523
236,0;88,0.5148694667485303;551,0.5446550462763905;641,2.7760477366794083
422,0;71,0.8509019832974992
170,0;119,0.1528721680464906;297,0.905186187679213;76,1.5730370940715235;477,1.9667818320525723;237,2.1733817141758274
342,0;853,0.25075154666736327;314,4.337197610199443;617,0.43389743097039907
780,0;886,1.864387168868165
369,0;653,1.0766430766406507
772,0;530,2.928403404721085
589,0;437,2.95076190005465;789,3.869443058407291
448,0;272,0.5205360581441181;373,0.40269592879786364
956,0;133,0.06678711538481275;496,0.5168786818603625
677,0;248,0.6306767440156429;486,3.1322650896732345;296,3.1347419984392033
976,0;294,0.42900581715372005;799,0.8094921119256973;749,1.0206239492983031;344,2.713677205025941;687,2.9224655802701434;311,3.605008529918635;439,4.329645840160274;487,4.447197229434207;498,4.533750373099019;195,5.278123155752363;784,9.33424615994333
871,0;921,0.1768445100810422;362,2.3910685495735087;290,0.4355881730697775;714,2.3798875981289016;105,3.2693230520784407
549,0;297,1.5519609088361435;688,0.23468690474765364;955,3.6921209062588516;597,6.76759397008741
214,0;558,0.14366242834982657;345,0.7521811310104125;441,2.709539385086943;497,0.8334031763818104;135,2.7848506268412887
593,0;991,0.5383338710477201;90,1.0465016460069338;341,3.6929291801780804;262,1.363663641983607;773,3.1614679363331706;942,2.994438943429846;622,1.899078999985622;407,2.0545265920664697;413,3.1831768431166862;990,3.735053213444424;479,4.316006520279643;993,4.832820659828979;206,4.395685055893663;668,6.685019821367368;843,7.284070522103009;719,7.654898666921258
359,0;20,0.5190728095461011;837,1.0121835335430869;133,2.1898335470679524;758,2.507332815765565
351,0;470,1.5538429498817703
991,0;90,0.2092474820870615;59,2.7253457921775173;341,0.25384066560204455;262,0.6936399985988841;521,1.9084547358987027;773,1.1131296502704193;789,1.9267020982552756;990,3.1416679486178785;173,2.928189193859568;859,4.3428323933014354;77,3.1482876854902684;948,4.608069342569474;620,4.476415005988574;647,6.64022792986111;450,5.639001637328624;588,5.037937341162858;276,5.322595838100345;801,7.126506111517538;477,8.629581721691135;237,9.840462611489103
909,0;353,1.4733569102766315;104,4.255902829428049
514,0;384,3.2362774954886286
725,0;531,0.2411184702415941;966,0.5352431159116843
864,0;720,0.019011449054511596;939,1.1245531212550741
875,0;702,0.04924817115122592;590,0.1312352080055052;623,1.7204442541600233;599,0.3189169694282431;698,1.9224775433311234;937,3.520775422037146;514,2.3952745315918467;481,3.010557508773265;384,2.7437106652185133;240,3.550605457859352;999,4.385291250875791;134,4.41226718144412;573,4.167265700026383;815,5.464987941515473;424,4.041709503524713;221,4.7200088710438255;533,5.3860887827006065;956,7.660679696013103;429,5.288022520578776;270,5.842015896346362;126,5.555599114243451;415,7.099442986274964;133,8.342743740310707
22,0;7,0.8799176642138009;860,0.9331233973584853
99,0;215,0.044040882134025225
577,0;153,0.8650505643808735
806,0;85,0.782935790131088;528,1.1517830494755492;457,2.0554917508040385;525,2.423166407275552
636,0;540,0.03382351169492205
972,0;931,0.33995348055078095;218,3.4993287028918534;907,0.9388984926438402;851,5.235246403951059
138,0;739,0.7581124877994777;371,1.2105637325935816;137,1.0536094994485816;609,1.642103684106458;74,2.297257432737166;75,1.3409073819707418;150,1.5222537068544453;876,2.2428827945209284;514,3.9314300766363957;354,2.719416412032706;880,2.3136619497468196;480,2.740386020639237;277,3.3495901683593763
248,0;354,1.2728607306835469;480,3.2879443942146525;277,4.835768912828957;720,4.601214504661025;576,4.942601275034419
934,0;258,1.6705685315284615;467,0.15777886919756587;727,1.7541420333293918;63,2.541263151203759;433,2.260565767137799;279,4.896681603139713;405,2.6260693708623704;862,2.8104031211634624;847,2.773670210607762;679,5.5461943038011725;780,10.560873144987408;886,12.651629852819887
1018,0;706,2.2584744396916143;16,0.16135660180302408;455,0.24049745325166014;964,1.0569346393740557
385,0;25,1.0049608682248299;196,0.27401693958431206;989,0.858560405164541;784,0.5835509964750889;18,4.9742548435107325;652,2.2149775628520927;611,1.2827709606705486;527,1.4409572944499687;337,5.621129761900173
63,0;405,2.781386018184005;48,0.5875500699438458;513,1.8157362118746843;122,2.753042779570742
935,0;272,0.5191603666375597;485,0.5388213496317468;620,1.4726172624068026;450,1.6638818597705787;588,1.983201103292004;934,1.8684059355006648;258,2.604985983517601;276,2.3948249895081943;727,4.347966295972218;530,2.800474004264058;63,3.0592923815675217;433,4.828787279624645;48,4.7869801553415705;513,7.859349522477999;279,8.01823350126408;661,10.586863987710533;1020,10.685660896433234;773,10.98125123815314;720,10.909597451980025;920,11.024343525342253;877,11.793098771850254;990,13.583002213363313
252,0;677,0.03574759869812636;602,0.24336942148549914
155,0;846,0.1172087697237155;567,0.932410603629467
464,0;73,0.6140408307520323;520,1.0474192153603714;536,1.1482951997464452;77,1.7490737068855693;730,3.786566448175681;603,2.0313044110336946;186,2.783028466318644;64,3.6741145818084098
983,0;650,1.3434819717327038;163,3.4129286278262354;926,1.6563159912637073;853,4.722715573103509;395,4.373749148594247;952,6.008483855018863;527,5.345983322826639;919,4.999112781644815;314,5.3615075076656655;208,5.271500811879744;617,5.875447658164118;776,5.666439909423729;74,6.75932824505473;28,6.6496472990964755;941,6.733395106980028;223,8.240258068711736;68,8.765498831810426;354,6.825746449977906;880,6.830377406498607;842,7.126773430415184;760,10.285986590740855
310,0;893,1.804679992408979;935,2.012501532222321;894,3.5966943469979493
802,0;984,2.014127787398839;115,4.674883914396206;808,3.19268177957019;187,3.2022956397674256;449,4.621464467230193
178,0;487,0.07682048707035509;195,0.9556909146455446
1005,0;488,0.6059799922252471;848,0.33722994081201507;356,0.4019261108538301;350,0.6258589247230456;756,1.087692489173794;788,2.880888367372117;331,0.720473024532494;542,1.3055552651150895;41,1.6717226576638933;712,2.3541182366125377;107,1.6223416454919863;984,4.02188492273158;605,2.385659736040252;276,1.6980246126265257;343,1.7666945417686162;537,2.142027854028004;903,2.058783790470482;779,2.153364045209908;957,6.543238624279069;494,6.745783941346772;642,8.36606929876399;531,6.859215175826831;315,9.173978320695925;370,9.181245856671765;340,9.438331752326064
750,0;289,0.5116187707706474;789,3.1410769803982648;68,1.0910290273994256;719,2.599025829678289;173,3.3803374958558035;77,3.99059653558804;603,4.903863738872067;186,5.42999922527896
170,0;76,0.5176709986895758
927,0;74,1.1500994516387881;354,1.3441849584570387;880,3.9130253413147833;480,1.5112759602014996;842,2.1493759653209468;277,2.688211950991989;576,3.3395740592162677;733,5.035695362425095;161,5.102711229575547
921,0;524,1.2221766534848002
455,0;275,2.2765617666970206;964,0.4508498589177797;294,1.3760552370465604;329,2.9406886930606158;393,3.6290011111491607
661,0;78,1.0277349124802537;1020,1.6326090950967844;349,2.4711707439855584;924,1.159099419215806;155,1.1617905557898622;720,4.079976659208924;920,3.0955874944485027;604,3.5346807625069054;836,3.647119947337585;877,4.110970981459343;909,4.170401065675483;261,4.640345634239422;94,4.98256884259049;126,5.06907616473127;642,5.0443612136231994;109,5.3202181126157715;622,8.126847666076296;934,8.323469246555605;81,7.670983749937574
1023,0;61,0.2388951291263645
234,0;338,1.2164554773853269;102,2.7287370164767473;505,1.3231529148753165;361,1.232082699681413;643,1.7975141278665563;290,3.2911116494169654;714,3.374796240969644
903,0;779,0.4284940877506859
654,0;529,1.8737635182658088
911,0;530,0.5180007921788536
890,0;643,0.39950575610166866;339,1.2013309293134822;828,0.7044046958263865
182,0;79,1.890954073236207;656,0.5233485433336176;940,1.8899968677565533
934,0;258,1.7193932898579773;467,0.5946772886581718;433,1.899113960951909;279,2.593356744571124;679,3.5875955501992287;780,5.783129782445773
726,0;413,2.3532317592185774;931,0.6595341612844757;907,2.455784812101754;479,2.832430792054114;155,2.715099250484333;363,4.555316031825253;420,3.7853417680924517;337,2.7154168088930555;175,3.9972690031716267;206,3.838198262984666;816,4.053567750435264;225,4.896665008615124;490,6.035280890571082;794,4.678983706575156;962,4.131714308732802;928,4.615093849005188;738,5.622689292593582;53,6.520601156471259;399,5.5031264533421504;451,5.208427012579935;342,7.643860133508888;171,5.661354203788362;100,5.2173995992734445;642,7.248655608926371;301,6.153441469407575;573,6.059801873260058;430,7.218345411824499;422,6.843856810948714;974,6.32161100680158;978,6.590473927649512;71,10.192441703955591;410,7.244830642580872;315,7.400774824548631;340,7.761248003247693;853,8.9852164801731;805,8.058046996799588;919,9.649878087415715;314,11.476726860721339;208,11.825842710733145;617,9.066819095044364;166,12.33328205096326
715,0;430,2.1634703598997302;794,2.3176039800893316
461,0;630,1.4588514531731718
480,0;277,0.6336387794526711;720,2.2817990397511307;576,0.6469201273782654;877,2.903092887667149
85,0;528,0.16183137738590067;457,0.5337266281775029;21,2.77022111485445;576,2.9594111130472127;461,3.926022485905925;560,3.7778726875533346;630,5.2938601154680445
844,0;824,2.8147343920754495;430,1.182532889130147;410,3.2166556457553117;408,5.841761966939545;825,6.034201340259056;296,6.473825812240792
229,0;787,0.8035721552487124
66,0;351,1.180408510736433;567,1.1893394256030643;376,1.6210859494141945;966,2.697967720644858
596,0;632,0.14104892326985988
581,0;240,0.05602305260512265;815,0.31811642427576864;424,1.280222112215421
93,0;964,0.6700523805012911;750,0.7482090862089076;289,2.0007875310307925;789,5.264303539259905;327,2.7240861016558067;68,2.916887529310978;782,3.481192855507936;719,5.718626041430411;891,3.566717017090329;173,6.347123668689132;859,7.715931424268814;620,9.300242996805478;58,10.305702819599789;934,10.951487483382946;258,11.461029136556968;467,12.181513362183162;530,13.019273969625864
646,0;451,2.9276022467204537;171,3.5604076854543916;301,4.206766859158033;951,3.6673617778705663;476,5.141341272423621;802,5.73964126539032;348,5.755944621722957;250,5.261340574789485;984,6.400239007507189;461,6.9545431142084295
830,0;76,1.671962181904765
177,0;962,0.7700219773054084;454,0.11100744960969978;943,1.0280509422733393;939,1.9790067203176451;385,2.160562851736056;700,2.219606170868172;196,3.9923111660891117;989,2.9593019333114614;784,2.610593208055402;324,4.254664270580605;18,4.765333873703;458,4.819404382275085;337,5.760835033942058;927,6.003332653255636;289,6.042862558805962
78,0;924,1.4795060425749875;250,0.16327380033692016;30,1.5845468993873437;205,2.024571260705596;490,1.7401611808179087;430,1.8484609958665734;794,3.29404907659561;895,2.916956248325695;899,2.3441784074704106;511,2.545472707804195;812,3.6955066709850213;451,5.36108025439408;826,4.517620811146008;677,4.019045059322199;463,5.073054824209438;248,4.825676762436542;486,6.191779535561553;173,6.362722716365002;100,6.820718228272337;763,6.195727407443062;859,6.402988783776715;77,6.420498769247547;620,7.11819344143446;115,6.951203142927268;342,7.470647483548603;450,8.799202973981144;934,8.730778450239708;258,11.418717210498084;530,11.922402723405641
108,0;420,0.039624221439456125;816,0.06543080961417352;225,0.9219897697041464;928,3.1197722471904394;423,3.9729210746547916
413,0;959,0.066979715192593;735,0.04819192071077433;363,0.23113145046401384;296,0.5329440600167102;384,0.19680807212010187;240,2.5628144186069477;424,2.9917972564689843
317,0;941,0.2065373229140886
752,0;436,0.4574816814675963
1018,0;706,1.074517056569221;455,1.1510152182525812;220,1.5069101888881398;275,3.7938574959240716;294,1.6889067523895447;525,1.7716245948499993;532,2.499856512992798;329,5.578711972942954;858,6.098308995907349
443,0;72,0.5547999043592958;984,0.13359543748531383;115,1.744450404611456;808,1.0980341076533924;944,1.093760995250958;239,1.1207204240061144;590,2.3163766163951696
209,0;555,3.624876065160757
921,0;801,0.2847534075152828;524,1.9848687229400992
867,0;649,0.3957154447891457;864,1.0739146260043975;939,1.0942080105348306;700,1.410122202180628
187,0;724,0.6336129689768039
562,0;99,1.5017433198706207;270,0.8895782483981818;215,2.32826068599409;963,2.910950457662603
832,0;784,1.3789110250573395;834,1.9523124482066603;652,1.5458419379482924
697,0;437,0.38604081742844143;681,0.7756662971399086;789,5.465949709019426;217,1.608729794062582;192,2.1664692426566776;987,3.294852750671316;462,3.496582097868709;173,5.850025803511027;859,5.855404135198821;647,7.045948109470176
679,0;780,1.426464689873358;886,2.1536499210991185
570,0;151,0.587044473135603
916,0;836,0.5479107879737459;772,0.8057685270975984;241,1.5148878504611014;530,1.1297025430464596;438,1.8292604474720553;703,2.355665756720381
617,0;28,0.20811797736952425;680,0.16736247826451622;742,2.1953443664515224;891,2.783531672755061
122,0;937,0.5437903385618841;134,0.618131630042637;573,0.8211498774361379;63,0.7080463969475094;956,0.7965870911156776;571,1.2002421676343396;405,2.196903211462307;48,1.1558956736037114;133,3.550019786788611;422,1.3835228079633808;974,1.0507155712451615;512,2.330859865538655;1016,2.3513069670028615;862,3.1863669276745337;847,2.4122440409124115;448,2.4754455708537986;1023,2.7822257062686626
805,0;63,7.518927164241365;405,7.826579148750824;847,8.098248786803566;1023,9.75331035141945
197,0;600,3.426941302560736;722,0.18435559896747097
229,0;839,0.0286507239809926;98,1.170606385698231
687,0;439,0.7592225797051133
216,0;906,1.575329646364722;457,4.284796751702335;576,4.338124648161144;525,5.064223429518646;560,4.546973911750064
908,0;287,0.10679811888901156;193,1.1626799339444378;1013,1.8884323589414937
121,0;37,0.5885628542639947
983,0;650,0.3497086210755271;624,0.4572183582611275;163,1.9476691042080245;1001,0.5155625738849203;172,0.5694750766273686;594,0.5887863971297576;274,0.7955942459539261;371,1.7659372211563462;469,0.9930053584174137;993,2.525726848741551;395,2.5776854855039537;952,3.9686514086720237;527,2.693211473797645;776,3.1479118737218683;74,2.825615908442086;68,3.613356764865193;880,6.248075649264074;167,3.286832884389463;850,4.718802926088114;941,7.778158627870113;542,5.428332581343;622,4.976839179111329;107,5.652336361693565;915,6.244284433932142;984,6.181482018677736;605,6.390282526944384;276,6.143827364815095;366,6.951601100982453;565,6.880227963900229;812,7.0332399699936525;219,8.786013941318476;677,7.6481237281298595;248,8.552801459235035;223,10.101350868127946;354,9.00776253315963;479,10.288134431937568;480,10.057512699838773;720,10.683539024904913;925,10.288979772380591;206,10.80858191667231;1014,10.81916136928116;787,11.116724403210323
594,0;469,0.36298283801529335;818,0.6301451496913265
420,0;816,0.24122100545620043;225,0.3325970150012376;342,2.5564464607040263;853,2.5637623980420194;208,2.571198718897878;617,2.6193060341337673;28,3.4251210718103247
580,0;667,1.2392940323159602
881,0;985,0.46404361166439684
476,0;802,0.6975151793034096;895,0.7372398854839171
175,0;490,0.31468492358331085;794,2.652436018497223;573,2.485000864385118;430,1.0245646043872638;422,2.636362295193875;974,2.7463837608988606;71,2.815737184472578;451,3.5371089325326435;166,3.203448558660846;759,4.437835725525196
237,0;282,0.6521291001219119
929,0;141,0.7733230359605358
250,0;777,1.3715004352759104
817,0;966,2.658600783705847;58,3.2072081990971504;141,6.444369807836489;718,4.630796461612897;7,9.44082786324428;605,4.724551860675955;443,6.510321933636977;72,7.568476004278427;984,7.027485653119056;115,7.2053269858895534;808,7.0285676736313665;187,9.361133545341499;944,7.7207129419594915;449,9.716037559261881;724,10.164540346985449
791,0;61,0.9205084608965717;985,1.7477007286091035
870,0;232,2.718585398988083
113,0;760,0.7675790044634728;920,1.873743782156554;604,2.3498221156930543;51,2.2364916043088146
63,0;48,1.6536712831494995
457,0;562,0.4782763729171461;99,0.7960879501227714
842,0;395,0.19116113986773625;952,2.187323847516255;27,2.5933514907208677;918,4.42383769705945;723,10.561653302989018;20,4.507685221249298
398,0;351,0.7418527559657945;991,0.8949469608955621;470,0.8789407300337577;278,2.1866502297737433;90,1.0258035142357969;341,1.053565415234972;441,1.5606287834193595;993,2.193958954674228;521,2.185417272530138;546,4.195965315070817;516,5.754162031136342
929,0;919,0.09369331249864099
557,0;660,0.10641047459508392
687,0;439,2.161025139998604;487,2.651333560172339;195,2.74812981773537
613,0;797,2.283672379981847
815,0;415,1.0949138241020526;886,1.3581958474590101
141,0;443,1.89718617157582;984,3.6413847563594492;808,3.832031696366609;187,4.504666646159223;449,4.907170499976651;724,6.028972228260032;603,7.4129510860366725;186,8.68584984927255;391,10.237499743564802
593,0;991,0.23203715122552493;90,0.35420695337016167;249,0.9044626628997289;341,0.8954370249019632;441,0.9300445798081094
119,0;666,0.3819203791216859
784,0;834,0.5408878543559131;761,0.9509112971692086
916,0;836,0.4829153517026352;971,1.4366640066523917;241,1.2603109485182835;438,2.0035610135041706;703,1.368942426136799
923,0;846,0.06861930956280708
819,0;847,2.0831674162751366
336,0;938,0.09400138324233463;528,0.23808402887762042;633,0.20333701690675737;661,1.2430935993576522;702,1.2233682904960121;457,1.493934106897846;21,1.9271313694488028;1003,3.394025256575456;623,1.798469659920539;98,1.3814106553876992;78,1.2956603984257176;250,3.061049885797709;914,2.1920490861291184;253,2.1870969739086084;576,3.731686436444635;525,1.6166678605015656;698,2.551958018959849;818,2.5709326336078497;514,3.592498302540435;777,5.915685368550652;481,4.338609760437909;384,4.248481813467041;560,4.521806482649477;74,7.1330988571058915;354,8.84179023361811;880,8.90587742988058;214,9.192331453759055;733,8.990014840130874
572,0;307,0.48858402355075403;44,1.691556144961622;264,3.2414291380102456;128,1.817547178336056;738,1.7589589892011104;663,2.311325298214334;686,2.803470985374595;1005,4.355097682987649;488,6.273472028984163;848,4.768694646374652;356,5.3446392220254335;350,6.014595779454942;788,5.456551539766775;957,5.724721883968286;542,6.845585712734846;915,7.917900575046653
149,0;199,1.6404836818517932;164,3.131991922365181;728,3.8989119864224753;10,3.9085687692614943
356,0;331,0.43240985232281837;41,0.5281345212256467;416,0.8495274957686436;343,1.5139132838459832;410,3.1869865338392587;903,2.5902118879510017;973,2.8065973186257143;1001,6.4694439022479155
700,0;324,0.04880870378196899;458,1.2469587910454218
89,0;64,0.6062887127141741
175,0;467,1.997514794118251;794,0.7856824277223762;451,2.3015393296145197;100,3.2552192859703424
328,0;982,0.6224151524310682
757,0;247,0.11174108171273892;121,1.3932673876719142;551,0.2373232714696012;641,1.6313865122604319;37,1.570160062746643
124,0;534,2.2271605302275375
901,0;323,2.646874351747156
128,0;160,0.12227893387901986;822,0.8027837141722927;720,2.662271164808369
239,0;590,0.8355064629844833;599,1.6049870425173625
586,0;797,1.279174770400418
16,0;742,1.6056511537141684;891,3.7592769083257016;47,4.83735024338724
194,0;542,2.2966389928410864;107,3.733841040174031;915,2.958492564638557;984,6.02479881942314;276,5.352269105818386;565,6.070519780432486;115,8.359654005492311
1021,0;535,0.9020058812928377;231,1.454608378970454;853,0.9182393501371645;200,1.9238957470159406;941,2.8011890117116782;223,6.078856292995463;925,7.994957074599693;1014,8.068874685451682;697,12.866772145746031;437,13.838041847414113;426,12.918833102469387;789,14.64657551277308;173,15.57836622690222;77,17.1352209852224;603,17.265204756157924
946,0;866,2.240423014569149
638,0;501,0.6166295949641809
458,0;927,0.26268710015644187;74,0.4229630997861612;880,0.6777839403670864;733,2.595231033623719;161,6.290243676812162
58,0;151,1.4243788248121536
541,0;449,0.12607425569488842;261,0.5049987026692536;976,0.7463121254378269;126,0.9951537810513833;294,1.4079834926216779;934,1.1764799514340658;258,2.890833525064511;727,2.917316570744203;63,3.00296804767264;433,3.360339387777806;48,3.1594307175634686
129,0;222,0.14046437658477154
176,0;500,0.02747403894304063
976,0;294,1.5620249646223954
365,0;134,0.06144237699982503;956,1.0554463092806117;571,0.5657351226124379;270,0.18020435531618506;224,0.7386975285689594;1006,1.7427906791460572;133,1.2913020724830808;496,1.9301147022356113;353,1.953224701427516;104,2.7854751030991847
681,0;217,0.24427258581477482
277,0;576,0.06586709701962018;560,0.22787435854642732
839,0;893,0.4836587070054634;98,0.6839966350567582;339,0.8296829113139625;935,1.2085625150865116;894,0.8873483081588012;914,1.1923627723379284;253,0.947104647040161;143,1.251473186652673;113,1.327461316837411;496,1.1992046901742397;272,1.5906033615940556;742,3.6090755212522785;760,1.4070454561137389;105,2.4763620789960044;485,2.818779050254544;550,3.2594197475314974;620,3.005763270623495
1016,0;318,1.882204781936759;461,2.4340211935946563
774,0;963,0.6063389702605715;240,1.3101042725728766;815,2.1083089953887435;424,2.430502131635409;415,2.8653170639321006
1019,0;610,0.4072980961068842
168,0;941,0.06312698684608535;223,1.0168007816469082;760,2.4790364010785653
562,0;270,0.341292090496914;613,0.7508020872170876;797,0.8333724554165679;961,1.4332277748521611
844,0;824,0.2839490859368955
115,0;342,0.0842677530260204;853,0.8350630077145124;208,2.168036980766631;617,2.1986284545802217;680,2.2744035672713574;401,3.5695110169275406;742,2.8298321568429357;266,4.413909383370471
734,0;29,0.030237415468722433;491,0.5871981686900026
170,0;119,0.8565010955338639;76,3.0995823681228236;666,0.9889775798637518
180,0;820,0.1850841289655298;6,2.2901289220151315;403,2.6200491190418664;839,4.134200241269975;893,5.231482415263416;30,6.494635833280155;490,8.118394242455285;573,8.29838893218807;430,8.525074928314336;896,10.048583408828408;245,11.752621608560089
649,0;864,0.09457608149194249;680,0.1490008173218436;720,1.0252968600763002;413,0.6693278082757654;742,0.6256676270066233
612,0;788,5.543207093402196
499,0;204,0.13074117135253735;330,1.0448710468630076;642,0.6693209174147052;526,2.1028880436706254;311,1.989861212555725;651,2.771017443906785;382,2.260497002374813
657,0;430,1.4577857936421779;339,1.0800429748820854;284,0.5861872839657323;925,1.512582367904538;113,2.9210055786718554;1014,1.649023318787341;322,2.62600217670881;204,3.8589951730811434;330,4.669944074620006;642,4.422105441099614;526,4.99132050469069;946,5.968051857376742;622,6.520017220900998;370,5.595734177410904;311,5.277448902372377;651,5.191550865751489;688,5.136335295987543;897,6.124151065996677;571,7.198630475018398;866,8.361887747552121;1016,10.13208883445907;318,10.722047310850265
186,0;391,0.36497929972200505;64,2.5431541573867755
856,0;1018,1.3500238765932662;706,2.306786855779249;16,1.4315901746195008;455,1.5269894222714295;742,1.51188031386754;94,2.083785500647866;964,1.6683194317722454;836,4.552330218284074;642,4.019504715532217;220,2.3885073865993456;525,2.5202769293830554;532,3.698735763623504;782,2.7239818649349776;946,8.180145078650362;370,4.171186293387878
970,0;368,1.4771771686893358;646,4.435385223359697;451,4.691677006636724;171,5.846338034369937
607,0;226,2.2553795321463626;10,0.03796717009817639
1016,0;318,1.6411111299101313;461,2.424988747464746
906,0;32,0.15257721356357248
185,0;23,2.2016453880958236;116,5.401072738318967;323,5.597247866134508;371,7.486671462130529;993,7.909757442863215;668,8.585799029543772;334,8.652267044918867
936,0;646,1.0447015977224154
315,0;340,0.13417733147394323;805,0.1880238184416605
11,0;828,1.8214413643775151;70,1.6219902239762394;889,2.4189812980526493;642,2.1312959787400167;315,2.6233166573505233;622,2.869771135801659;16,4.0840198635649285;232,4.12651305415657;340,4.1139357347071215;742,5.005467343234129;805,4.158310130191519;632,5.662085101094156;63,5.313396256751538;891,7.802882776021483;405,5.948778971981618;862,6.624890063368608;847,7.412843053764775;47,7.982576590253161;608,8.056041063595933;274,8.691623808770643;774,8.19169867694146;855,9.260727353183235;85,9.72194703865345;528,10.651097475804134
724,0;603,0.7374336117861925
668,0;334,0.40126362937130583;916,0.8717338216440526;772,1.6631504852023633
139,0;422,0.23011387488603025;71,2.9355336348146635;166,3.1255654118366563;759,3.238231374531455
946,0;866,2.123135863244128
444,0;178,2.0527501390628267;487,3.9253326815014296
902,0;164,0.9968750288509932;392,1.8540539693700033;686,3.0523413850302217;555,6.643755277561797;423,3.3452931456868553;103,6.758841627433519;398,7.655712959649371;243,7.836410500073637;351,9.520439507757596;886,9.62195621027318;470,12.01012959304365
662,0;577,0.287121465033679;153,1.0155069049512992
335,0;470,0.6493176616377554
636,0;540,1.4251777412450004
619,0;168,1.826839706084048
375,0;582,2.3542815592914264;783,0.8082386806240789;610,0.6314956267133707
623,0;937,0.6618090745934408;134,2.9889196681821852;573,0.6871990319627398;422,2.786320723922726;974,1.0542844088336276;978,1.407795670685641;956,3.07449062261708;571,3.3153525839990134;270,3.1650404461590305;133,3.745761307839226;224,4.883181591254362;1006,4.900691400327591
853,0;314,0.15274714900583333;617,0.4590688444704522;28,1.237957699628539
646,0;451,0.9158998289611029;171,1.6430866701067752
333,0;993,3.3606826674514974
1022,0;577,0.2852358887538107
97,0;273,0.8737084167158962
682,0;312,0.9859543984034537;450,2.218060220703887
696,0;953,1.7326874285146796
381,0;227,0.6276793527352977
497,0;197,0.23707611882184637;600,1.3047007795811456
62,0;656,0.22901424927193034;729,0.7831872775950218;915,2.2555141599504696;766,5.565266265455627
791,0;25,1.2368077633696715
683,0;165,1.6122208794470916
134,0;429,1.2627639134729471;571,0.38080936107908964
258,0;530,0.012306801321043063
514,0;481,0.05533756125863149;74,0.5460862073359583;999,0.7903598978027001;68,3.8392256793337545;880,1.223769638148518;221,0.8128362781739767;733,3.3541252011701603;161,5.102165714081515;719,5.179703181766417;96,6.566752127909388
974,0;978,0.8683860165068404
422,0;71,0.34644125609772675;166,1.7483290526060677;759,1.8318256127891743
374,0;671,0.5273609946817092;198,0.6404110712331582;784,0.6106811086600479;82,4.0594035311727055;834,2.0962417199601564;652,0.8292898487732161;213,0.7896998429105652;62,0.9930130390300691;761,2.7106104409251306;889,4.124430997399552;811,4.509934209471835;476,4.440296042687612;16,4.6406524127366735;802,8.187728116237668;348,4.631362788708125;1022,6.462301692251632;742,5.499214138912703
324,0;462,0.294387332459464
478,0;759,4.244847237931304
552,0;944,0.05559315035735997
94,0;642,1.557090807165768;315,1.7860098941774372;340,3.062617883413308;805,3.528312559497855
832,0;102,2.4605266263945715;784,0.2446116790252649;834,0.5486856051711383;34,1.1191470245181208;170,2.2257487851291486;46,4.429097774921793;4,2.0093737485732914;119,2.6332619638075228;297,3.6198721840241896;711,2.554783421440334;290,3.8435653133939844;666,3.051286405515005;955,4.162769676243076
678,0;476,0.1877960768540453;895,0.25472768138977453;348,0.6123157546882159;250,0.4804622345735833;777,2.3517729251525568;461,1.9756817625361789;408,3.31937441538363;825,3.9779730070515047;854,6.623256045952738
882,0;762,0.20094918457517955;271,0.9822147618702798
443,0;72,0.6821816353786018;984,1.4177250498831357;944,1.0231215885529048;115,2.3116045171394344;342,3.3946930469713323
923,0;846,1.0097259269317724
