0,0
1,1
2,2
3,3
4,4
5,5
6,6
7,7
8,8
9,9
10,10
11,11
12,12
13,13
14,14
15,15
16,16
17,17
18,18
19,19
20,20
21,21
22,22
23,23
24,24
25,25
26,26
27,27
28,28
29,29
30,30
31,31
32,32
33,33
34,34
35,35
36,36
37,37
38,38
39,39
40,40
41,41
42,42
43,43
44,44
45,45
46,46
47,47
48,48
49,49
50,50
51,51
52,52
53,53
54,54
55,55
56,56
57,57
58,58
59,59
60,60
61,61
62,62
63,63
64,64
65,65
66,66
67,67
68,68
69,69
70,70
71,71
72,72
73,73
74,74
75,75
76,76
77,77
78,78
79,79
80,80
81,81
82,82
83,83
84,84
85,85
86,86
87,87
88,88
89,89
90,90
91,91
92,92
93,93
94,94
95,95
96,96
97,97
98,98
99,99
100,100
101,101
102,102
103,103
104,104
105,105
106,106
107,107
108,108
109,109
110,110
111,111
112,112
113,113
114,114
115,115
116,116
117,117
118,118
119,119
120,120
121,121
122,122
123,123
124,124
125,125
126,126
127,127
128,128
129,129
130,130
131,131
132,132
133,133
134,134
135,135
136,136
137,137
138,138
139,139
140,140
141,141
142,142
143,143
144,144
145,145
146,146
147,147
148,148
149,149
150,150
151,151
152,152
153,153
154,154
155,155
156,156
157,157
158,158
159,159
160,160
161,161
162,162
163,163
164,164
165,165
166,166
167,167
168,168
169,169
170,170
171,171
172,172
173,173
174,174
175,175
176,176
177,177
178,178
179,179
180,180
181,181
182,182
183,183
184,184
185,185
186,186
187,187
188,188
189,189
190,190
191,191
192,192
193,193
194,194
195,195
196,196
197,197
198,198
199,199
200,200
201,201
202,202
203,203
204,204
205,205
206,206
207,207
208,208
209,209
210,210
211,211
212,212
213,213
214,214
215,215
216,216
217,217
218,218
219,219
220,220
221,221
222,222
223,223
224,224
225,225
226,226
227,227
228,228
229,229
230,230
231,231
232,232
233,233
234,234
235,235
236,236
237,237
238,238
239,239
240,240
241,241
242,242
243,243
244,244
245,245
246,246
247,247
248,248
249,249
250,250
251,251
252,252
253,253
254,254
255,255
256,256
257,257
258,258
259,259
260,260
261,261
262,262
263,263
264,264
265,265
266,266
267,267
268,268
269,269
270,270
271,271
272,272
273,273
274,274
275,275
276,276
277,277
278,278
279,279
280,280
281,281
282,282
283,283
284,284
285,285
286,286
287,287
288,288
289,289
290,290
291,291
292,292
293,293
294,294
295,295
296,296
297,297
298,298
299,299
300,300
301,301
302,302
303,303
304,304
305,305
306,306
307,307
308,308
309,309
310,310
311,311
312,312
313,313
314,314
315,315
316,316
317,317
318,318
319,319
320,320
321,321
322,322
323,323
324,324
325,325
326,326
327,327
328,328
329,329
330,330
331,331
332,332
333,333
334,334
335,335
336,336
337,337
338,338
339,339
340,340
341,341
342,342
343,343
344,344
345,345
346,346
347,347
348,348
349,349
350,350
351,351
352,352
353,353
354,354
355,355
356,356
357,357
358,358
359,359
360,360
361,361
362,362
363,363
364,364
365,365
366,366
367,367
368,368
369,369
370,370
371,371
372,372
373,373
374,374
375,375
376,376
377,377
378,378
379,379
380,380
381,381
382,382
383,383
384,384
385,385
386,386
387,387
388,388
389,389
390,390
391,391
392,392
393,393
394,394
395,395
396,396
397,397
398,398
399,399
400,400
401,401
402,402
403,403
404,404
405,405
406,406
407,407
408,408
409,409
410,410
411,411
412,412
413,413
414,414
415,415
416,416
417,417
418,418
419,419
420,420
421,421
422,422
423,423
424,424
425,425
426,426
427,427
428,428
429,429
430,430
431,431
432,432
433,433
434,434
435,435
436,436
437,437
438,438
439,439
440,440
441,441
442,442
443,443
444,444
445,445
446,446
447,447
448,448
449,449
450,450
451,451
452,452
453,453
454,454
455,455
456,456
457,457
458,458
459,459
460,460
461,461
462,462
463,463
464,464
465,465
466,466
467,467
468,468
469,469
470,470
471,471
472,472
473,473
474,474
475,475
476,476
477,477
478,478
479,479
480,480
481,481
482,482
483,483
484,484
485,485
486,486
487,487
488,488
489,489
490,490
491,491
492,492
493,493
494,494
495,495
496,496
497,497
498,498
499,499
500,500
501,501
502,502
503,503
504,504
505,505
506,506
507,507
508,508
509,509
510,510
511,511
512,512
513,513
514,514
515,515
516,516
517,517
518,518
519,519
520,520
521,521
522,522
523,523
524,524
525,525
526,526
527,527
528,528
529,529
530,530
531,531
532,532
533,533
534,534
535,535
536,536
537,537
538,538
539,539
540,540
541,541
542,542
543,543
544,544
545,545
546,546
547,547
548,548
549,549
550,550
551,551
552,552
553,553
554,554
555,555
556,556
557,557
558,558
559,559
560,560
561,561
562,562
563,563
564,564
565,565
566,566
567,567
568,568
569,569
570,570
571,571
572,572
573,573
574,574
575,575
576,576
577,577
578,578
579,579
580,580
581,581
582,582
583,583
584,584
585,585
586,586
587,587
588,588
589,589
590,590
591,591
592,592
593,593
594,594
595,595
596,596
597,597
598,598
599,599
600,600
601,601
602,602
603,603
604,604
605,605
606,606
607,607
608,608
609,609
610,610
611,611
612,612
613,613
614,614
615,615
616,616
617,617
618,618
619,619
620,620
621,621
622,622
623,623
624,624
625,625
626,626
627,627
628,628
629,629
630,630
631,631
632,632
633,633
634,634
635,635
636,636
637,637
638,638
639,639
640,640
641,641
642,642
643,643
644,644
645,645
646,646
647,647
648,648
649,649
650,650
651,651
652,652
653,653
654,654
655,655
656,656
657,657
658,658
659,659
660,660
661,661
662,662
663,663
664,664
665,665
666,666
667,667
668,668
669,669
670,670
671,671
672,672
673,673
674,674
675,675
676,676
677,677
678,678
679,679
680,680
681,681
682,682
683,683
684,684
685,685
686,686
687,687
688,688
689,689
690,690
691,691
692,692
693,693
694,694
695,695
696,696
697,697
698,698
699,699
700,700
701,701
702,702
703,703
704,704
705,705
706,706
707,707
708,708
709,709
710,710
711,711
712,712
713,713
714,714
715,715
716,716
717,717
718,718
719,719
720,720
721,721
722,722
723,723
724,724
725,725
726,726
727,727
728,728
729,729
730,730
731,731
732,732
733,733
734,734
735,735
736,736
737,737
738,738
739,739
740,740
741,741
742,742
743,743
744,744
745,745
746,746
747,747
748,748
749,749
750,750
751,751
752,752
753,753
754,754
755,755
756,756
757,757
758,758
759,759
760,760
761,761
762,762
763,763
764,764
765,765
766,766
767,767
768,768
769,769
770,770
771,771
772,772
773,773
774,774
775,775
776,776
777,777
778,778
779,779
780,780
781,781
782,782
783,783
784,784
785,785
786,786
787,787
788,788
789,789
790,790
791,791
792,792
793,793
794,794
795,795
796,796
797,797
798,798
799,799
800,800
801,801
802,802
803,803
804,804
805,805
806,806
807,807
808,808
809,809
810,810
811,811
812,812
813,813
814,814
815,815
816,816
817,817
818,818
819,819
820,820
821,821
822,822
823,823
824,824
825,825
826,826
827,827
828,828
829,829
830,830
831,831
832,832
833,833
834,834
835,835
836,836
837,837
838,838
839,839
840,840
841,841
842,842
843,843
844,844
845,845
846,846
847,847
848,848
849,849
850,850
851,851
852,852
853,853
854,854
855,855
856,856
857,857
858,858
859,859
860,860
861,861
862,862
863,863
864,864
865,865
866,866
867,867
868,868
869,869
870,870
871,871
872,872
873,873
874,874
875,875
876,876
877,877
878,878
879,879
880,880
881,881
882,882
883,883
884,884
885,885
886,886
887,887
888,888
889,889
890,890
891,891
892,892
893,893
894,894
895,895
896,896
897,897
898,898
899,899
900,900
901,901
902,902
903,903
904,904
905,905
906,906
907,907
908,908
909,909
910,910
911,911
912,912
913,913
914,914
915,915
916,916
917,917
918,918
919,919
920,920
921,921
922,922
923,923
924,924
925,925
926,926
927,927
928,928
929,929
930,930
931,931
932,932
933,933
934,934
935,935
936,936
937,937
938,938
939,939
940,940
941,941
942,942
943,943
944,944
945,945
946,946
947,947
948,948
949,949
950,950
951,951
952,952
953,953
954,954
955,955
956,956
957,957
958,958
959,959
960,960
961,961
962,962
963,963
964,964
965,965
966,966
967,967
968,968
969,969
970,970
971,971
972,972
973,973
974,974
975,975
976,976
977,977
978,978
979,979
980,980
981,981
982,982
983,983
984,984
985,985
986,986
987,987
988,988
989,989
990,990
991,991
992,992
993,993
994,994
995,995
996,996
997,997
998,998
999,999
1000,1000
1001,1001
1002,1002
1003,1003
1004,1004
1005,1005
1006,1006
1007,1007
1008,1008
1009,1009
1010,1010
1011,1011
1012,1012
1013,1013
1014,1014
1015,1015
1016,1016
1017,1017
1018,1018
1019,1019
1020,1020
1021,1021
1022,1022
1023,1023

875,0;702,0.6453158137657076;185,0.29803832207599673;325,0.2194711505945774;972,1.0650849748640716;1003,1.6891198888941925;623,1.60837032884693;98,2.739679896509977;931,4.655398828008707;698,4.41523699478218;937,2.573798072839738;134,2.641545008147493;956,5.4351177991463935;429,4.297594209559388;571,2.8588131900564306;253,2.847144315754094;818,3.7085893396515353;1016,3.8039159725407745;224,3.395948783823482;514,4.960142286075221;133,5.6433360832338755;496,6.805112175506654
924,0;30,0.06804009212658753;490,3.282296154898942;430,4.127632067436393;410,4.823693265886146
826,0;134,0.859968687562462;63,1.5787503776011969;429,3.1631023061389465;571,1.3468969296447681;270,2.4068650593158445;1016,2.092013600143507;224,2.2061310923471087;318,3.3063796541627104;126,4.030093398490206;461,4.564533874496627
995,0;647,0.4891243377139544;801,0.8781093832436728;476,1.8808830407242791;477,0.854850654497999;237,2.3753039289613564;348,4.448127204783433;461,4.504162154865462;630,5.504122314723726
937,0;573,0.9893542660144229;422,1.074411447279398;974,1.4385275189949316;71,1.3143363163071509;512,4.455178944569907;448,6.496814472315889;190,5.029456928392807;272,7.990223607797181;373,6.535927055673567;485,12.005371066643171;620,12.118974938997164;987,13.361149139779162;705,15.277004021748189
535,0;853,4.146229932670711;617,5.469980725759317;680,6.335157826609918;401,7.957470419918746
796,0;782,2.678326090340713
963,0;359,0.3515714368552096;20,0.836970175687427;837,2.1093491984580264;133,0.5185049758524365;210,6.600719077525106
315,0;340,2.5049928533479298;805,3.0808112522820004;63,3.358439240825062;405,3.4164558020715696;48,3.424733768320025;862,3.663733659068754;513,4.649555528246764
983,0;650,0.484922260764725;624,1.4763447662155538;926,1.709967369530219;178,0.8212921191686933;487,2.2409750711773926;498,2.3061969308930603;784,3.8372958682031566
867,0;649,0.30308550847139887;701,0.7441941711472521;977,4.590455116619477;165,2.4884456528609413;68,1.040572126941507;719,1.8615537550581864;614,5.233020778034225
801,0;689,2.2019335363253414;621,6.421764315817672;901,2.8145787829440314
588,0;86,0.3545668957242631;705,0.9614010504609927
89,0;64,0.5099828217600172;1011,1.3705242294988094;606,1.547783162412975;351,2.0992363684405726;886,5.010804222824978
209,0;555,1.853138218541082;103,2.0615803598278504;398,2.654998735200479;991,2.821703751317217;249,2.910400588186737;310,3.863670978845704
506,0;324,0.14659085998025115;458,0.6220281955988157
301,0;472,0.2904525475125996;446,1.572644560378939
678,0;476,0.7744279967366255;802,1.961899131256871;895,0.8214750107397066;250,0.9788329994484188;984,2.983617724233778
807,0;179,1.9735728155151948;796,2.9447954706089723;782,3.9715269778048494;783,3.0010060518765402
279,0;661,0.7465556099336035;1020,1.4683932452571578;270,2.491884767664229;773,1.8533981731091398;920,1.577827269681807;836,6.072675922993201;51,3.0813021281177413;56,1.9808509405427954;311,2.199131059063719
980,0;67,0.2351706583047808;287,0.3012139898699737
475,0;541,1.8808674254621909;261,2.576067550757574;853,2.88052604863601;94,4.126116572008153;126,2.6212389173432915;81,5.180113571346331;919,3.3534631547444724;314,5.204944346256867;208,3.2498774192169755;836,6.861617997575263;109,4.308295857807993
65,0;179,1.0931352758987343
134,0;63,0.4924232323312809;956,1.274340027340175;270,2.2396913681373856;405,3.35906962602838;133,1.9138139437439974;496,2.7045093001890175
347,0;578,0.6961350006940847;373,1.7571782066306314;643,2.206175198717287;812,2.240887421192393;339,4.294807357779783;826,3.22140663452632;134,3.7824174797179504;956,4.552048508363572;571,4.03416134402325;1016,5.724716994415049;224,6.58352047062294;143,4.738137775063648;496,6.853195708607496;624,6.60388235316732;742,5.093827419535503;172,7.568826555395956;594,7.233211600334598;274,6.865185249954828;353,10.40553663619599;85,6.990741461111698;528,7.177520467346818;21,7.630475585303956;469,9.89429088889017;871,9.104911069363467;371,9.211451037472017;549,8.160449153040078;461,10.439675883310617;921,9.6081267957002;556,9.5164358763306;290,9.769906252961935;524,9.907594381994338;862,13.41853712893479;104,13.039956767462245;704,14.626131171404934;452,15.197840418073907
904,0;123,0.4300404607327676;334,2.994280387318447;916,3.903708316693634;566,3.1405975841961182;772,6.946567261424992
527,0;74,2.045604607668544;354,2.1418398231214377;566,2.4940598735797765;842,2.863262348304733;214,2.9749651473616456;558,3.022398169031628
458,0;927,1.0487223689402396;74,2.528474102512715;880,2.9416633096410623
952,0;941,0.3904054257693956
909,0;353,0.5399948803734766
458,0;927,0.5705387496007017;74,1.2287214231212729;289,3.823116381977936;354,1.6224489011252587;880,1.823676591338405;214,3.2006227405590453;789,4.705776805678102;327,4.681622205928144;782,9.38272094780356;173,5.271867929296871;77,5.470599799424622;115,5.9813068459878265;342,10.021095137696427;853,10.447996950468182;208,11.173060762121597;617,10.846839385200207;28,12.165919428861436;680,11.108915453127738;401,11.50761737160749;266,11.726825001080863
819,0;366,3.010657253702232;451,3.6598852493335454;337,3.507448688761083;100,3.761199158423034
342,0;853,0.3995110210774677;314,1.8973628750768654;208,1.3087415530150528;617,0.7500869087058506;28,0.7894740526219574;680,0.8763187078719967;413,1.8206178542059657;401,2.2894219309898594;155,2.872281015636913;363,3.002689590937754
124,0;534,0.1970754035763388
430,0;794,1.4527867553516394
853,0;314,1.3360146210003423
201,0;819,0.4851581821005579;366,2.1706516999471357;847,1.1931213254716984
407,0;390,0.61274213922014
348,0;461,0.18235812857944245
557,0;979,0.4540100530310311;660,1.3536163314041925
963,0;359,0.9953608183280314;240,0.7523093755943481;424,2.1336125677225013;133,4.050531661939953
492,0;383,1.1376102153552776
494,0;642,0.7788098156666882;315,2.0280662823464572;946,0.913443884496242;571,2.120016189453857;1016,2.2709424571611727
991,0;249,0.9744969021776785
162,0;797,1.627319647088399;961,2.972909269665644;361,5.44249015838013
704,0;878,0.10748010842812526
454,0;943,0.0383013707398088;939,0.8595574197297511;700,1.154916093611427;324,3.9362047981777843;462,5.067559278735795;458,3.9615072024107487
752,0;578,2.398249915954599;982,0.19437904076391208
68,0;719,1.026653549577176
472,0;446,0.45788504550790143;600,0.8900636206056178
666,0;752,0.19885162082459315;131,1.366844465868062;578,1.3912132432145619;982,0.6627043230164948
787,0;871,1.0513995118038388
960,0;945,0.2216184250530915;340,2.281855717549504;898,0.8930995990646342
279,0;679,0.4015000841220015;780,2.7563983651614103;23,0.7673463383626205;886,3.6547021320869693
650,0;178,1.0761824635803392
734,0;29,0.9917785300150871;296,0.9999753116512984
804,0;674,0.6218433219665809;285,2.1817961878889913
676,0;311,0.18291145771807873
591,0;558,0.27554840829541655;744,0.3893649864619051;107,2.4103654561896226;605,2.902181296298802;276,2.7231973106254266;366,2.6424080140496167;337,3.7358120243956563;537,4.876027817012977
490,0;573,1.5980522834427282;430,0.051069962348399306;896,1.7707071425939436;974,1.6818694505582532;978,2.2981097227728595;245,2.808344237994759;797,3.8632953982855756
32,0;949,2.2322948125113387
375,0;582,3.232875329913062;153,0.00033970995245791966;610,2.269190720612345;595,0.14033043790154429;286,4.092307823427488;133,4.640159961832821;129,5.510951628422591;116,4.604187693951355;323,5.680175576494445;371,5.0482009070504015;993,7.008493239868314
784,0;834,1.3449735523353434;761,2.0714060553815035;34,6.16070227794936;46,7.07057577874351
531,0;533,0.5514674907348304
380,0;872,0.6727843352141415;770,1.0081438880937734
193,0;1013,2.9966738333699126
958,0;470,1.0333948122167087;278,1.3770312526339177
617,0;28,0.7705346430902463
910,0;703,1.4968652251098327;880,1.8304628539115657;733,2.389029117271413
38,0;165,1.9514468456132246
276,0;565,2.5461862924617438;812,3.8878233171606924;219,4.520752878324483;826,3.939545586010638;880,6.121753507347638;479,5.486543132332585;206,6.834103729510311
345,0;441,1.6322713313955055
867,0;649,1.4212608771051771;694,1.609430100967418;864,4.0310890417656875;680,3.6282564559272568;476,1.8454978344782482;256,3.6026712339590983;895,8.388713714022268;348,2.5411493174078394;250,2.0530347397437367;461,3.1119408089394076
810,0;397,0.4399102279882576;806,0.342186178422683;255,0.13717989623283577;877,1.3470252008261965;909,4.34146829219375;261,1.4012525138822223;853,3.3807444445796846;94,1.4750923591310274;126,1.5838435128199562;642,4.555878253301336;109,2.553068966461294;748,4.3436222564672295;208,3.5251848868192024;617,3.430177842908595;680,4.441273226711283;353,5.351452156370912;401,5.006014903691601;622,4.725465560415725;370,5.351876696227531
840,0;411,0.8690709327614897;158,1.4858919101585744;476,2.6786930978293935;848,1.6608819095640979;250,2.9594114414058894
421,0;797,0.7490790272029283;961,2.464875967917165;361,5.779463470591143
55,0;93,0.4589077463295264;61,0.061918068891072;985,0.7898441009193922;964,2.216770776253853;750,0.5517620276889617;289,2.979161144469084;789,5.461832950786263;327,3.150779791088457;57,3.6105628985640523;254,4.355101414909178;685,5.180513180419589;521,5.971593708330977;546,6.168009414756841
988,0;218,0.07292500273885053;266,1.3340681128543328
138,0;739,0.203522725730912;609,0.9118640640330804;514,1.0095143852516812;481,1.2847318057793653;384,1.2044931632423812;240,1.3740304174029137;74,1.6988777109679567;999,1.6701009153269304;815,2.2345604920674864;424,1.4038511989299984;221,2.351714081411794;533,5.330170462805614;68,2.5115145365972067;886,4.022565873685063;719,3.546616344805848;413,5.271949896705177;735,5.392940263494188;155,5.771080641936887;363,6.657379457532235;846,6.253295842106394;567,7.416215505965905
896,0;245,0.4259211119648475;739,1.2181176966761895;371,1.4119430187166093;137,1.4983017155185834;609,2.247030555802989;993,2.519444969053375;75,1.6344775725139602;74,3.895907538418408;668,3.774734449018711;68,4.228701944824913
44,0;338,1.7951900322000272;245,0.9391759861454535;797,2.2781938363909413;739,1.4285697461986382;137,1.6086402447377468;74,2.359305750741474;643,5.57467403429181;961,3.5202826857445815;354,2.373870286143754;480,5.806761400519581;566,3.3214992020974665;842,3.5452138390431642;214,5.97871242760378;361,3.526139586171686;277,7.493606247605713;720,6.208356253893919;558,8.663916323671309;576,7.842107667858244
375,0;988,0.3502805300279975;610,2.208212999793655;218,1.2261705254802004;266,3.232441107202467;125,1.949915039905129;882,2.4225003475858577;762,3.289442927665174;271,4.676225119346132;611,6.2569377525026955;527,6.272220675630614;711,6.3505199245077515;776,7.484659138806013;985,7.16785711026496
435,0;594,2.1396785734304595;109,1.8455076879488144;999,1.7939001385884443;221,1.8830098938237163;533,3.804702734757136
144,0;644,1.4693821759438552
954,0;62,0.10924987504332467;890,0.29036602903777087;643,0.6549902605996358;339,1.9342721501986084;828,0.8359478987916633;642,0.854318731477194;946,2.686105877792414;143,2.5312280908881113;113,2.0325508896343347;105,5.2145512933209295;50,8.629667782844852;335,3.1787106929950038;470,3.22721450707804;278,3.5187586896085383;182,4.442995695628318;656,6.103808563390593;940,9.23530903959513;358,9.911802699246842;53,7.70591487913767;729,6.895630067303941;74,8.61224680279104;880,9.861323576327981;733,10.031012552079021;815,10.563365523984565;415,10.736345957330041
275,0;393,0.08339156383144408
811,0;1022,1.5535797056136764
613,0;797,0.004981742681325685
901,0;323,0.9941348266391141;565,0.37674755565086027;812,1.5789958822083747;677,3.0704467858824787;602,4.753842308760304;248,4.239159997654669;354,4.274817736492753;842,5.0023986620155085
388,0;365,0.8668543441591017;775,2.3627367991363935;134,0.9006696120381915;63,2.5394485803911007;956,1.0734055475319082;496,1.563062666415954;405,2.5481396846000086;847,2.6791150700543094;1023,2.991505732598704;626,3.0610570552101493
974,0;978,0.26995633372107386
351,0;886,1.1386715380668189;470,0.8314116747134414;410,0.30972098545523696;278,1.4678839467859672;182,2.764589339886654;79,4.540190433714377
542,0;107,0.4219259640971731;915,0.33130123609806356;843,1.9212822637095794;984,1.0196609178559162;276,0.9114918441965316;565,1.332879996910063;115,2.8985961998339578;808,1.3073757067713427;187,1.3188514013258823;449,1.5298543142918541;724,2.67643181675985;858,3.0567804967334573;924,2.6800342424062222;30,4.4063668064071955
352,0;1007,1.3973107366212438;875,1.6354142594022882;185,1.7288037288135572;23,4.5525250990819535
522,0;557,0.9736778701992254;563,1.0629033136111645;963,0.7395077311606444;540,4.426152148713025;979,2.885438953475418;660,3.376629529678279;931,0.976864209387252;907,1.2940585824649071;249,1.4824668776716157;337,2.7962207769699714;175,1.4675357051202838;310,2.2642070063160924
287,0;412,0.6858459825525026
83,0;647,0.5388807661331261;476,1.1815445958378343;477,2.926746587604132;802,1.3011883779891502;895,2.2231744754129643;237,3.095903248618314;282,3.3094725847227924
815,0;540,0.8761085058801314;886,2.8599077241706503
355,0;693,1.682808486520075
938,0;633,0.9228293032085315;661,0.3964015613250841;270,1.4271008731694899;702,1.3630364627021923;1003,1.7910730971459665;590,3.17392946948324
624,0;172,0.38315048248433814;824,0.22509389117407247;594,0.49136999089260663;274,0.8412348564143473;408,0.8837811854483395;372,1.1816314709535662;469,2.0331094934080043;818,0.5059936347618352;23,4.255840601520461
902,0;164,0.42515354809956557;728,1.0830138481349212;10,1.2625534827411762;310,3.31933234685423;893,3.9355151979737;894,5.214563445715477;30,4.204357608651932;141,5.457797464645607
583,0;700,1.5963235463116356;324,2.999001759843702;462,3.331350714204327;458,4.166186671232878;927,4.424200422569138
134,0;63,1.591848484684635;956,0.9918473225249061;133,3.3129322328076904;496,4.546940476344918;48,1.6753074975832725;513,1.818760095266343;122,3.6548485355155136;353,4.576799493437221
528,0;457,0.06868966759709032;525,0.9970069356350021;782,1.9718094476224721
909,0;353,0.12437384002274116
120,0;698,1.0443785572197573;514,3.411204183652613
1018,0;706,0.6889005366425015;220,1.754245064462606;525,3.349372588756471;831,2.81925006770845;532,2.207421527731361;782,5.249151151870704
163,0;853,1.2495560204286582;919,1.8863653649133323;314,1.5941868317297767;208,1.2748484598344476
698,0;514,0.32495423273948937;384,0.497499156149236;240,0.7829184374791309;424,3.0650565530043528
271,0;611,0.3401935543578531;354,0.5924408481420171;527,0.7937319928106885;711,0.5221746961633142;842,1.3484627447403459;214,3.5528446402298304;776,1.0780239306420574;167,1.1108312836905594;558,4.640598582666862;107,6.550819176996656;605,6.8236748499308435
726,0;413,0.5620981391225199;479,2.1925054385927734;155,1.187418345139206;363,1.1168592535718116;846,1.2454110961381717;567,3.2885394996743385
258,0;727,4.692223208148185;63,0.6590957635217422;433,0.11557822725106712;48,0.779632661928339
912,0;285,0.17543926550284242
843,0;858,0.42700247393032276;719,2.044170939149078;924,0.18500157566756084;155,1.2005383927825637;30,3.006262112968665;846,2.0004719190009115;413,3.0621820374091278;959,3.0746822868232377;735,3.8014094520387065;363,3.3750479850532735;296,3.1919925769335973
542,0;915,1.0858190423393603;766,1.6263239675044932;843,1.34492004887767;719,2.0948627608317336;924,1.4305720687513839;413,2.390486295923769;959,3.481106016575379;735,2.526777877209722;155,2.536224099987379;363,3.121020501117196;846,2.559421756935948
458,0;927,0.3817365998290593;289,1.2025001776809727;789,3.2480434725638716;68,1.3357200540185878;719,1.4940731331892518;891,2.180691963202073;47,3.9124586441476756
389,0;793,0.31580894602435594
403,0;839,0.2795867990228678;893,0.39111925879894566;146,0.6575289668541677;894,0.46153799941960066;30,0.8079624347648835
404,0;144,0.35774441710704263
870,0;555,0.9249223034879988;232,2.6685940044998415;103,1.0825951894203296
786,0;523,0.02450726292683346;157,1.100241588539983
785,0;806,0.324850135915904;85,0.3879481462241228
726,0;413,0.5124324687317926;735,1.317899350955223;155,0.5224829357093929;363,3.29440121733374;846,1.6606641546605445;567,3.8210135129140728;584,4.129896357567102
149,0;199,0.5537066450674472
705,0;540,1.0795678458418094
496,0;353,3.2930028626904018;104,4.740074953410819;704,5.393750412687819;452,7.068770506709567
535,0;853,0.8824113569249494;919,0.913967152821789;314,4.263215252222583;208,0.9312463095836462
817,0;431,1.0861220423208422;441,2.424774554392604;582,1.7311637233747534
777,0;408,0.437876647089761;825,0.4748726528661227;854,0.8628039726998789;296,0.834869081129701;104,2.9697365041157053
549,0;688,4.076354755265121
702,0;1003,2.438021893023847;590,3.819276721717991;714,10.453464147726363
865,0;791,1.3535632530057877;25,3.8688781216295225;611,4.346511814225116;711,4.6284327083010695;469,5.0899136544455965
413,0;959,1.2681833542344652;155,1.3628176126363083;296,2.001071810111167;846,1.3773102977008758
839,0;893,0.22266594973356027;98,1.0377835763961683;339,0.8998960778674551;935,0.9849726930564218;894,0.4005034478005607;30,2.3121499012661606;143,1.8179416121215;113,1.1956826186046183;914,1.4200477826674627;105,4.34455688325712;50,1.3222857063712357;335,2.5844043129921612;624,3.1315461360943475;490,2.4251347127313916;470,2.677714678052852;278,2.9651707740519853;172,5.642930286359791;824,6.6975907982912135;274,3.349543682256947;85,3.620681624080594;371,7.040627848527594;408,9.09132991214221;825,9.94132898475735;854,10.09765628844543;296,12.604393789616406;104,13.284497386507486
643,0;812,0.3696391497629835;339,0.5512311789252398;219,2.843973828935001;677,2.2489713149617105;602,6.2787480376329246;248,3.0652254928145335;880,4.6390436111131494;486,3.452191376798657;354,3.567316970960916;566,5.774703666562446;842,6.070844511164364;733,5.726202502916206
656,0;358,0.6531770290765838
469,0;862,1.7437683732729203
565,0;812,1.5699201230822315;826,3.508371630754607;134,4.002886831028013;63,7.725540390687042;429,4.096346001381969;270,8.152283691736386
90,0;341,0.24373519259938756;441,3.186766558438752;993,0.6777519415544383;668,1.01317058759642;135,4.791680932647908
968,0;388,0.07957188552923404;365,0.15288409092545951
680,0;401,0.1902021475666453;742,3.4645325095134907
272,0;485,0.10555758494869488;620,1.3358929003024735;450,1.3700635524912619;588,1.5755562010885331;86,2.919404898184557
315,0;340,2.0318452351995737;632,5.132707985032051
384,0;240,2.9686461687584402;815,3.9818627030683267;424,6.533666703317218;540,4.547178260030684;886,5.351893730108422
33,0;875,1.9472138788787656;702,5.244917836673892;325,2.0006759149398876;972,2.0388677924481353;218,5.944473091089083;98,7.153804391936222;914,7.327713240322848
927,0;74,0.868821754470032;289,0.7910365642449513;789,3.2734776600934494;68,1.5269706267357264;880,1.781846532717533
329,0;858,0.543236772633962
611,0;527,1.546515086734794;776,1.869461837563459;74,1.75772820119636
394,0;205,0.8841690969024575;895,1.4376608848068098
888,0;343,0.2966587534725697;903,0.8265023836797489;973,1.9701169628008333;800,2.529546542714935;216,5.339090900696517;906,7.09140451769608
960,0;945,0.0010364624752576745
583,0;700,0.8759107920428851
300,0;410,1.8180068432085916
278,0;182,0.4268928412981799;940,1.7654778941231994
395,0;952,0.5961345965142489;941,0.7746537332433866;223,1.9865522418759927
92,0;93,0.968011552576047;964,1.5447914586375666;750,1.2350158937412203;496,1.3006134598375922
139,0;152,1.0647045545278362;422,3.819207203295819
974,0;978,0.4996843315615644
778,0;95,0.778933724538274
848,0;356,0.049145286471182784;350,0.22001126576763874;788,2.5515861972367433;542,0.29286349664062483;951,0.27679872244835213;476,3.5590130870929246;915,1.0757002048667585;766,1.874623314594436;982,2.9440671165026537;802,8.307859874783569;984,9.661017254432235;808,9.911240895495787
356,0;788,1.8903667230806396;331,1.207690567262805;41,1.650396336576387;416,2.1167318842677516;981,1.875172133403605;343,1.829746793907865;903,4.022900940377636;982,2.0316421925226114;800,6.86415389258981
368,0;9,1.5068322458928896;510,1.7360498081755578;237,1.8688500501867773
509,0;758,0.6565965491732417
674,0;265,0.0038174070361966217;580,0.5413153807815658;339,1.6524196496712873;667,0.6870340589013815;955,4.327077274706881;113,1.6579631155568644;760,4.799192720177974;105,4.23408724877688;50,2.0805253934251056
334,0;566,0.0028560638693513277
707,0;940,3.0297080144644055
535,0;853,1.598210525279628;919,2.3499058408365725;208,2.3528774366117906;617,1.9468149634297236
141,0;443,0.9402526560733464
1021,0;535,0.9768744863135564;853,3.361429488417665;919,4.664428706159745;314,3.3708101098127394
358,0;815,0.965962626974129
998,0;937,0.14928315536998077;134,0.3540775860483939;573,0.20976623135512174;422,2.180835120357694;974,0.3728715463876673;63,1.4615722500809833;429,2.0706218893244865;270,1.7828274445031487;978,1.9313012788383135;48,1.603461887862477;71,4.173977691607481
582,0;286,0.18450591695922977;133,1.975765379872064
500,0;150,1.7719453328023984
1012,0;422,0.7975848108730891;71,1.4215240695851172
599,0;281,0.1721985267866537;723,0.5208407016198848
607,0;534,1.0298155729277851
726,0;931,0.3901338538818184;907,2.835255925999487;249,6.1504752435750865;738,3.919993038314923;108,4.317476769282583;420,4.4107391772407745;225,4.472646466565433
920,0;836,1.0440804317683499
392,0;555,0.19109039632957972
279,0;661,0.3864085753680841;679,0.6841532374248839;780,0.9994897273246113;470,3.018856248229144;23,1.5619401790644392;886,2.210671078462561;278,3.268336303709417
633,0;702,0.35388385465718053;1003,1.0823048207395547;98,0.40066086813428514;914,4.887077218218813;496,5.832185491555648
94,0;836,2.7316717792803895;642,1.2791500768185904;109,0.7906898256961351;748,2.7167341832040113;622,1.6646756755835705
536,0;730,0.5549352587752502
796,0;783,1.0208803719428339
882,0;762,0.2947142592783315;271,0.9419386601446644;611,1.5921197778848146;354,4.158899189189844;480,6.72203523151563;842,4.45005131349302;395,4.70843542189771;277,9.262661853182731;720,6.804667835306645
833,0;31,0.8941576276624708;731,3.0460568505627856;89,3.279505666760971;470,4.242039294546909;278,4.878921770183976;182,4.971055467081473;656,5.632738193999463;940,5.564613303547094;53,6.418573675969879;729,5.696894398110503;635,7.116346392949538;148,9.149362384395538;112,7.15367421740181;413,12.100277937307705
677,0;463,1.0636904365346445;602,1.1580142704189067;248,1.3679682600403864;173,1.8515931622038528;486,2.5322340699767647;354,2.618582080053356;77,4.516719924947228;296,3.017553280278304;842,4.07793150278495;214,3.761920021246506;558,5.171170517242437;395,4.218253449687776;952,5.51085367151186;527,7.553761289281123;115,7.301628245937558;603,4.684643564564304;27,5.603094657306219;941,5.9255296481425885;918,5.621287730626452;223,6.307058550198056;760,6.696685550857321;925,7.927842141246938;920,9.92810481926639;342,9.363184615175754;776,8.460896482046948;74,8.053010067000153;853,9.489954873425045;919,12.651003553103541;208,9.501117037151042;617,9.993511406637582;604,9.937005628398431;51,13.699057343280955;28,11.011550361733054
300,0;410,1.3665812607882977
343,0;903,5.1491545570838;779,5.390848411844736
219,0;278,4.023816915704138;880,0.9598847057312645;479,0.18902826087295102;182,5.825374226208634
614,0;992,0.5225951080155455;369,2.04138834097284;955,3.0247258128384464
93,0;750,1.63490537391404;496,0.07116321152348522;289,3.5831892199449493;789,3.6124556346480556;173,5.02415856526776;859,5.372214723157834
816,0;928,0.4263045486789239;423,0.766226491426562
240,0;815,0.5775474262390203;540,1.110442230001264
458,0;927,2.2445982657495036;74,2.7333679901645946;289,2.770186232909696;880,4.450521670350124;327,5.415424274835832;68,2.8002744203675682;719,4.396999406614697;891,8.392062855318478
1015,0;415,0.8791385495830255
844,0;824,1.9137535145557159
74,0;68,2.6422769814647764;354,1.5129566151940865;880,0.13241645448076944;480,1.7874489730752172;891,2.6682231384041573
398,0;351,1.3063858756760602;886,1.4208364422384687
639,0;501,1.2051200944004334;757,2.708813753565639;247,2.722300195368256;121,3.30007973156484;551,3.0821378939299278;43,4.981476410012047;37,4.18168732339124;721,5.33925853488917
913,0;372,0.06565800481850398
623,0;698,1.840819592406705;514,2.7040526206119924
371,0;75,0.3702678473288635;150,2.307414329960064
287,0;412,0.05525449639049959;570,0.1415431466753201;151,2.0461170601938163
714,0;105,2.6061834931403136
391,0;212,0.38776200514618775;364,0.8499275767921686;227,2.4090544724121954;556,2.0249838636560793;983,4.148323061026776;617,2.3061109667060546;28,2.9923922055612504;573,5.684668718767743;624,6.162005474196802;172,6.354381812503069;871,6.933025930852076;371,6.356948398903746;993,9.193382297340172;921,7.099386444244866;290,7.1292635147676755;801,8.503516732949809;689,8.643617070031796;901,10.320565423332756;565,11.158996765437463;812,11.273639334207925
752,0;131,0.20178628258711442;578,3.8501539277680217;982,2.281919155861672;1000,1.6161232404950794
923,0;87,2.508693342786295;846,0.09207556855508163;567,0.12917439303719372;584,0.279368367415401;491,1.1417467439459874;307,1.1606148689403724;873,3.2661521904575266;44,1.7590979594659917;338,2.592567057400505;245,2.004794663234369;505,2.8166011854124497;361,3.403793346299169;643,6.2590364516381936;360,4.222220227447085;339,6.529216554079016;113,6.6834346503489295;760,7.316264188468321;105,7.009176698433513;50,6.926513227640774;550,8.07104794443406
169,0;955,1.2973397430031517
399,0;792,0.39798338307136494;642,0.8290124010842481;946,4.159763542431332;370,3.876495954140121;866,5.358495588499759
513,0;122,0.44649033953531025
101,0;416,2.8495913354105626;944,0.7084858183664211;239,2.4644826866305762;590,2.866527983477052;678,4.4620001506969995;599,3.241026967087013;714,3.5082326822858385;281,4.032716955610792;476,4.817719145073623;802,4.881570752132631;348,7.067322900209371;250,8.940461001179866;461,8.730308709743728;630,9.463730350072192
923,0;846,2.0394268104063573;567,2.476471588062017
519,0;179,0.12061467958499543;796,0.13437288328340727;782,0.788077585707785
327,0;782,0.7266568557658646
715,0;430,5.02724153475874;794,5.579669552042519;896,5.95890470752956
812,0;677,1.259207313441082;463,1.7368661941087034
893,0;146,0.3709144068375719;935,0.02308198810519655;894,0.4509733586517629;272,1.195362648643744
41,0;416,0.26923601945650344
205,0;895,1.758505082200081;899,0.025884749803824394
77,0;115,0.6180369410297628;603,0.8349490531666199
644,0;359,0.7461986816017463;837,0.7734886928193158
350,0;542,1.2117122196383203;107,1.9432692792146709;915,1.6358830316134616;766,1.6419306595149477;605,2.11605582797963;276,2.4427347203560137
629,0;379,0.10696359765597659
937,0;134,0.07048557230413056;573,0.5615145835865272;429,0.5445707975296095;571,0.09597737740045857;270,0.5967201830271062;1016,0.41419895966769715;224,1.1713914994740178;318,0.4199029856248639;126,0.7930420268880843;422,1.8396140296609294;934,1.4459694683041149;1006,1.7451445798881795;258,1.9123662017672685;71,2.118589204580077;727,1.9928663684009031;530,4.62568546098841;63,2.2749593129732606;433,2.1770217271460135;166,4.248664565303116;279,2.2797689670478523;405,2.546249440087002;661,3.8001092944152655;679,2.81998693380815;847,3.168068922757573;23,5.246374664001788;78,4.042976404885828;1020,4.592429039283206;349,4.262419490449742;924,4.508073571821189;250,7.293157884374337;759,4.394865103682854;155,7.337365245850543;30,6.456593066700211;205,5.4263977475743905;773,5.136716907026687;920,4.671021262616299;836,6.008479768770798;990,6.530836255965579;116,5.728944704541622;895,6.8819947290817645;463,7.571976543569548;323,6.274010842709492;371,7.0594679357704635;672,5.972947174428311;789,6.326085000843222;203,8.817554832168046;173,7.568299526916186;490,7.235317992642137;993,7.6732609836086905;846,8.289067534099594;859,7.8944784375429;77,7.913665785903189;246,9.307684590304577;526,7.917852718794354;620,8.447735470744233;588,8.975775597120744
240,0;424,0.10836167869412962
143,0;624,1.5239880743724217;172,1.5318108059285664;594,1.6217541545886305;274,2.1412905108961304;371,1.887195943057217;469,1.8028173714503535;862,5.3766745404210115;993,3.4396380596878657;75,2.035113967969403
94,0;836,1.8321702047187753;642,0.07305917839734571;109,2.0624048392493917;946,0.1556209147983756;622,0.5613172515559544;370,0.543394345107;748,5.836011848570935
986,0;131,0.2023732079753165;1000,0.4455454435097775
261,0;853,1.637738630530394;126,1.1449321521283777;934,1.1812538363270133;314,2.0781040738707017;208,1.8027914088693866;617,2.680912268848968;28,2.7899676879230757
795,0;401,0.7448163540633412
996,0;52,0.008603787352061694
954,0;62,0.07926844609902627;890,0.1442629422388436;447,0.06459042316170338;771,0.25343694330932;656,3.563549211372083;729,4.652022222800576;635,4.858112663195922;148,4.8810732906176755;308,4.965350876457298;413,5.319806372809617;479,5.777477546320428;959,5.685202621644681;155,5.588196162156117;846,7.202235586675579;296,5.786875828871823;206,5.944616200775905
589,0;155,0.3169114758804637;437,0.3721004624806117
582,0;286,0.3399085460541647;133,2.431750627405587;116,1.9190123651396946;323,4.249038279914685;672,2.234575154758197;203,3.466221837496898;211,3.495122229146931
22,0;952,0.8250035850028086;941,2.002699674588772;223,2.1686213201720914
992,0;570,0.33048957555058156;151,1.5570822860288738
1004,0;494,0.19746461381627287;642,0.4903851789081439
1023,0;626,1.1156902962218163;61,0.4667756363742114;985,2.040219929111383;388,5.346812561851507;500,3.001095852540238
700,0;324,0.446377090337412;462,4.106423939977869
930,0;220,1.6726113833596266;525,3.3313459466599156;831,2.462858391966077;532,3.969166594727222
952,0;27,0.2715638480805689;941,3.667741240196909
131,0;1000,2.0878385595584925
680,0;413,0.14574261999064275;401,1.6360280304887298;742,0.4677822277438527;479,0.29867307857271186;959,0.4255195793543183;363,0.7835040471389668;206,2.110227237793759;296,1.7012536817779422;891,1.7529865493278018
983,0;650,1.1526369317348437;163,1.631612378242076;1001,1.6322692844165325;926,1.4267204535988116;178,1.5814731112274067;962,1.8979809787836537;738,2.493221599543515;108,5.11021615416652
613,0;797,0.4807756560032435
496,0;353,0.29321661132467086
626,0;388,1.8395827710733454
315,0;340,1.8513030182453174;805,2.0828336476115066;63,3.069529389532446
70,0;504,0.8580447654135744
583,0;700,0.6931049260850781;324,1.2203381468477055
182,0;940,0.2876172789728934
22,0;952,0.1817561049544017;27,0.7755295544971761;941,0.6309898357894621;829,1.704377801828226;942,2.503453451214738
767,0;823,1.0131473496201706;506,1.56519396412863;46,2.2742546464922233;42,1.7711763996368173;324,2.275362188226133;462,4.311338347400257;458,2.5321153123891746
279,0;661,0.5024483938539391;679,0.041860156272031074;78,1.6067164251206636;349,2.441343544185235;924,1.8251684547490072;250,2.0470582719607697;30,3.9071614953956235;777,2.2586624285515917;408,3.3940730703350073;841,3.4766341694369913;825,5.563455513087307;855,3.869911856002009
411,0;158,1.1085135798555283;476,1.578337656070675;338,1.3395900357088806;684,2.8785677669020266;848,1.4724295159379586;361,2.2624563580608066;802,1.9130035887055485;895,2.5097615574629417;984,4.080698059496371;115,4.929596359953666;808,4.854036728203818;187,5.087029892406528;724,6.628014914536145
77,0;115,0.711764773538097;603,3.003915567252324;342,1.2631632794858643;186,5.193656959112083;64,8.965117738607141
701,0;165,0.8623679011972395;68,0.672488558905144;891,0.8257562769160285
960,0;945,1.728631567813637
366,0;337,1.836062618042438
16,0;742,0.07049067084308601;891,0.2658723876273168;47,1.271267202011942
807,0;750,1.726504897813575;289,1.9086977785628159;789,2.4321894406844633;327,2.255208878657936;68,2.0968304330262404;719,2.9944577884401804;782,2.324132380005551
425,0;560,0.8135568867470073
99,0;215,1.1503957677127226
299,0;833,0.2390031894053167;660,2.512716249434763;971,1.6248147421021855;731,0.7756537918171952;89,0.8104165030600061;470,0.8828287410455895;64,2.7929113218971127;467,0.8326819708457134;1011,1.5082625365726066;278,3.4717868992738117;606,2.94853792104424;585,4.5671338236302175;182,6.874362877229133;79,9.607007075708763;940,7.778662170582566
36,0;633,0.5073670885609843;798,0.37308024591534145;382,4.067399120984138;702,1.8170524963923116;1003,3.3663703061467025;623,1.8537222251207701;98,1.8614827070004742;698,2.080092227486933;937,2.1745261026290383;914,1.871160487600167;253,2.2336416445420415;496,3.406496704074523;514,2.5809765299367933;134,2.4112676563946436;573,3.150822976580299;818,3.534760348866566;429,2.7774619328162857;571,3.0041576906024634;270,2.5074608709858994;384,3.7976675414103482;126,4.3264923018759305;1016,3.106795081962768;224,3.360360143481442;974,5.010580436313637;353,5.402360037483847;927,4.101893548577986;81,5.376223015217192
281,0;723,1.0461818692813494
715,0;430,0.49496898592670696;794,1.260733670998265;896,0.5198270116300515;410,0.4965658198473062;245,0.5339952573618536;451,4.196490938104634
644,0;359,2.5630580804212366
655,0;492,0.05869114249558549
341,0;993,0.39106634622546865
177,0;962,0.6294197782823575;49,0.36175305624067255;738,1.3215969052410168;108,1.834589543564856;420,2.8933071322184576;225,3.0374784007353397
369,0;955,0.05313688097408034;653,0.38339743276322696;39,2.2879421017530017
977,0;621,2.638582816464265
757,0;247,0.34208214575985113;121,0.18977881406730415
78,0;349,0.00736743074780089
773,0;789,0.6104834418861842;56,4.420860518022052;173,1.2261369116828296;77,1.9142930043727562;115,2.357445429513197;603,2.6544604044414704;186,3.7862042403975744;391,4.061524139409862;212,4.764233558264692;364,4.996592998516277;84,5.046394944833193
793,0;801,0.6334935901742312;689,1.7060011853861439
906,0;32,0.22778135848764353;949,0.9218466921636999;744,2.281952100771651
603,0;186,0.7338968972359143;391,1.722578886978153;212,2.606654255924105
404,0;226,0.471191039582428;144,0.06274183332197181;69,0.5944460511882111;644,0.20156181513394852
634,0;153,0.9272515208440479;625,1.4107902237690677;496,1.4484192237793492
536,0;730,1.0066036338667876
934,0;467,0.10894124424768173
875,0;325,1.070766714189394;972,1.350165812455398;974,1.3826464331843997;931,1.5379565697331468;978,4.502194673368653;907,3.066391131324864;420,5.160377325921856;175,3.291536155955216;738,5.256907143797515;467,3.321053655159262;816,5.669659702761721;225,9.36824958194901;108,5.377085923567623;928,5.963089199352988;423,5.979835630397418;53,6.9988910258520605
259,0;704,0.16513253926927718;878,1.2202334540529556;452,0.9606451761301533
752,0;131,0.5661812629499302;982,2.64847245470798
554,0;135,0.12026903234069192
781,0;478,2.898038590251871
44,0;738,0.46147698710950985;338,0.43976922159106135;663,0.7637621719845892;505,0.7355539142284169;361,0.49616330751055365;643,1.1537073667463562;108,2.40274479549714;376,2.4808185534939633;812,3.626592958527119;966,2.989876843770101;1010,3.836872953448253;58,3.3082175270037064;141,4.178139744413678;219,4.6804079491293304;443,4.520605850272087;650,4.483146298967182;163,7.600038809081766;926,4.906573594423165;178,4.5430108115304275
417,0;692,0.2997675313995838;86,3.801061214314954;536,0.5543509142078734;730,2.032022400796371;705,4.622997073825683
487,0;195,0.8275353136479885
580,0;559,0.6640021492746573;811,1.8900099581794745;817,1.5188118074002754;534,0.9713451381909517;431,2.107475476994913;441,4.086107757030262;582,3.6966582173247717;135,5.875914865317931
791,0;61,1.1396652751086247;25,0.30226836124411555;200,0.15452629755569255;941,0.6429205650758282;758,0.6918809825546425;985,1.2186629913547569;500,1.7748468964069053
635,0;112,2.753322776404716;574,0.7108194189139914;308,0.2959802301364448
177,0;962,2.4672109232696466;14,1.771329720656719;49,1.661021805641109;738,2.8197032806927442;108,3.3477674236795494;420,3.9280045303912416
23,0;116,1.864551074471049;323,4.263381973644552;672,2.69605627603564;789,2.9848612785196864;203,4.235370875440635;173,3.5183352169614723;859,3.756311843401622;77,6.114172648606737;620,4.014930235634281;647,4.281768133452324;58,5.123350374094306;588,4.089597541263616;276,5.559858835025548;86,4.472690071322678;211,7.644365144642979;476,4.967030860964895;477,5.518250883457112;802,6.729697955961133;895,4.975029708609717;141,7.0435426781534725;718,5.702075102906014;237,7.846974441706993;565,10.41182235543775;537,5.782468779073537;7,6.634104666428893;650,7.571942005947921;163,9.016605815653332;1001,8.002083811495197;926,7.5901295410749965;853,9.55210901556986;395,9.312539344283168;314,10.995391205483886;617,11.090738530349942
161,0;96,0.246106274768666;640,0.8812330920839619
322,0;204,0.6448210033710088;330,0.8875233976183469;642,1.335439679338366;526,1.8939348524990378;315,1.7918390919871836;946,5.103323540676339;370,5.259804763093939;688,2.3323237960045375
182,0;79,1.6224913310197275;656,0.24831968049210146;53,0.4433463976967535
152,0;978,0.3579958312794416;389,1.8232087837809092;536,2.5070394070171518;730,4.903985854352722
596,0;632,0.6541935056590751
613,0;797,2.0701095819442714;961,2.2585889056768544;361,2.6197087048039784
810,0;806,1.7478045590942832;85,1.8550814524659216
68,0;719,0.822961726447284;891,0.004018930695710368;413,1.5798646911523353;959,1.7736450340841459;735,1.7429787401824766;384,2.395613570001861
74,0;68,1.0352193377751255;719,1.1059415576843252
175,0;490,0.695572029800808;467,0.6934443033807577
674,0;250,0.06945500356945171;285,0.05080226263757417;777,0.16968109208875082
430,0;410,1.3442627169948576
813,0;586,1.1578954540515651;797,2.1683804935991047;103,1.7840715394796605;398,2.3126665104042354;961,2.575768272561576;243,3.8783520957733115;351,3.0575892835342984;886,3.9252965564339304;470,4.9805691329281565;410,7.338160101352407;278,5.8237116489392875;182,6.820946531681893;656,8.674028949154602;940,6.998398759603624;358,9.21580821148152
914,0;496,0.4493575042626641;353,1.1910610426699884
702,0;1003,0.21993914626186764;623,2.333982986039821
0,0;794,2.902037512193038;389,0.012353277447701446;536,0.017446041198294477;451,3.3171567724000566
503,0;252,0.4172068619931957;677,5.992704018600239;463,6.464708833184793;602,6.129200267544558;722,6.149304399619333
63,0;405,1.01907222307712;48,0.5063980979884279;513,1.0976506399500523;862,2.09058021063945;122,1.6040162361331702;493,1.832201837589721;683,2.4219622661287787;165,4.725096184410404
554,0;973,0.5631851895550343;749,0.6482302300079816;1001,1.0556013040408647;344,1.7644888906784761;408,2.8486232697091314;687,1.7728043705828291;311,2.142414113047518;439,3.1170424172342015
616,0;441,0.8273328354152505;847,0.8719078140906299
996,0;52,0.458888865738626
808,0;187,0.2202641890778791;724,2.1897513725638658
351,0;886,0.30484691469241754
182,0;79,0.9539833732152576;656,1.5411909670229669;940,0.3013016843817598;358,1.5414654639481202
625,0;496,1.5576251099263587
814,0;924,0.6654172758515149;30,1.8122480236789262;205,1.0437893002681595;533,2.131318040851536;899,4.62117350308279;490,5.541636937084145;573,6.5094000759042;430,6.328052043525893;794,7.462344860451293;974,7.41680179446738;978,7.757715305854886;451,7.533811003737903;171,7.928741918297137;100,8.957367106289073
327,0;782,0.6007594230720877
916,0;241,2.5745991077579276;438,3.6292427992203766;703,4.89093836864852;880,5.26340587463977
385,0;196,0.6035746072831143;784,0.06323095004179305;834,0.2853616634076962;18,1.2702060062039497
693,0;796,1.1882492051099416;782,1.6430255147318376;783,1.2988012558313513
768,0;957,0.29742997506821933
134,0;63,0.719810078520556;429,1.3278809979817585;571,0.9423622195690501;405,2.4251921356675497;48,2.1970761314523917;224,1.3956401204305973;126,1.51338994516252;934,2.4294339962327256;862,2.9478462144614217;258,3.8920195377934044;727,5.867952909115656;530,4.335569082748132;433,3.971020077272614;279,4.5692223023890675;679,6.420673963878324
103,0;398,0.2866664209910124;243,1.0068097238963167
679,0;780,0.033029519298188814;470,2.6919620800379307;278,4.01843818381379
205,0;533,1.2941445582909956;463,0.9772255510228651;899,1.4214756818575507;526,1.4167588707042986;173,1.8910022208079766;651,1.4283084749569146;688,2.526409005302397;382,3.0577552082379538;897,2.099167395209489;859,2.247032475052856;647,2.282389051778363;801,2.625040670888769;577,4.327492287304144
925,0;1014,2.7929615637454814;787,2.998460598904098;871,3.6831490784659007;921,3.7324450651420205;524,4.121079756841575
869,0;233,0.2657206786913293;182,0.26316227368478007;77,1.0420971901833203;656,0.7279699162668622;358,1.022543682966955;53,2.0018412297456276;815,1.1108241641798213;115,2.720920980375742;74,2.029102874617861;68,2.2188219373336446;354,2.4920731297654215;719,4.158202697967068;566,4.600727725472486;413,4.843153010098369;479,5.29984099160637;206,6.275675373682063
366,0;337,3.2556064064479693
835,0;589,0.446366414923747
1012,0;422,0.8871582857825379;71,1.5099132843720595;166,4.06658758079088;17,4.296016574992089;759,4.072329923501037
848,0;756,0.7190412255186645;712,2.7543169377183605;92,3.8989970977732407;82,4.424294018298478;811,5.393175174292354;81,4.968076067141517;525,5.580066372192434
62,0;656,0.12797100076541584;729,1.9612707060574963;915,2.008458033349438;635,1.9853672507658042;517,2.2573900510951863;148,2.785536799646588;112,3.056841733842188;574,3.2109561514539764;308,2.8865917874038267;843,3.1277933749879234;719,4.113388529434078;924,4.248764103071484
698,0;514,0.7264515412371693;481,1.2970099576230956;74,1.657218988130129;999,6.441763091242964;68,2.7759043146789923;221,8.749576032150566;533,8.99977287682427
840,0;411,0.7607932061608169;158,0.9852970028489221;338,2.108360487627972;848,1.7182911573207287;356,1.879286622344299;788,3.910051265059181;505,7.83077416145836;1017,4.464929398682449
844,0;824,1.290899863609407;408,2.190680814381764;372,1.4491235813640864
903,0;973,0.15060719493068042;749,0.22474019136018217;344,0.8941418542244982;408,1.4914826018302554;825,2.4631901288406235;854,3.078944995478296;296,3.2227521490435507;104,4.910607012171184;704,6.007815071846238;878,7.39861398705674;1008,7.790774677743281
421,0;797,0.9616345997503725
86,0;705,1.0342866504424046
96,0;572,0.06981947626226637;297,0.48246295280741297;955,0.9590305445840852;597,0.8684798242788353
476,0;895,2.0727774167781736;348,0.43291491320415443;250,0.935101456313704;461,1.6994773734928144;777,1.9604571701746103;630,2.413056487941969;408,3.2719664051068795
617,0;680,3.0586326403170063;401,7.0004764869836515
1007,0;941,1.4800942660132426
778,0;95,0.12327370774139483
698,0;514,0.31891550355899545
786,0;820,0.027564927858600187;523,1.486433364757866;857,0.8878067646072384;157,2.1854064109695295
107,0;605,1.726812538930375;276,0.7207273862346226;366,2.2344908472538876;565,1.8448899897236564;537,2.841372618515151;812,5.371576352036443;337,3.0199479179129387;219,5.402751673059163;826,5.681686293242018;880,9.432880528772344;479,7.296236580524847;134,6.260451876653481;63,6.4947872027602775;956,7.450842522238057;429,6.981888588351146;126,8.077294880207115;81,10.308897408025882;525,10.53548389904591;782,10.772518160167326
736,0;316,0.2793776609848331;704,0.6280434288740713;878,0.6421906492453864;452,1.4246565104958777
887,0;956,0.7965039990782417;496,1.131493198582629;353,1.4847832355463249
41,0;416,1.5539601468646178;343,1.5451838937830717;410,3.836873522959155
784,0;834,0.1586692000999035;34,0.8590234089979236;46,2.407242420374595;4,1.276217404404262
234,0;102,0.029282159424108764;290,0.5592090752359669;714,0.6023113723855893;105,1.2051244590873749
120,0;698,2.8223489688443153;767,0.3255940139064792;812,0.4983950662001865;271,0.9346912843515387;823,0.7297024320231922;219,1.3012335785815168;677,0.6491531825476058;602,1.8928164617396017;248,1.0067781115867396;804,1.018194135103786;46,1.5683285580896902;611,1.6037375124838449;486,2.544182400268402;354,1.8271524267255592;674,2.808506945993203;880,1.5103471922580844;479,2.0752294275832264;733,3.0625415133320795;842,1.9982753728978966;265,2.8253696830837858;250,4.013751741532291;285,5.256263670910755;462,8.773399265753186;580,3.0136249909595407;339,3.0333417057195207;113,4.260231484235103;161,3.3930867819927704;777,4.8712677442367855;50,4.287287636934291
398,0;243,0.4010852916998422;351,1.367685854684393;410,2.2791574639777306
513,0;122,0.22182596797064574;937,1.1996369492584955;573,2.1427639121191175;422,2.675313267915919;974,2.711116118314809;512,3.7690844725408255;448,4.784902296452543;272,5.679021025827087;373,7.490849889571739
702,0;590,0.08412402211824827
994,0;215,2.4251506161938288
642,0;315,0.6444160805644717;946,0.39283687688676344;622,1.8798745771611276;571,0.5132035376286859;866,0.44171045144183885
248,0;486,2.9947259661568952
141,0;443,1.8867437620206704;984,2.680412245507143;115,2.8088887671769496;808,4.307211481844968;342,4.100035679562415;853,4.485856972183089;187,7.4479175546019425;919,4.977661631291004;208,4.944860360039228;617,5.59070953937464;28,9.593993448790654;680,6.857027841010816;413,7.092560139569011;742,9.1862388860492;479,13.75717670669383;735,7.827945215248212;449,8.615454667533454;891,10.754015639516076;206,15.116338027954138
15,0;461,1.2509111008296558;630,3.8538212900830384
454,0;943,0.04436131402598419
703,0;880,0.16867819342760648;733,0.25920005891009057;161,1.4416673462559606
190,0;369,2.610810544113165;955,3.1417634994352213;653,2.984102065163877
44,0;738,2.7130657078656877;338,0.13998538699763982;505,0.952008236379823;643,1.561206025272984;339,2.607966935937053;828,1.8196728095911836;642,2.779470689630193;108,4.088535310973621;622,2.7866591109634364;370,4.1214538399716965
216,0;906,0.7922890834582712;457,1.51530138706438;32,0.9807904475198261;949,1.5701863559229854;562,2.686794381318711;744,4.592609965403692;99,2.9367359685491454;270,2.810448513202266;613,2.8409090213654014;797,4.032977057853653
453,0;141,0.6138492329230955;210,4.032607966716689;443,2.6035758688848096;72,2.6053046663313837;944,2.8232178544799766
1018,0;455,3.069261930259168;964,5.149147702815055
839,0;893,0.36232910227408444;98,0.1007462747526555;339,0.37036042047763573;914,0.4839012352082839;253,0.7061033010853888;894,1.7040383447092737;113,1.3667218163787886;141,2.0550976380765547;443,2.09927550374559;72,3.1864910107936675;984,4.201336407751832;944,4.5988693361679704;115,5.010343953891866;808,5.236377398125697;239,5.553844850731867;342,5.455422820398226;187,5.980029495674625;853,5.639982771345892;724,6.331089583880404;603,7.55750181090074
345,0;441,1.605339351800004
201,0;443,0.0059683155016446365;72,0.19738866810782743
617,0;680,1.1465872720895596;401,1.8681138055675928
345,0;441,0.8579270694478949;135,1.684690850818636
711,0;985,0.9365316626515382;469,0.7117457270667457;540,0.5161155372106284;862,0.8004379088745521;500,1.3552305606145627;150,1.4438962594934142;876,1.9929742933840315
250,0;777,0.24103815766910397
475,0;541,0.23423118543783517;449,1.8532023079388702;976,3.5853739396237727;799,4.00109644317045;749,4.312881711185817;344,5.584655107852499;311,6.544579576725901
469,0;862,0.08449537916355991
746,0;908,0.5186595446598983;287,2.93638858622933;193,1.5679282404082266
89,0;64,0.5446298650347918;467,2.543753496428962
829,0;942,0.14158188010458614
139,0;422,0.5939881119050481;71,0.9212491430687693;166,2.7674432014893178;17,5.038404237483849
843,0;719,2.225688006661049
704,0;452,0.8612222831187182
184,0;891,0.31630100731093413
671,0;82,0.9167183546229397;889,4.184014049037164;81,1.8663994768575622;525,3.9931073635650636;782,4.643833809548758;232,4.547657680074245
653,0;39,0.6313891669378547
303,0;521,3.0521131343130636;583,0.7487912461168564;700,5.400833155573793;324,5.770444145979784;458,6.574268030000745;927,6.6133852732433995
220,0;525,1.2107641579575839;831,0.007417352244077058;532,3.3216170746386067
93,0;750,0.21472195880066586
657,0;339,1.614566188581507;284,1.4716817435541856;670,0.8919060415068376;143,3.8659591161952367;335,4.195492827043882;624,4.29898873602289;742,7.231646163614416;824,6.336700255789157;594,5.890509387299472;469,6.739099684890113
258,0;727,1.271081593838856;63,0.8420764388856998;433,0.7495716193143228;405,1.826814869941153;847,2.765840815579064
841,0;576,4.523374366493184
890,0;643,0.22487045410087986;812,3.6719024703259766;828,0.24745324209244673;219,4.064696617207684;826,3.9725708896389476;134,4.352477394169408;880,5.16062907785631;479,4.8829524007300575;956,5.4434129380400185;571,4.395240963495731;1016,6.173854096799845;224,4.484756358115984;733,6.383127997901292;496,5.782161100679211;353,6.562431595672095;161,8.933205376446086;104,6.698081578282079;704,8.61266486370444;96,9.542680253458558;640,9.774006177991893;572,12.387411023709134;307,12.791056829711;44,14.595745683835462;264,13.78035127903847;738,14.601328529399488;338,15.367923482546548;663,16.793137818455236;505,16.18763208936977
1016,0;318,1.463308573161335
719,0;413,0.10181971640232607
1009,0;628,0.5709401752432636
103,0;398,0.7105285452239164;243,0.9153417519898961;991,0.8479093028067766;90,1.5502608574777237;249,2.004423666441877;59,2.1613560319734035;441,2.2357917976398203;262,2.7517955694097482;310,2.5496095763704814;135,4.307492778634342;773,3.9494515474372656;942,3.097961900822923;413,2.9984876732374435;363,3.074462108183697;789,5.366965438848771
385,0;25,0.686666308120592;196,1.0678720073609218;989,2.116332060737022;758,1.0821786871413002;611,0.984583272979608;527,0.989263316894244;776,3.4818770619357506;18,3.2074328720482814;337,3.3922706445931894
97,0;273,2.2549624419945142
943,0;939,0.016977679516773297;385,0.04030808326347165;700,0.15346887250370014;196,1.0465319223980438;989,0.3177195699151942;18,1.8667052223921323
57,0;254,0.4051673467555617;685,0.4930746953061568
19,0;117,0.48745953616054;905,0.8837800475218573;997,1.6671353900676686;178,2.623779656512765;708,1.58598063493003;94,3.1240714445481066;962,3.420375607303802;836,3.266460482940215;642,3.8190948440500017;315,6.028596639065878;340,6.912394408900728;805,7.749554495947709
682,0;312,0.02281242477026121
892,0;252,0.004345690560398239;952,1.2360494632929364;677,1.7199562242982565;941,1.2458099071060726;602,2.403521538385749;248,3.7567785567555996;486,4.4645983033248875;354,4.638789423906562;296,9.612169413087692;566,4.751170153575206;842,5.165842982511963;395,6.120834166517449;527,6.61981240114695
408,0;825,0.7361088400223997;854,1.7205490323560098
399,0;642,0.7785605272691116;370,1.2432554591469622
317,0;462,1.7029516925868473;941,0.4398615619269342
770,0;230,0.15023198207230298;75,0.745895154963758
234,0;338,0.006146765912920167;102,1.6424116917575855;505,0.20570198647673443;711,1.7215129210494493;985,2.0305898603504784;500,2.0321703675847886
258,0;530,0.9150156665643921;433,0.6376725196103287;279,1.9146586019236946
93,0;964,0.1838738967458075;750,1.0954825580639236;289,1.2936787342945244;327,3.2143183456634112;57,3.3269260012211466;254,4.5220972391813685;685,4.88256960175172;521,5.215918888250362;546,6.091089398489653;516,9.028562197181456
988,0;218,2.9150507168771793;266,0.970812232910294;851,3.8933889573246105
501,0;757,2.1801192894940584;247,2.2556986246498263;806,2.5230142784922114;121,3.0121819470942084;43,2.7970643961505663;721,5.319530470696964;882,5.372818753026585;762,5.786471778652811
544,0;115,0.44707830572231216;342,0.9259364517934742
115,0;342,0.3444707726681795
734,0;29,0.10626803590839941;491,0.5421345094940748;160,0.8118196575065608
647,0;801,0.21358907831810223;477,3.0181179249865675;237,3.059261706114813
277,0;576,0.14271146301841947;560,0.38365121974360655
852,0;247,3.0277508163959923;551,3.2877810113479917;43,3.2541471335607004;721,4.296401129995665;641,3.591096144740855;882,5.321916343680583;113,5.649860795598316;762,5.753076347993641;760,5.842307601790904;271,7.399423833507499;611,7.561387722514082;354,8.55226366110465;527,7.614479431711002;74,8.980974454182768;566,10.996074191658304;68,11.546605673033028;719,13.168651628884101;891,11.781233752855922;47,12.19311755027893;608,12.256374034661079;774,12.751218819728129;963,12.99715311949462;855,18.263040225078036;359,13.897001466160473;240,14.737478544192793;20,14.102086875977427;837,15.887016205000046;133,14.610961554837903;815,16.281745684152202;424,14.9948516013841;210,17.282922527961915;415,18.547653192646276;886,17.66377903519647
947,0;735,1.3059364358060097;972,0.5218237381173851;931,1.6084456657750426;218,0.6570199823514168;851,0.9919282319926641;907,2.1032753980049574;738,3.628814165204771;108,4.681317216911455;420,5.823003552226832
497,0;197,1.4805474596093535
531,0;966,0.3290448015281336
848,0;350,1.00438429724104;951,2.0581936097238285;476,4.200943021346475;802,7.132365610056502;895,4.760498042791496;250,4.702248232578949
151,0;735,0.41068698793618347
342,0;853,1.1523495863229551;919,1.4309434600813344;617,1.295375433893504;680,2.0589276860410903;413,5.048880373146146;742,3.3422466660546046;891,5.3265569295707085;735,9.73393067374608;47,6.581301264757768;608,6.760907509654767;317,6.908587533709154;274,7.512588321176843;774,7.064047479090371;462,7.001064857181941;963,7.425355401235667;85,8.596244086536021;528,9.633805268142803
214,0;558,0.13369168965721123
556,0;983,0.4192125801580456;617,1.81323019310679
180,0;33,0.837090140170151
558,0;345,0.6124322770205257;441,0.6787479364967511
82,0;889,3.986113186134021;476,0.3223323285317045;802,1.1403126667718595;895,1.6951686635963847;348,1.309145081008367;16,5.081029495688367;232,4.4440414854428;742,6.271080987469569;891,10.65076431299905
454,0;943,1.8313067334035473;939,1.8597241418738921;700,2.93805822086823
175,0;490,0.9848716814164409;794,0.07316989498228536
567,0;584,0.23279846059742326;491,1.5868736917293669;160,2.0301629032860324;822,3.184911788714426;854,3.288882321978332;720,5.119116892133627;104,3.6236874824986156;704,5.108396732535391
551,0;641,0.04640453700052789
62,0;656,0.19697713032390016;358,2.840658056517444;815,4.231627531238068;415,5.478363951760107;886,14.505686783471097
776,0;167,1.544911062488558;850,4.073152309114028;542,6.040125863992484;915,6.163781520026487;766,7.526111018179011;843,7.683493551889367;858,11.012473281181522
999,0;533,2.579930496708397
6,0;403,0.5943500633899226;839,0.673143878278283;901,1.7034677513068182;98,1.661166341073431;914,5.196967463526743;253,2.07974839763786;818,4.261046120704011;23,5.453732625299609;496,5.723472139964699;946,6.072538457212927;116,5.762050057189019;353,6.2110214822550445;371,5.853244979235177;571,7.032756065515466;104,8.390989712042796;1016,8.38285518669811;224,7.870039444502929;318,9.081479297286263;461,10.252065688976982
546,0;516,0.6971363341739808
127,0;972,0.7090440594569936;666,0.1804798949336361;126,1.5191627262415295;931,4.395698894206468;934,1.7124843549566546;258,2.399031898165569;727,3.687452890167438
223,0;925,1.0001037447785224
190,0;369,0.880290144091703;955,2.3970579487675696;653,1.2059419150383115
562,0;99,2.7408131378516063;613,0.06163070110111518;215,5.748043531728904;963,5.916373667923404;240,6.001411251486694;815,10.3035854835829;540,11.602154746824539
429,0;126,0.28294470664660043;934,0.8030453412023217;81,0.9400837547006874;258,1.0596310893471719;467,2.6993253931025474;525,1.8535252287388362;63,1.3445291163382436;433,1.4340519819105744;405,2.676885602239034;279,2.3724791619419987;661,3.5733968259050366;679,2.842102352067909;847,2.6924182256615095;780,3.5910855037771627;470,3.40098201115668;23,4.626799977132816;1020,6.964767420074198;270,9.548634500234048;116,5.008676887448546;323,5.560381007991125;371,6.331915176444695;75,8.06630331939816;720,8.453409534283416;920,8.787745450016663;51,9.02623269222143
152,0;978,0.3524108438368362
93,0;964,0.9464818427185235;750,0.12759638733114376;289,4.670999118953287;327,5.016394021328406;68,5.417260102324445;57,5.172865987871689;719,5.850117750215139
30,0;490,0.07285949656737696
850,0;542,0.8918585246318038;622,0.284426114039232;107,5.8553062076577636;984,7.795020510180635;605,6.633138870458046;366,6.211652031452281;337,7.253035156073054
163,0;853,0.009243348087369532;395,0.8722823985063769;919,2.5458559542186623;314,1.4224065247420543;952,0.8734303014724106;527,1.9989171461305584;776,2.267750931394443
205,0;895,1.2545733767491796;463,1.7498879808469092;526,1.982426129107589;688,2.7301168270636653;382,3.213246647771759;577,3.7885565065283764;927,4.607471992337902;74,4.7346605496178675;289,5.3039850093081995;354,4.938591823406115;880,6.866916511631482;480,5.588286157039526;842,6.311888381490419;720,6.138329657080838;877,6.600256102551241;909,8.723216887539248;261,7.175021334213142;733,8.080119902290722;94,8.083925555795597;126,8.617392640256863;836,10.141337109910642;934,10.065177742725059;353,10.297495145043388;258,10.5646934221685;467,10.257135981130656;104,11.18454575496957;433,11.472573895721945
969,0;320,0.1919656866998159
958,0;470,0.5715618939865694
683,0;165,0.8781887240108895
262,0;773,0.9413968371043722;407,2.488796235536148;990,1.41256663371576;390,3.706494146367059
726,0;413,1.3891187899013466;155,3.6104145554755576
55,0;7,0.6640017707021184;398,0.953776592893659;61,2.486018628902266;243,3.531873888558652;985,2.642447448453897
351,0;886,0.9573102235455515;410,1.518147667109437
928,0;423,1.2352041028473415
634,0;153,0.35537028231597084
98,0;914,0.10024767867896228;253,0.13567537395999155;496,0.12504413847424417;818,0.19555724229275773;23,1.1010692500808705
408,0;825,0.25643268033003147;854,2.9431287699956252
474,0;391,0.17800013045021357
521,0;546,0.7204265783722053
659,0;961,0.3594179124303026
875,0;702,0.28670268585823766;185,0.6373992994921098;325,1.4376034868719836;1003,0.7239615817336467;98,2.4747632394367036;914,2.5716119377120448
678,0;476,0.6235322570314178;802,3.905915540669119
663,0;376,0.9000021999018455;1010,1.6354332851162805
94,0;836,1.0200111454862917;642,1.9150767976769854;109,0.7386927051235028;315,2.0025290844224197;622,1.9793893422836182
952,0;27,0.10560112536884558;829,0.2639077562285606;942,2.733920261111828
474,0;391,0.6728806407614926
458,0;927,0.8639485715267264;74,2.2148022779157897;68,5.226571296820284;719,7.462632976053925;413,9.199740217516545;959,10.17247838708131;384,11.259769770757472;240,12.155916720940994;815,14.622640146709397;424,12.850981792997892;540,14.931230673139494;415,17.422963691543792;886,17.304586622894583
526,0;651,0.31912115230525734;688,0.5145723749388508
400,0;950,0.5889929142342981
490,0;573,0.5772317404965601;422,3.014967234496507;71,4.235081963100412;166,5.529963551121623;17,6.011666024584834
642,0;315,0.08360836054797827;946,4.174145263078397;571,4.462701921495674;866,4.1944444540832855;1016,4.482894849984932
60,0;23,2.9067911357394403
928,0;423,1.832595369345646;53,1.0842624484487227;399,1.0224062579491746;642,1.5635135920704992;74,2.6079792115355334;315,2.3119416712164593;946,2.4293642758219933;622,2.201933073693722;340,2.9666059406829413;571,3.066686074174105;866,4.60406282306026;354,3.338391876223809;880,2.7952289326628983;733,3.7016161593673225;805,4.738975239927981;632,2.989578239569507;1016,3.2985810391518346;224,3.775509136629349;480,4.716541200656337;214,3.5967380209553568;161,4.56951836210061;1006,4.201066504230712;720,5.166859832116912;877,6.255003806826684
580,0;559,0.6290958064861436;667,0.2711429538738538;651,0.8004428847401125;817,0.9514995881614177;534,2.846260348371149;897,1.1360660425058886
451,0;171,1.1369479245076384;100,1.0053880442518122;951,3.4538441614956144;476,3.488933685033285
619,0;277,0.017805426995967825;168,0.017540919031024834;941,0.3569007805408245
1013,0;345,0.9846362489235814;497,4.428373718104627
36,0;951,0.816143261464428;616,0.022082979894628006;382,0.26698616141221027;577,2.21554050620719;927,0.9197892745682674;476,1.64637924948175;895,3.1050369198873353;250,1.9930075345966831;777,5.161564573714301;408,5.65193021793996
417,0;692,0.4305667139040498;329,1.2754981406660253;536,1.0601505759514724;730,1.3889866029792568;858,1.405921114339978
875,0;185,1.7018233727924417
694,0;476,0.5674839093808565
1005,0;848,0.28623832281061257;356,0.30816862796663425;788,1.5209066684699906;331,0.4620809741524732;41,1.1872262589797273;981,1.8438526551015126;343,2.0681136998040883;957,1.5528219459701618;1017,2.9857937759659254;982,2.6628097565957285;494,1.8350478815073286;642,3.174752136363825;569,2.6681121852247367;315,6.344926697716693
541,0;449,0.25403764455085576;261,0.9786390277877794
999,0;221,1.433222748607642
882,0;113,0.5793517812695941;762,0.6695362747920165;760,0.9566646424595536;50,0.7634018539586894;920,3.107361736622055;836,4.601881211318535;51,3.2460746235728464
85,0;528,0.028655398399808085;21,1.516521729438694;779,1.5388285529003818;461,2.9527437509536845;630,3.1820123420369977
980,0;542,0.10853577454725381
412,0;570,0.5109209903792684;151,0.7418994483242698;735,1.3076206544937135
57,0;254,0.8108648716602558;685,1.6615941114442179
109,0;748,2.0577684773060603
