0,0
1,1
2,2
3,3
4,4
5,5
6,6
7,7
8,8
9,9
10,10
11,11
12,12
13,13
14,14
15,15
16,16
17,17
18,18
19,19
20,20
21,21
22,22
23,23
24,24
25,25
26,26
27,27
28,28
29,29
30,30
31,31
32,32
33,33
34,34
35,35
36,36
37,37
38,38
39,39
40,40
41,41
42,42
43,43
44,44
45,45
46,46
47,47
48,48
49,49
50,50
51,51
52,52
53,53
54,54
55,55
56,56
57,57
58,58
59,59
60,60
61,61
62,62
63,63
64,64
65,65
66,66
67,67
68,68
69,69
70,70
71,71
72,72
73,73
74,74
75,75
76,76
77,77
78,78
79,79
80,80
81,81
82,82
83,83
84,84
85,85
86,86
87,87
88,88
89,89
90,90
91,91
92,92
93,93
94,94
95,95
96,96
97,97
98,98
99,99
100,100
101,101
102,102
103,103
104,104
105,105
106,106
107,107
108,108
109,109
110,110
111,111
112,112
113,113
114,114
115,115
116,116
117,117
118,118
119,119
120,120
121,121
122,122
123,123
124,124
125,125
126,126
127,127
128,128
129,129
130,130
131,131
132,132
133,133
134,134
135,135
136,136
137,137
138,138
139,139
140,140
141,141
142,142
143,143
144,144
145,145
146,146
147,147
148,148
149,149
150,150
151,151
152,152
153,153
154,154
155,155
156,156
157,157
158,158
159,159
160,160
161,161
162,162
163,163
164,164
165,165
166,166
167,167
168,168
169,169
170,170
171,171
172,172
173,173
174,174
175,175
176,176
177,177
178,178
179,179
180,180
181,181
182,182
183,183
184,184
185,185
186,186
187,187
188,188
189,189
190,190
191,191
192,192
193,193
194,194
195,195
196,196
197,197
198,198
199,199
200,200
201,201
202,202
203,203
204,204
205,205
206,206
207,207
208,208
209,209
210,210
211,211
212,212
213,213
214,214
215,215
216,216
217,217
218,218
219,219
220,220
221,221
222,222
223,223
224,224
225,225
226,226
227,227
228,228
229,229
230,230
231,231
232,232
233,233
234,234
235,235
236,236
237,237
238,238
239,239
240,240
241,241
242,242
243,243
244,244
245,245
246,246
247,247
248,248
249,249
250,250
251,251
252,252
253,253
254,254
255,255
256,256
257,257
258,258
259,259
260,260
261,261
262,262
263,263
264,264
265,265
266,266
267,267
268,268
269,269
270,270
271,271
272,272
273,273
274,274
275,275
276,276
277,277
278,278
279,279
280,280
281,281
282,282
283,283
284,284
285,285
286,286
287,287
288,288
289,289
290,290
291,291
292,292
293,293
294,294
295,295
296,296
297,297
298,298
299,299
300,300
301,301
302,302
303,303
304,304
305,305
306,306
307,307
308,308
309,309
310,310
311,311
312,312
313,313
314,314
315,315
316,316
317,317
318,318
319,319
320,320
321,321
322,322
323,323
324,324
325,325
326,326
327,327
328,328
329,329
330,330
331,331
332,332
333,333
334,334
335,335
336,336
337,337
338,338
339,339
340,340
341,341
342,342
343,343
344,344
345,345
346,346
347,347
348,348
349,349
350,350
351,351
352,352
353,353
354,354
355,355
356,356
357,357
358,358
359,359
360,360
361,361
362,362
363,363
364,364
365,365
366,366
367,367
368,368
369,369
370,370
371,371
372,372
373,373
374,374
375,375
376,376
377,377
378,378
379,379
380,380
381,381
382,382
383,383
384,384
385,385
386,386
387,387
388,388
389,389
390,390
391,391
392,392
393,393
394,394
395,395
396,396
397,397
398,398
399,399
400,400
401,401
402,402
403,403
404,404
405,405
406,406
407,407
408,408
409,409
410,410
411,411
412,412
413,413
414,414
415,415
416,416
417,417
418,418
419,419
420,420
421,421
422,422
423,423
424,424
425,425
426,426
427,427
428,428
429,429
430,430
431,431
432,432
433,433
434,434
435,435
436,436
437,437
438,438
439,439
440,440
441,441
442,442
443,443
444,444
445,445
446,446
447,447
448,448
449,449
450,450
451,451
452,452
453,453
454,454
455,455
456,456
457,457
458,458
459,459
460,460
461,461
462,462
463,463
464,464
465,465
466,466
467,467
468,468
469,469
470,470
471,471
472,472
473,473
474,474
475,475
476,476
477,477
478,478
479,479
480,480
481,481
482,482
483,483
484,484
485,485
486,486
487,487
488,488
489,489
490,490
491,491
492,492
493,493
494,494
495,495
496,496
497,497
498,498
499,499
500,500
501,501
502,502
503,503
504,504
505,505
506,506
507,507
508,508
509,509
510,510
511,511
512,512
513,513
514,514
515,515
516,516
517,517
518,518
519,519
520,520
521,521
522,522
523,523
524,524
525,525
526,526
527,527
528,528
529,529
530,530
531,531
532,532
533,533
534,534
535,535
536,536
537,537
538,538
539,539
540,540
541,541
542,542
543,543
544,544
545,545
546,546
547,547
548,548
549,549
550,550
551,551
552,552
553,553
554,554
555,555
556,556
557,557
558,558
559,559
560,560
561,561
562,562
563,563
564,564
565,565
566,566
567,567
568,568
569,569
570,570
571,571
572,572
573,573
574,574
575,575
576,576
577,577
578,578
579,579
580,580
581,581
582,582
583,583
584,584
585,585
586,586
587,587
588,588
589,589
590,590
591,591
592,592
593,593
594,594
595,595
596,596
597,597
598,598
599,599
600,600
601,601
602,602
603,603
604,604
605,605
606,606
607,607
608,608
609,609
610,610
611,611
612,612
613,613
614,614
615,615
616,616
617,617
618,618
619,619
620,620
621,621
622,622
623,623
624,624
625,625
626,626
627,627
628,628
629,629
630,630
631,631
632,632
633,633
634,634
635,635
636,636
637,637
638,638
639,639
640,640
641,641
642,642
643,643
644,644
645,645
646,646
647,647
648,648
649,649
650,650
651,651
652,652
653,653
654,654
655,655
656,656
657,657
658,658
659,659
660,660
661,661
662,662
663,663
664,664
665,665
666,666
667,667
668,668
669,669
670,670
671,671
672,672
673,673
674,674
675,675
676,676
677,677
678,678
679,679
680,680
681,681
682,682
683,683
684,684
685,685
686,686
687,687
688,688
689,689
690,690
691,691
692,692
693,693
694,694
695,695
696,696
697,697
698,698
699,699
700,700
701,701
702,702
703,703
704,704
705,705
706,706
707,707
708,708
709,709
710,710
711,711
712,712
713,713
714,714
715,715
716,716
717,717
718,718
719,719
720,720
721,721
722,722
723,723
724,724
725,725
726,726
727,727
728,728
729,729
730,730
731,731
732,732
733,733
734,734
735,735
736,736
737,737
738,738
739,739
740,740
741,741
742,742
743,743
744,744
745,745
746,746
747,747
748,748
749,749
750,750
751,751
752,752
753,753
754,754
755,755
756,756
757,757
758,758
759,759
760,760
761,761
762,762
763,763
764,764
765,765
766,766
767,767
768,768
769,769
770,770
771,771
772,772
773,773
774,774
775,775
776,776
777,777
778,778
779,779
780,780
781,781
782,782
783,783
784,784
785,785
786,786
787,787
788,788
789,789
790,790
791,791
792,792
793,793
794,794
795,795
796,796
797,797
798,798
799,799
800,800
801,801
802,802
803,803
804,804
805,805
806,806
807,807
808,808
809,809
810,810
811,811
812,812
813,813
814,814
815,815
816,816
817,817
818,818
819,819
820,820
821,821
822,822
823,823
824,824
825,825
826,826
827,827
828,828
829,829
830,830
831,831
832,832
833,833
834,834
835,835
836,836
837,837
838,838
839,839
840,840
841,841
842,842
843,843
844,844
845,845
846,846
847,847
848,848
849,849
850,850
851,851
852,852
853,853
854,854
855,855
856,856
857,857
858,858
859,859
860,860
861,861
862,862
863,863
864,864
865,865
866,866
867,867
868,868
869,869
870,870
871,871
872,872
873,873
874,874
875,875
876,876
877,877
878,878
879,879
880,880
881,881
882,882
883,883
884,884
885,885
886,886
887,887
888,888
889,889
890,890
891,891
892,892
893,893
894,894
895,895
896,896
897,897
898,898
899,899
900,900
901,901
902,902
903,903
904,904
905,905
906,906
907,907
908,908
909,909
910,910
911,911
912,912
913,913
914,914
915,915
916,916
917,917
918,918
919,919
920,920
921,921
922,922
923,923
924,924
925,925
926,926
927,927
928,928
929,929
930,930
931,931
932,932
933,933
934,934
935,935
936,936
937,937
938,938
939,939
940,940
941,941
942,942
943,943
944,944
945,945
946,946
947,947
948,948
949,949
950,950
951,951
952,952
953,953
954,954
955,955
956,956
957,957
958,958
959,959
960,960
961,961
962,962
963,963
964,964
965,965
966,966
967,967
968,968
969,969
970,970
971,971
972,972
973,973
974,974
975,975
976,976
977,977
978,978
979,979
980,980
981,981
982,982
983,983
984,984
985,985
986,986
987,987
988,988
989,989
990,990
991,991
992,992
993,993
994,994
995,995
996,996
997,997
998,998
999,999
1000,1000
1001,1001
1002,1002
1003,1003
1004,1004
1005,1005
1006,1006
1007,1007
1008,1008
1009,1009
1010,1010
1011,1011
1012,1012
1013,1013
1014,1014
1015,1015
1016,1016
1017,1017
1018,1018
1019,1019
1020,1020
1021,1021
1022,1022
1023,1023

365,0;775,0.08226644644551322
815,0;886,1.0106788473478485
388,0;365,0.04106306410298678;775,0.8615574643565221;332,0.7760714677087736;825,1.206620918792055;296,1.3610924565999591
721,0;882,0.868212345074323;113,1.095636160183807;762,2.860376522401782;105,1.184784140817165;50,1.9875595652887261;550,3.9211566844149313
562,0;99,0.18024573666328636;613,0.7927428777960897
834,0;761,0.6959071451829415
741,0;736,3.095260865441385;704,3.3065398787752276;878,5.971738446514088;1008,6.640616987771995
327,0;57,0.5188558265452023;254,1.9007728401204755;685,2.025551181266585;521,3.0070116210494846
821,0;12,1.1800166777999939;301,4.095262360081324
422,0;71,0.1869534382247659
949,0;744,0.5270447542222124
312,0;450,0.8606881511874207
963,0;240,0.5602722364881995
68,0;891,1.116461898564329
359,0;20,1.7821762478668655;837,1.7756421990683429;758,2.6152364146919034
734,0;29,0.7848799472437928
63,0;48,2.311693374399453
215,0;963,3.9911244602016778;359,4.865960743301748
92,0;93,2.457378592992064;964,3.708147065374102;750,2.927279029785421
491,0;1012,0.05841644148271396
888,0;343,0.8956866295266708;903,2.45669938573897;779,2.6194062567283365;800,3.883318987469244
789,0;173,2.7810371891018635;859,3.0153538577576375;620,3.6341113332789563;647,3.934500015397964;588,4.2362551016384185;801,5.487305670213717;476,4.033867161831999;802,4.727275674894085;250,4.971046292809208;777,5.140115850485639;408,5.932902119749579
750,0;289,0.614124717085255
80,0;346,0.3899767168322433;861,1.2131171535715743;407,1.696692413839561
896,0;245,0.8267306067161622;797,1.2715211616565023
203,0;211,0.6512344062736565
697,0;325,1.3860112713708082;972,2.8246571339290885;974,3.6484675125230592;931,4.1741334191976325;512,4.005380228566337;978,4.465867238525927;448,4.078140284416881;190,8.460414681822813;272,4.332277958536081;373,5.460985366494288;485,4.343613352859032;643,7.498948944576044;339,7.870500147394174;143,8.817198140576757;742,8.889082555830777;891,9.607617139251682;47,12.890785075844406
111,0;139,0.4291121409045228;422,0.7532340051074706;71,1.6023742722049377;166,2.6425418428322835;759,2.835297454151035
404,0;226,0.19990231923771692;144,1.094112731942925
999,0;221,0.681501926814325;533,0.22555987415193174
889,0;16,1.336121758291599;742,4.331117484466156;891,4.888202327298628
796,0;782,0.02174394615482671
127,0;972,2.0089825367437126;666,0.24722217255790593;126,0.5269589841542541;567,0.2609797539879894;752,3.755062159976194;934,1.0401488035838633;258,1.8450425862709325;467,1.5788272663409293;433,3.035784521669747;974,2.807922138236678;931,2.7147079025476293;907,3.9511168145440587;279,3.0935398422888865;661,3.9362155413797573;679,4.635503102019969;131,4.651594421619368;78,4.022670538333874;1020,5.319566063607432;270,6.997583245376415;175,4.1118559912547745;738,4.68092206353199;250,5.490176402614412;490,4.729504634920694;780,5.752491937036049;1000,4.709066589062349;108,4.9384938949890635;573,5.214634792973076;430,8.60617944984007;777,6.117116134274227;794,9.75290114049237;451,10.476057305971075;171,11.899999115027894;301,12.040967186054857;951,12.432656961196864
784,0;652,0.31673086977357456
182,0;79,0.3378369781646675
882,0;762,1.2314560768901126;271,1.6302359302924874;611,1.6775211051035388;354,2.880445824099426;480,4.933919734954415;566,3.768160230825324;842,4.532181754628038;214,2.950515341623798;558,3.6382137846933595;345,4.209216027710396;107,3.6774609342592117;366,6.9866223562542125;395,5.543464445017966;277,7.158736715249884;451,8.865192166009207;337,7.299329132565999;171,9.452790541523608
476,0;802,1.434408788624995;250,1.8367438957364093;984,3.0831034052888584
114,0;86,0.6693188966780119
258,0;530,1.1508743965768733;433,1.6118568339659785;279,1.8415704135722284;679,3.3262646654181083;470,4.398546982786935;23,3.576249992982022;116,4.108163115457168;672,5.157332244524499
608,0;317,0.18439015820612104
958,0;470,1.3970427980891846
71,0;166,1.7086601743388283;759,3.1319649285845514
734,0;29,0.22503360160008626;296,0.6470990058788176
351,0;886,0.1418622139339473
200,0;128,0.127833811494926;160,0.35252519891385004;686,0.42263301443643286
734,0;29,0.4178021855019774
588,0;86,0.45510371301408276;705,0.6188551492642184
871,0;556,0.6626276163222244;362,2.592928307787638
122,0;493,0.11354483319751532;683,0.3207596254311389;165,0.42283036479298935
240,0;424,0.277300795357995
414,0;458,0.267047961610979
315,0;340,0.7009901696238168;805,1.8399075668353464
63,0;48,4.887394912019919
663,0;1005,0.12485261773262542;376,1.2606755968360575;488,1.772835923232009;848,1.1417287536716616;356,6.461825255892736;756,1.169090096930691;1010,1.9093038255289867;331,6.788656494195253;41,7.8777016936821145;343,8.00620123994002
991,0;90,2.080027822379577;341,2.1413569888365456;441,4.124928155288626;521,2.2360606519613255;546,2.3549712773313454
615,0;359,0.05230634509945458;20,1.2618854262003807
252,0;677,0.7212588449528761;602,1.2220753164406088;248,1.7602854541243655;486,2.6225681463833337;763,3.8874079999775155;296,2.865370774197676
680,0;401,0.7566471259460512;742,1.2784820238804468;266,2.5615391293877705;891,1.559462108435906
987,0;705,0.016519410164124084;540,1.5133692997240469
784,0;834,0.28317948723714564;34,0.9017123600992134;170,1.7012813021026068
188,0;980,0.12045738087380103;393,0.14514263258078663;121,0.019547721852561397;37,0.2914980975416333;542,0.3242261761296913;915,0.3422758653046848
888,0;343,0.4686023096988549;903,1.6124956206214782;779,2.187625260085261;973,2.223466983494579;800,2.1644135913224094;749,3.070553914310489
720,0;877,0.14388532075892066;261,0.32314426684475456;94,1.011853516638173;109,3.0527627060441884;748,3.1189819540214514
358,0;815,0.014370400591682089;540,1.7726875837996763;886,0.19338973117416394
801,0;689,2.297668730995835;621,2.3204752448962
201,0;819,0.8394329965476501
1004,0;494,0.16608742828380446;642,1.5194635579260345;531,0.7833150966276519;315,3.283919926811109;946,3.4344782903766187;622,1.9502543262461134;340,3.640007471690015;866,4.788398336623814
465,0;207,0.20191089383420857;424,0.06411807910772947
741,0;736,2.049675009579015;316,3.3543491902105993;704,3.14514360683886;878,4.206085789123954;1008,4.610854675021039
619,0;277,2.630869155672822;168,0.26619272343985
643,0;339,6.1369040623042075;828,1.2734004121305647;889,4.292435387876503;232,4.293458395842865;143,6.147932805239784
938,0;661,0.8560599483936772;78,2.1231362854426927;1020,3.3958532849915093;349,3.4943526186514067;250,3.390254523919177;777,5.201458329422689;773,5.1286457934125425;920,4.920286872083514;841,3.6381315982757885;576,4.115365478757031;855,3.67487168134092;51,7.2374035433858435;56,6.899694043554248
366,0;337,1.0050484681828933
147,0;790,0.32653983779628803;921,0.5289297446054397;498,0.5684906907231673;784,3.588922596889651
626,0;388,1.5469523006385648;365,2.177768030686596;775,2.3422044096396206;825,2.766349674075446;854,2.8653781647934276
179,0;796,0.31991753636633247;782,3.9579992481306987;783,0.5571040434516149
396,0;716,1.29422790784853
901,0;323,2.0328404499319537
420,0;816,0.34324589716210335;225,1.3562239727572296;962,1.6880016614557274;342,2.1444589812433956;853,4.479142263156538;208,8.153000816086113;617,5.679765779085155;28,6.607639584721572;680,5.896781214769749;413,6.670521746329531;401,5.927953609747249;479,6.821226232574344;959,7.265613896435746;363,6.813763647751511;384,8.622986160803446
159,0;361,0.7638694793247296
3,0;140,0.285818330754989
22,0;952,0.7098950667726047;941,0.9289823637426953;223,1.6997529475460549;760,2.9874829070490403
398,0;243,0.6779325411650414;351,0.20751665430575103;886,0.6164232435595278
333,0;993,1.2738900910382034
638,0;501,0.6221858402918813
321,0;118,0.8102953609722563;659,0.6684155514307762;961,0.8572251240754589;284,1.4096853467376946;856,1.0248704080694844;361,1.122066521688327
555,0;103,1.2213729618436144
949,0;744,0.8104497237307626
929,0;988,1.6768531627639995;141,0.762897516997131;443,1.671820262195879;72,2.045434358913629;218,1.9232501125809245;851,2.393543953757696;125,1.9293954930456376
134,0;429,1.9001460653825213;571,0.1412072446869716;270,0.06807094785276621;224,9.132642554457131;126,4.670579934796381;934,4.983519022116132;258,4.993048683047259;467,6.214178974276862;727,5.261845932577303;530,7.355002221077059;433,6.350068673762442;279,7.007729893641038;661,7.5429142342116675;679,7.6143709298952045;1020,8.897077059222305;780,8.221573411965286;470,8.461659001402465;23,8.776419875029154;886,11.060952119350057;116,9.656987505486345;920,10.914021143672613;836,11.18740448604179;51,11.090447567823501
812,0;219,0.2650688468271465;826,1.4291700204739177;278,2.7253227687180055;880,0.5215777562467105;479,1.359159780458443;206,2.188633156253084
77,0;115,0.5670687094477792
704,0;878,1.8977689421558057;452,1.8422265825343136
712,0;82,0.4563167658344399;811,0.58851068470598;1022,1.4870310597635945
840,0;411,1.6139993604238663
918,0;20,2.3720693635231345
950,0;74,0.7024478932677769;780,1.0010220708851119;880,1.3986260726342208;886,1.7326904408534318
307,0;44,0.41807674699210406;264,0.9050136429031418;738,0.7511220962409886;663,0.4791453922681092;245,1.215156394669241;1005,1.0106076867533063;376,0.8991620460508409;108,2.273436439088867;966,0.9610965212982735;488,4.243245771052453;848,3.8730250335387533;797,1.320774868072975;739,1.7662272421822751;961,1.9715947953402009;371,2.118063733582809;609,2.8560625747193393;361,3.5584779895127028;993,3.525344280989609;75,2.3217170324896887;420,2.3174900025953353;816,3.1655992872237886;225,2.7968354671795668;150,2.3263816771086088;514,3.8917850752475545;962,3.404221358974629;356,5.490300680292535;481,5.663268624277791;788,6.387372695308314;331,7.08862668985487;74,6.332833303675752;999,5.727135039684677;221,6.136994228908856;68,7.163416221234098;880,7.5691678501581325;957,6.486269739884753;1017,6.45375276767886;982,6.96937617197757;41,7.685873036804303;733,8.601838819086357;416,7.762355297923059;410,8.148122148304987
725,0;531,0.4018028632188875;533,0.7643853318947934
984,0;115,0.5459525044845204
398,0;351,0.8185424043272592
726,0;931,1.023360044972997;907,1.4781484943735028;249,2.169691191371488;337,1.4814864237481504
583,0;700,1.635437468392136;324,3.010153455990511
341,0;993,0.07381060707265032
841,0;855,0.5188085057767073
541,0;261,0.7592116611722814;976,0.37638760712631086;799,1.2101112175251088;94,1.34125611061878;821,2.281649361976688;836,2.064438260577602;109,2.3576302530848583;748,2.6922647341938166
99,0;215,2.6155804560983653
911,0;530,0.7178532593939743
188,0;393,1.3620471695128327;59,0.134954588678925
841,0;576,2.2219508775885126;855,0.46778377970013696
22,0;7,0.8444227493660862
522,0;557,0.2773173776799952;540,0.5691285092383644;979,1.338106270546409;931,1.0277757915408763
994,0;106,2.3233410922857836
455,0;294,0.10340845924254094
334,0;566,0.3465815719819225
591,0;558,0.1890367898337617;744,1.3602757148183546;345,0.3442554740113648;107,2.7709104991697187;497,1.1478554367557603;197,1.7174430859705612;722,2.9110429413099803;984,2.779303996113268;605,3.2350202623305835;276,3.033336912411962;115,3.9908082368272746;808,4.39203070272699;342,5.0828441290005015;187,5.7965259453862465;853,5.356499084695645;314,5.719526143866589;208,5.362689184783183;617,5.372130769450697;680,9.294073904957868;724,5.96277442924374
556,0;983,0.3676730191908537;617,0.04134360133703903;28,0.4343058044868191;680,1.507474989515254;573,1.012359437114587;974,1.4311535079165425;512,4.211319551896861;978,5.664112312211502;413,3.0548866032705906;401,2.3348171247625222;742,1.8457676830511138;959,7.555287825456474;735,3.056286013118389;155,4.30641226029285;363,3.993210832758708;448,4.295823799309688;190,4.841114675683436;272,4.393689264660421;485,4.5538550684230055;987,6.015256780950195;369,6.657318722497995;296,7.649158453957109
590,0;714,1.9340167764933187
811,0;1022,0.005339916141615514
681,0;217,0.1022476644586929;192,0.3505721482460741;987,0.9268685869598341;932,1.479298349206184
152,0;978,2.7687615098245275;389,1.7414767248327532
893,0;146,3.4946263515546736
806,0;85,0.16431859980496336
853,0;208,0.8237328143455708
451,0;171,0.11150580677636637;100,0.7472416873508773;951,0.16456126000435145;476,0.51344868128212;802,3.465928664914695;348,1.2832024414855625
506,0;68,0.2305914823938548
180,0;33,1.5216980678684369;875,1.5992136546089837;185,2.0873786307854454;23,2.3754469941688487;116,3.9695392768354165;323,4.9820240779453115;672,4.62149343502722
581,0;240,1.298644155689461
458,0;927,1.1550992716926596;74,1.3819025891486811;354,3.6362167877452967;480,6.916946141002716;566,4.339238706843123;842,5.568851496194796;720,8.319342883128492
494,0;642,0.38199926155336245;622,1.4257812671880021
587,0;56,1.024224775571064;311,1.436097515644374
171,0;301,1.9448922987250843;951,1.3319620382678694;476,1.7629378998138976;348,1.9306354228874845;250,3.9741997243921;777,4.897601644174937
906,0;32,0.045604683323807745;949,0.2929847165653896
676,0;311,1.423852988902552
435,0;849,0.14894523468517823;594,0.06637096280189748;818,0.19130492842195845
725,0;531,0.6661661873900807;62,0.12786149170525804;434,0.8464381789641945;656,0.42422372856290136;533,1.2781688251822758;599,1.4624799612757955;281,1.9426173984304422;723,3.4820254135354567
9,0;510,0.14670595744989717;809,1.0951785842662978;121,1.671830660510469;842,3.3478482669890726;37,2.6348676268607023;395,3.9233093735700346;952,7.103963979117475;527,4.078419057139535;27,8.328473814127875;941,7.352878854967712;223,7.427865295949866;760,9.24831783396173;925,7.659707528433254;1014,8.273573233019706;697,11.129340316271666
399,0;792,1.653285274562955;41,1.6691679860235236;416,2.3620785386434098
917,0;982,1.1900849780732168
493,0;683,0.5084625485410045
887,0;647,1.934780265371672;477,2.6941267632400674
840,0;411,0.9459672459846076
856,0;1018,0.012990878508373046;706,0.1988258224214662;16,2.4272932757480103;455,0.3956393338961835;220,1.751913813072816;94,1.170926853501059;964,1.1213171590601891;532,5.487724571359893;742,3.066198734436288;891,3.3197738472086398;47,4.333853073858744;608,4.990003399645778;317,5.377615480174729;274,6.866103364899521;774,5.366297369683307;963,6.06037154797587;941,7.812713724036369;240,6.424528821056008;424,7.065136373035498;85,7.689245093461953;528,8.40944780973069;457,9.093040280309081
628,0;595,0.9421004290852617;617,0.10214773158271692;68,1.3986110073141154;891,1.5957982252787308;47,3.080640119503543
873,0;360,0.8676272357353445;4,2.152319577997638;2,1.8208159108676605
143,0;335,2.2570392433552113;624,0.26884305529868885;172,0.5092546695382967;824,0.8121454653030877;274,0.8799642056596146;371,0.9910762525292918;408,1.3602565022525526;85,2.356988161324325;75,1.4930249477619495;825,1.3637948738480588;296,2.671389497122114;470,2.443818924231807;278,4.162547967874559;182,6.884766259477924
346,0;861,2.27953041270886
995,0;647,0.17514440634994233;477,0.7165848706542429;237,0.9109025191563918
445,0;178,1.4478162103024668;414,1.0027091654341007;278,0.31435674999723856;458,1.0764694451631753;487,1.826480985186494
27,0;918,0.40316762471310236;829,1.9404762353196345;723,0.9661029670578969;942,4.666678212799479
980,0;67,0.16370894830649038;287,1.5764409209117929
124,0;761,0.727688611119975;534,0.3285565588351987
497,0;197,0.7971525551070332;600,0.8706421665513298
329,0;858,1.599699741669411
684,0;373,1.893915807888989;581,0.7527649718853145;240,1.0295257768552897;815,1.4494535452837551;424,1.3368308482147926;886,1.7343743455656164
245,0;739,2.612796552290922;371,3.32302470868147;993,3.4401807327075495;75,3.7995088125713385;150,4.016259737424106
702,0;1003,0.4730745748976579;623,0.09000582768404246
557,0;540,1.80761481991433;660,0.34499022085870296
318,0;461,3.6674869919989357;630,4.093682534898901
732,0;789,0.290752255039173
757,0;247,1.2331465727087316;121,0.5182870655060234;37,0.8372335299873728;551,2.510780917350284;43,1.932113563925752
624,0;172,0.06084583349784838;871,1.6366705442288898
814,0;924,0.7645602097222238;205,1.568516773543481;533,1.7144730797972345;895,1.8810993015165125;463,3.0960112635779793;899,1.7244653122034783;511,2.509485434008866
921,0;801,1.6422534557609167
543,0;674,0.20788854584928101;265,0.5020805000075781;285,4.148691070882421;462,3.2583008247631646;580,1.0864157459291581;559,1.9649871319833632;339,2.152564728940887;534,4.32475300431928
228,0;415,1.7496731362973632;370,0.015911847607870747
190,0;369,2.1996752321088127
473,0;181,1.1602630124498101
111,0;474,2.240337548845113;24,1.305998898015654;391,4.491951536797993;212,4.572037829176142
126,0;934,0.551629260107334;81,0.8122412592009907;258,1.8091567092899599;530,2.204367482427241;63,2.1655031499450947;405,2.6217711631057385;48,2.278162327732116;513,4.663086272990766;847,2.7725961496869127;1023,5.323329715501606
1018,0;706,0.015569548983551465;220,1.5470548941689612;525,2.146210204671993;831,3.4002092210750234;532,4.747303914818376
877,0;909,0.12692362932781218;353,0.19003562788856726
835,0;589,0.13158076223667875;155,0.5283365962987358;437,0.2925436890842139
837,0;758,0.4064925048972912
0,0;794,0.34462597788738986;194,0.17056725884967688
241,0;438,1.6575361093802792;703,0.39467849072478917
305,0;532,0.024498726382589254
241,0;703,1.1108451843725404;880,1.5332479677457662
874,0;818,0.037224242884014325
126,0;934,1.1257375814782733;258,2.0267615617003036;727,4.000314452961393;530,4.6754213185274445;63,2.365466147567594;433,2.39680004698804;279,5.815520970553607;661,5.949455124910315
988,0;266,0.7753561666045536
554,0;973,0.7919917706131061;1001,3.317864970605971
33,0;875,1.428414125070248
892,0;252,0.5592073205828498;677,0.7259993772100062;463,1.0558081362134906;602,1.3397828268865632;248,1.7808297064694933;246,2.091990558992008;486,1.8499436030117458;354,2.86915473934246;296,3.697918365236612;480,4.114934725985538;842,3.1871273552448893
392,0;423,0.7240334503119122
272,0;485,1.0227265714276008;620,1.4992744567374676;58,1.7870443392919666;450,3.1183718334828834;718,2.38989640211192;7,3.1312240349166793;605,2.67685639301408;860,3.508971676424533
882,0;113,0.6141096175154199;762,0.16219735318206488;271,1.7441514062834904;760,1.1063168205477725;105,1.1971678267875097;920,1.3384786406256965;550,3.0139873493213125;604,1.5018771263156023;836,1.6158416035715872
898,0;173,1.002819667997022
198,0;213,0.49315505870071774;62,0.4318856593229703;434,1.0564823320981687;656,1.6173086219711994;582,1.8693911161521175;599,1.082859097367457;358,2.277659419474486;286,1.9968595517035759
359,0;837,0.7339784167405476;133,0.7458809078100676;210,2.7112956390260123
343,0;903,3.0347231383996003;779,3.0493041584914;973,3.855989890109722;800,4.940614198275281;1001,4.294757390234722;216,5.199325983317473;906,6.254741468390861;32,7.229583649658075
696,0;953,3.048953695676074
671,0;82,0.11643568859848127;889,3.189599915688361;16,4.785951626050603;742,4.881478532677522;891,4.9741220677642
310,0;893,1.6223161351590611;146,2.4563404966366194;331,4.253860287859757
345,0;497,2.0724444052130613
825,0;854,0.7986352156183381;296,0.9305440199341639;104,4.652930442943646
659,0;961,0.3399470907858718
743,0;882,0.6513964722758386;762,1.0703079213580093;271,1.4031275564874677;611,4.841548968161437;527,6.521046362232597;711,4.898195786704541;985,5.028512486077794;500,8.460932520218918;776,7.425708766452797;167,7.528631830557218;850,7.602640109937585;542,7.7939996117364005;107,7.897388753086026;984,8.18941475617946;276,8.537401474368469;808,8.988164739550392;565,9.556661973753723;537,8.943068552834502;187,9.150859817153263;724,11.063255181513197
956,0;496,0.36818571364104974
259,0;704,2.3849284852295582;878,8.8365442880316;1008,9.670203415131985
84,0;895,0.7578687108580507
934,0;258,0.6118384863970381;467,1.4833623145728863;530,0.9644337679000916;433,0.8060104725543358
636,0;540,1.5247053218759348
900,0;235,0.4012099209478022
907,0;420,0.5563618852218798;337,2.2150988366243647;175,0.7364461659116549;738,0.4661725818828609;467,0.8594410238972919
172,0;371,0.3534098741146994;75,1.1037730074631313;150,3.802934433015034
196,0;18,4.704639134994692;337,6.306387144041664
762,0;271,3.094828743381527;611,4.894102791353518
608,0;774,0.3932977212027103;855,1.4833794155274767
201,0;819,1.7590927487497723;406,0.652466863906916;533,0.9232917823118891;685,1.162412181619096;521,1.8811637049686154;619,3.0752150410725596;366,2.27911940769999;847,5.670761077706308;546,2.2832076168962714;337,4.288609823481482;277,3.21612391889224;248,7.382986240239966;168,3.11602353132858;354,7.449730694119345;480,8.052137734261352;566,8.189390211213835;842,7.502771392757491;395,8.714063146798981;527,8.76360773186456;776,11.360295409325254
93,0;964,0.059751081533530585;750,0.009834935900699799
539,0;843,0.4468284228993487;297,1.3507852700019412;719,1.015246237509515;924,1.3951522314178677;955,4.542129248716692;597,1.6747236368467444;205,1.8667657884559532;895,1.9282372769651275
724,0;603,1.026006060906194
325,0;972,0.8232411776145085;974,1.142864157718261;218,1.9379694451970988;851,3.74040366032839
27,0;829,0.17691797955050106;942,0.22209001679212423
700,0;324,0.4185779274631241;462,2.566569878322637
752,0;436,0.10202156789610478;684,0.7556763689336286
935,0;272,1.036586168471889
825,0;296,0.23424150506577432
751,0;343,0.09479047814373572;158,1.302256259306693;684,1.5562053452598748;848,2.085213137347556;581,1.888739021532327;356,4.453013361446426;331,5.475519153320906
615,0;359,0.2740642252162846;133,0.5602412530202162
592,0;423,1.181754731146273
355,0;693,0.6785978869480151;796,2.914705205280777;783,3.1734242055787605
812,0;677,1.0370080590147326
799,0;821,2.49204903763949;12,2.632492811986976;301,3.139513890627146;472,4.139459739804519;703,5.320004173565664;600,4.8825896032361715;880,5.67490796537817;733,6.035907054147606;161,6.230051532391945;96,6.892998404164451;640,6.949583641634075
812,0;219,0.5809567716473351;826,3.8825595021759702;677,0.9095076559704116;880,1.5267239565825785;602,1.0981868013657554;733,2.9994102424500304;161,5.064053334137668;96,6.722538783979376;640,6.78676319013042;572,7.540727438516694;307,9.401423306785444;264,10.620571850127252
993,0;668,1.1291365009174907;843,1.8566185046957422;334,1.713157648064087;916,2.8168239649996636;566,2.326796444969536;719,2.5242688317264195;413,4.284895130214121;772,3.6323915495074557;241,4.005888568825872;530,5.221369623872769;703,8.38850804609254;479,5.510965774942637;959,4.8817352846413264;155,4.344348851393351;384,4.9613912059020775;206,5.941579773785507;880,9.008895444243961;733,9.856457758075262;161,12.248901607105289;96,13.619325148619428
971,0;585,0.008342835813897945
152,0;389,0.5311352548704417;536,1.7602223702366944
547,0;810,1.0401272098538268;255,4.1235545541204885
365,0;775,0.48734511846957174;332,0.7311044633498404;825,0.6639293130840664;854,0.8144140031620494;296,0.7874591601408814;104,1.022764943310509;704,1.342481834279614;878,1.6414239933027313;452,1.6915353682097891;1008,1.7106169243789782;681,3.226545334008625
971,0;585,0.9441549131000206;933,1.3882053232187217
941,0;223,1.2981302017154286
176,0;500,0.3733381483691008;150,1.4843019946341407;876,1.9683817090953994
542,0;107,0.3458155638313569;915,0.4867382762105448;984,2.9889112912742215;766,1.0289425566806074;808,3.028671194940783;187,3.6159792994214954;449,3.7365593698706494
786,0;820,2.2568304467662808;506,1.2981723011579338;68,2.198758400955757;42,1.5567011007539657;324,1.9246997446300103;779,2.040099132754208;458,3.124680906877944;719,3.2359728879036194;857,4.747955650324718;413,4.502508676851084;959,4.989214546049793;155,6.04386185239062;363,6.222326546684851;384,5.855701582478326
807,0;750,1.5883321394448684;922,1.8272394596446178;289,2.337661068007717;789,5.034553649433886;173,5.492320618209998
908,0;287,2.6879191946349685;412,2.759977038519429
643,0;339,0.5067071420284993
1019,0;823,0.4653979514359597;11,6.1964172489944005;610,2.2894915734658454;828,6.5047491684784635;889,7.281700871236597;642,7.382891059954927;232,7.671977120089158;315,7.427781612307201;622,8.745912369055954;340,7.6644226793030175
197,0;722,0.6998704982083794
321,0;118,1.5807393319087424;659,0.4197616225822648;284,0.43555182222597283;856,2.1468191463815707;1018,2.7093385662466036;706,3.230819477984442;455,3.0234571973105933;275,3.1903668352008596;964,3.3835428148218964;220,5.171090514336332;525,6.061070658026361;831,5.174049102508646
1022,0;577,7.058063751033349;153,11.304618020980387;595,11.379238911378;68,11.761426305889556;719,13.820105809211238
674,0;265,0.6804434764166829;250,1.0357962376651777;777,1.3782447583686936
253,0;818,2.2615734744923532
608,0;317,0.042122076270586874;274,0.213636447724803;774,2.175600324732659;941,1.1542767360138266;85,0.9822101658901321;528,4.901185280963089;963,2.575598407711313;855,2.9831240188946095;359,4.057137965866671;240,3.308022358230312;424,4.248957113323565;837,5.477029685090246;758,5.728744921551439
143,0;742,0.6695397826916054
444,0;372,0.032789687083648274;178,0.03509479533454145
98,0;914,2.303925286832152;253,0.36766705917023357;818,0.45878519968229153;23,0.8587390211858614;116,3.6386957991563147;496,2.368179465077569;353,4.19077884796401;323,4.09173335278928;672,3.8609580750550188;203,4.830445920529736;211,6.889637177394841
834,0;761,0.017149960379649692
356,0;788,0.20384651854174385
848,0;356,1.1316900228864044;350,0.21324150680124354;756,0.16636801538691784;951,0.5275955463581989;476,3.9877701555780245;788,2.0286188187034466
437,0;789,0.10144440328294144
322,0;204,0.25753116644636687;642,0.5241936938097222;315,1.2560221212664544;622,0.925108057371147;370,1.3933353279098109
785,0;806,0.04883328834793971
335,0;470,0.5413971867912679;278,2.430798467007552
1016,0;318,0.6053670617603254;461,1.8534656057596584
774,0;963,0.2613055403553774;359,0.7049199499235073;837,1.102604792268006;133,0.8228866564385268;758,2.4793546458257536
679,0;780,0.27678719760209713;886,3.3460066887419857
417,0;692,0.40328696466964076;536,2.037432970653303;730,2.7861427346172754
128,0;686,0.38445722212925826
42,0;779,0.496012283044864
43,0;721,0.4229167554837662
549,0;297,4.946245859872249;597,5.271316196357708
659,0;961,0.527871527320773;284,0.8921452374499574
43,0;721,0.3349380345752518
634,0;625,1.0677350483600279
33,0;875,1.9549393524312022;185,3.2643135600108835
768,0;1015,0.7318231829692499;415,1.449046206453156
292,0;55,1.3037716533079604;7,1.5079562523685588;93,3.3442295150314587;61,1.3212201684732698;496,3.757739884572257
338,0;505,1.2563461696771596
382,0;577,0.9700157646756976
442,0;755,0.41440140918928997;106,0.23334249012069389;679,1.4322518163749014;470,2.34118529243161;278,2.7011545773561054
66,0;351,0.9918662514468609;567,0.4931304233808823;376,0.12676718349550523;470,2.8392644205074413
642,0;946,0.7291837869306163;866,0.7915346017678383
481,0;999,0.29061235187097756
936,0;646,0.5833089751379;451,4.0191170038793205;171,4.246883173110136;100,4.608103795767108;301,5.523237482847376
460,0;1011,1.5131732360801853;827,0.935543488426401;606,1.941761883332491;351,2.4226896119264043;886,3.0578774487709657;470,2.7473661203254958;410,4.479985679380793
1004,0;960,0.5205514838216178;494,0.6051833386013057;945,0.9231851731176621;340,3.91535583520214;531,1.0406489739993565;898,1.520436680572761;533,1.1651881602803167
238,0;740,0.287396425325949
494,0;642,0.3597863370472074;315,1.0839032233704922;622,1.6793458478399106;370,0.4596415197496652;340,2.84091329513887
683,0;165,1.256232821986053
905,0;917,0.26631791814248057;178,0.22782082155975528;832,1.9468799769487062;962,0.32789975150765094;487,0.6021367568840031;498,0.6312919842326391;195,1.7138793481587373;784,0.8070762756172901;652,1.4253189241181703
457,0;576,0.8973538602642858;562,2.4333090125664234;560,1.1599232155912733;613,3.26724513240847
882,0;113,0.5748436030173679;762,0.8319585586708514;760,1.1595449466478145;105,2.0590594715950226;271,2.8765347268060157;611,2.91850216807204;354,3.077077433468304;480,3.3942178740668822;566,4.155525089233457;842,3.472987904406634;277,4.606225219480921;720,4.346011832339638;395,3.5263809502940737;877,5.865554427145552;576,6.071086058915106;909,6.075756791244826;261,6.368017149430315;560,7.112290394915729;353,9.124146031342763;853,9.597868937875088;919,10.065064793631667;314,9.843232608328721;208,10.52332102403687
236,0;88,0.5169592010391731;914,0.7839556355858472;496,1.3483820473046968;353,2.1240751484010088;104,2.5191659288975865;704,3.5913785474168103;452,4.109777853956395
580,0;559,0.3481136247112949;339,0.5159365816851799;667,2.029249062269745;811,1.2163559241226622;1022,1.6662911440600756;577,2.311725173083957
582,0;286,0.7674654511039557
230,0;174,0.8724018353960368;75,0.6936673332847063;150,2.3743396356812703;423,1.9730372447240658
276,0;537,0.7628622403084439
170,0;119,0.9302001715126673;297,4.1607688836158845;76,2.1689197416074624;666,2.543889225030703;477,3.119638553867861;597,4.250007451739063
365,0;775,3.4816308301792107;332,1.227944821265417;1000,2.5400285082781844;825,4.478913868235536;296,4.778381825925706
1011,0;606,0.7955091911230961
826,0;134,5.521213780571647;956,6.384237645944903;429,6.736969058534162;270,8.062974215207971;133,7.082615539269452
205,0;533,0.2995899658812306;895,1.4629088826825558;899,0.16617381822247512;511,0.6593139128826416;812,3.070871604348719
14,0;659,0.23236032947451696
707,0;940,0.40373574517960614
785,0;806,1.2220231172286429
11,0;112,0.04539631832927885;828,0.5735364147643733;642,4.321694524876566;946,4.777646760179624;622,5.661570983501413
394,0;205,0.4979414300137486;899,1.9236249175462028
721,0;882,0.5431140603245171;762,3.340414859728155;271,4.119413013494056
634,0;153,1.980457029988975;595,2.769009697454663
843,0;719,1.063559223346144;924,1.0646283083505956;413,1.2113658761844288;155,2.65111174439906;735,1.9009482205083514;846,4.769813581873519;567,5.46487067994017
279,0;679,0.22481440548506085;470,0.2960607267803196;278,1.940117356416486
541,0;449,0.019142651448211756;261,1.6987992564705043;853,1.8277356377817557;126,2.5227223083130372;919,2.025798467348314;314,1.921238836873719;208,4.916972769491698
908,0;287,0.054546232664095626;193,1.418733304044093;412,3.3053137444325955;1013,2.294302565384756
289,0;789,0.06422412922261357;327,1.4620888941942942;68,1.2336666400322196;173,1.2055249693085788;77,2.175263411187991;57,1.6683530566538836;254,1.6690366564807622;685,2.959280871662927;603,2.652425557796253;186,3.478143664814235;391,4.478625476701724;64,4.43807251436105;212,4.497348763007067
486,0;763,0.8211484717755596
971,0;585,3.1642200200067276
353,0;104,1.0952049903185495
289,0;789,0.23764874351120616;327,1.3317672253104937;68,1.203947788289581;719,1.6619491370566495;782,4.066918163356303;413,2.0219523788982796;735,3.0279116939207533;155,2.366207659443269;846,4.1983613162490565
662,0;577,0.009670724457237628;153,0.7779559430224898
102,0;711,0.05096953746663359;290,0.2868420059140905;540,2.3535063196661623;714,1.245279294690759
158,0;338,3.3908424496763616;848,0.898873454276605;356,2.044887585072839;756,1.036172555773883;92,1.4259467140960025;93,2.5445105868886104;331,2.7029953390709793;964,2.837999364296048;750,4.06061335789743;41,4.349229083154242;361,3.8754998746080345;643,4.0754405365752095;289,5.010447525408388;828,4.615513839723192;981,4.35304365327868;343,4.454991294908194;463,5.827184509844066;903,6.19212698799886;889,5.325201517224882;642,5.742556038810304;16,5.574847131422227;742,5.836562577770934;315,7.495105132639917;946,6.694558545040064;622,6.656459157521787;370,7.800887669435306;526,6.977387254053955;891,5.874948449617543;973,6.432789987620903;800,6.677445668395171;1001,8.469219229832134;216,7.685324377020907;571,8.663711223048695;688,7.764062578920424;340,7.545268732971121;805,7.964842151518545;906,8.81121839964881;63,8.08528072926724;48,9.22930430413896;224,10.531952164232274;32,9.34545239441085;513,11.695149173054524;1006,11.2040780633534;122,13.023423078660159;937,13.726788315367296;493,14.39021893698546;134,14.316450087582124;573,14.209997260625414;422,18.521253871982054;683,15.381210844230559;165,16.73631017869212;71,19.025305212893524;166,21.31996537201793
430,0;794,1.0873640014392927;896,4.447933884564006;451,3.3173600274631796;171,3.539849113946958;100,3.719538051110206;301,5.7926623312984304;951,5.122403181305869;245,4.912378695026255;476,5.6695207305972035;802,5.992529318146556;348,6.18665319746438;250,5.793312027393929;461,6.238015766774055;630,6.795974358104964
976,0;799,1.230654148472676;821,1.3120828958760846;12,2.990854636742018
873,0;360,2.7998445111953436;4,0.17331522818933723;2,5.32527424539018
277,0;576,2.4686189365365867;560,3.4058141532473716
67,0;287,0.39022569582070604;412,0.566387614379428;570,1.5232904825112494
468,0;800,0.233842144406802;216,0.9611896962131299;906,1.0012625599369982;457,1.5848863527472674;32,2.3825302959598034;576,2.0933235359727504;525,2.6504965734001877;560,3.7302919781172292;949,2.4920413335121645;782,4.115018564443678
983,0;573,0.26221769045907417;650,0.1722163968095428;163,0.49532734567706194;926,0.23067232321813028;178,1.2400352373286552;853,1.5707732490228845;395,3.3445675419416094;314,1.7587579789982657;208,1.8852486553771515
168,0;941,0.45825267393671854;223,0.7108598335169435
182,0;940,0.7342487265837805
915,0;843,0.5738168510848789
912,0;285,0.28705954584026677
465,0;207,1.6282502122610547
791,0;200,0.97450186074956;941,2.6542827549654455;128,3.036240162094112;223,3.8065336310142754;160,3.8120085905565264;686,3.443929497285147;760,4.094856784208007;822,4.0100064001198605;854,4.113340147957173;720,4.256837507352018;104,4.858050042117937
635,0;308,2.4853385441605265
567,0;584,0.3840003543300177;491,1.2799936209082565;873,1.7685756580152527;1012,2.082417285754451
756,0;92,0.2920667618703359
406,0;335,1.0094021728728664;533,0.9758988484359119
469,0;862,1.1498469756602334
289,0;789,1.3530608152761088;327,0.35367669949062075;68,2.1866482886293834;782,3.4565123895448187;173,1.5225517374176274;859,2.6959641726802346;77,1.9803139043267999
823,0;804,0.21527465904148047;46,1.772127678963924;674,0.4550262254165754;265,1.7688606436807226;250,0.8634944744710171
294,0;721,0.5593486046715345
171,0;301,0.13498577946910703;472,0.6589822113212994;703,1.6659068580446257;446,1.3336757099747318;600,1.273329266383354;880,4.128752143324184;733,5.490130081495158
924,0;155,0.36851228817069853;30,0.9020673376328187;846,0.6626295123803234;490,1.811101983171935
577,0;153,2.3454211028221463;595,4.1069151751326025
468,0;631,1.8307740765145641;800,0.18546213088230867
60,0;23,0.8090124176770903
187,0;724,0.10349282755937403
414,0;458,0.25363629724712156;927,0.8045524736844603;74,3.6344525442880142;68,3.913050625215956;354,4.082256573382941;891,4.82938322286288;214,4.468681233048379;558,4.607631203489045;345,4.96729974312488;497,5.492917495670696;197,7.0706906555105045;722,7.6081871656633036
850,0;542,0.293048239389595;107,1.5171612670893426;915,0.8266644624133455;843,1.1499934247994226;858,2.0568009864789616;719,3.1191226210100744;984,3.715468091142741;605,1.876094574238536;115,5.4554261867392855;808,4.563126849402321;342,6.95792202788248
84,0;309,1.7398608962702755;562,0.7771913115054496;895,0.7166101179395611;270,4.872027586336664
0,0;794,0.10692834836909411;194,0.04903679194731059;451,0.9144799624627301;171,2.5952713862191463;301,2.654534339210076;472,3.0950489675407544;703,3.2275495067763886
168,0;941,0.6289981635351337
878,0;1008,0.3735683873769318;681,1.7080428619657726;217,4.54091457741338
636,0;540,0.1195968194885628
704,0;452,0.8768640129854199
486,0;763,0.5230986688613383
347,0;373,3.0554234236356557
613,0;797,3.28652906588935;961,4.160479955456131
637,0;152,0.5947966182221303;978,0.6533625351178133;389,1.677703340595328
9,0;510,0.7252483099318702
443,0;984,0.19907095229863128;115,0.8856958703756922;342,1.156090391732214;853,1.6074816650248245;314,2.2148047743743313;208,2.739807835721389;617,1.608837005873657;680,2.9435967271664003;413,4.005579571632783;742,3.8311630360357385;891,4.364087608777048;155,6.358327348795518;363,4.0816516848985875
301,0;472,0.7369041341453431;703,0.745739957764639;446,1.0739889999442862;600,1.2786068070027325;880,3.051880711420239;733,3.2164284453998024;161,3.9411702482800006
526,0;651,5.9065059521182235;897,6.675136712700746
973,0;749,2.761771138968846;1001,0.7876533953163237;344,3.1761328516992107;687,3.298890695756765;311,4.708012472917288;439,3.3229742064972934
399,0;642,0.18651294896067971;315,1.0213494385925905;946,0.9714548374522217;622,1.7224944876121993;340,1.3338515743199755;632,4.752929623894828
403,0;901,0.026566191514255613
364,0;556,1.4647636077204604;983,2.728011947310007;573,5.5633932009566;650,2.8823442500809975;163,3.248257480636722;1001,4.520555648092257;926,3.4718284676079927;395,4.455756138082318;527,5.236823404947745;776,5.785976150429349;74,5.83757660220708;422,9.61287194230043;68,6.242152846188899;891,6.968945541840265;71,10.808622578676943;166,14.771860891649947;759,15.125971547915189
420,0;816,2.7545673471281225;28,3.853462861551315
218,0;851,0.32830394325848034;125,3.6864839601864476
806,0;85,0.7255304878820623;528,1.638257404132514;457,2.9978627617802163;562,4.96437059988042;525,3.3974195147104616;99,8.027387324263955;215,9.184669249723921
63,0;405,1.3647339651531043;862,4.537143330589746
786,0;820,1.5047576807729386;523,0.5972539164283857;157,3.219296164329358;857,1.6141365295663606
359,0;133,0.21843908266187992
321,0;118,2.059560040969068;659,0.020020518794500352;856,2.5914999362624638
637,0;109,0.9837845550588774;475,0.7069522235288108
503,0;431,2.0716004825559566;441,2.1280057023303196;135,3.096119699033556
102,0;711,0.12139507307502591;290,1.7505091876686696;985,1.7666641227790052;540,0.46656359483191673
584,0;307,2.282877678054235
623,0;937,0.6424843930485488
923,0;87,0.25669089358143804
170,0;76,0.07173059291822659;477,0.43910650024538417
357,0;83,2.5266796300918033
587,0;380,2.39463511345161;56,4.35887743095596;872,2.676926374602988;238,4.156485482366524;770,2.923664556754273;230,3.8021253962723662;174,5.56406354038396;75,4.372716303912947;740,4.299748362711389;311,7.376480657206921;423,5.56875024933757
284,0;925,1.09936449679291;1014,1.5671472742726258;322,2.532354488908624;204,3.136546080295237;642,3.304398753089855;526,4.780686295817813;315,3.4780418609181267;946,3.4588843863415217;622,3.660245752816397;370,3.3809448767859687;571,4.524045164899353;866,5.154965121543821;340,9.711103510555265;688,5.1080731259445225;805,9.74577473335458;632,12.049983378138105;63,10.385395491964431;48,11.453721350849492
445,0;178,0.2999484692405629;414,0.2467331540626304;278,0.23096290489194057;182,0.46575812974642067;458,0.9999332565261023;962,0.5392626978504422;656,1.3271370256267245;927,1.6987016556158498;358,3.8610825151671655;53,1.474504840027188;74,1.9574129384059178;289,4.356493121973449;354,2.6470279155557725;880,2.2561004532966775;842,4.261668341167223;214,4.3664901548280834;395,5.526346690729518;327,5.677918180314093;68,6.194449179587524;558,4.596761277629959;345,4.713150569006442;107,4.712444689566251;782,5.987695038399068;891,8.722327463852848;47,10.329861753408878;608,11.616322889167847;774,11.977626938070534;963,13.569828085050082;240,13.712834205613266;424,15.147102681549992
656,0;358,0.4522981537078702;53,0.579990502896966;74,2.4071681605356225;68,3.5525495475122755
923,0;87,0.16342659450924357
825,0;854,0.008582195300936185;104,0.30035044133148253;704,0.5702918160636734
677,0;463,1.519177791364185;602,0.5806773482445283;248,0.022195795318789426;486,0.8067464414432469;722,0.7464980407140643;763,1.1857154066745588;296,1.87148523424022;526,2.992205879966163;173,2.78860918761682
918,0;20,0.5445690423853036
619,0;277,0.31873065403849316;576,0.4543090876310569
988,0;266,0.36203563458636356
952,0;27,0.284652617556089;941,1.1321353843776998;829,2.778172274216353;223,1.4004077248760842;760,1.908266533838053
687,0;439,1.3855432731427613;487,1.5866488058235586;498,3.0981184429374338
376,0;966,1.0327961402045407;58,4.726206943786757;151,5.123792759495822;735,6.973800671758387
590,0;714,0.9325816228340932;105,2.400131528225682;550,5.00874082633004
672,0;203,0.9787676323422319;211,0.999966254530642
918,0;723,0.5878339825575172
239,0;590,2.463843776033404;714,2.95969413002535;105,6.116858250406139
481,0;74,0.09387298344128077;68,0.6133735218670515;880,2.6696002059631065;733,4.12139993308391;161,5.807337085832054;96,6.676885524876471;640,8.322978413856186
99,0;215,0.22248426474141128;963,0.7474643590016479;240,1.830177449152583
745,0;216,0.2120966873510523;906,3.579041182952495
916,0;836,3.7726829242541493;241,1.1979323779461513
859,0;620,0.4800144427299508;450,0.636230688653987
201,0;819,0.711274289080742;443,0.39823182118543504;72,0.5315464612123675;984,0.45662974213976215;808,1.8397871772487182;619,1.3722232253088156;366,1.2335619530699322;277,2.277496114229055;187,2.320734477356834;576,3.4854985090880586;449,2.458918123757006;724,2.5045061559105064;603,2.8472646478303996;186,2.980378429362164;391,3.172124722704976;364,4.381248053179066;560,3.680586172810612;84,4.926589259827545;309,5.084785233594101;895,5.500924117061801
893,0;146,1.41593567296518;30,0.1954241645328495;331,3.791422832104188
661,0;270,0.9358673328059811
594,0;469,0.8799621155223113
770,0;230,0.5505215038028262;75,0.6097546127811654;150,2.6159222722826616
680,0;401,1.3454322607319447
657,0;430,1.4299436151841098;284,3.1006216730130642;794,1.8763002576913939;896,3.447786910277866;451,2.409430800847792;171,3.1091658563634845;100,3.4761800495645483;245,4.62505200013997;739,4.764990243759535
399,0;792,0.12186234847261578;642,4.286635732585273;315,4.7999104805914605;622,4.784328865690631;370,5.575626673444004
257,0;24,0.12355362555310821
88,0;914,1.6589989722106502
397,0;877,1.980406990543672;261,2.4145432226185295;94,2.8741553531905044;126,2.5025883100553514;934,4.022193487658548;109,3.0625529479401528;748,5.091770560827392;467,4.369854196376429
559,0;651,0.05522372918722431
204,0;330,0.46649243119415784;642,0.7058992834477438;526,0.9170969558937796;311,2.1060330545555797;946,1.6261200009175387;370,0.7650575976660826;651,2.092205643505264;866,2.1640378080688336
490,0;430,3.3119960004893163;896,4.02878515773567
577,0;153,0.5307623132101761;595,0.6914573397141565
240,0;815,0.7486127292943632;415,0.776654633372167;886,0.943449099262754
325,0;972,0.4793967501641348;974,0.7271986677033362;512,2.554747311172724
369,0;955,0.8668795730800285;653,0.7809965625368119
916,0;772,0.9734526926407706;971,0.817274476874563;585,2.5136823856812587;530,1.0522380581316246
3,0;196,1.69395530728581;140,0.06985629065231325
368,0;9,0.20739309336019734;646,0.6060255761983948
833,0;31,0.44595143460500364;971,0.8638135401215812;731,0.8857258422136027;933,1.075670868309895;470,4.290639421111225;424,1.110015484706901;278,6.9254543781458064
1018,0;706,2.4681291059502293;455,0.44351394421428497;275,0.993490312240157;294,1.1266624341647151
1023,0;61,0.46973095640150314
833,0;31,0.08449840347422373;731,3.202458101593353
159,0;361,0.5197272916507103;953,0.31159523408686457
411,0;158,3.5682103309767803;338,3.801385165898741;684,5.8495379414224455;361,3.879178901975685;643,4.6103043569310245;373,6.49699509677526
624,0;172,0.045534897053052664;824,0.09113504867046882;594,2.1106418833738956;871,2.835179225496347;371,0.10055642323588176;408,1.2432793110763378;75,0.285296784818741;469,3.185380196405257;556,2.8557272928474737;983,4.378846936144387;617,4.048859863121246;862,3.7819440499944594;573,4.485366138144836;974,4.51317033237443;512,5.280437919722972;978,4.54035860740514;448,8.759639849121296;190,5.720060485664477;369,6.631353516094853;955,9.396594135904579;653,7.505376108160636;272,12.983048626573513;373,8.806232392939936;485,13.313920413010853;620,13.801853243350251;588,13.808650799171987
217,0;192,0.2718494267865366
871,0;921,3.0178960955231977;556,0.5417999470032652;362,1.998949378625249;983,1.4093852211723417;617,3.0685553308392652;573,1.5593655749533064;650,1.5093535963605964;422,1.7647599434940395;71,2.467109963004818;166,3.0452118029800337;17,3.885916911941082;28,3.3128624997788383;680,3.8567349168371052;742,4.1028106733642895;891,5.422576602029774
956,0;133,1.7791384508978394
908,0;193,3.3733653382635045;1013,4.953499893944117;345,6.229837283908839;497,9.124357535528492
526,0;382,0.8810297513155307;927,1.215367984465137;74,3.598023375481005;880,3.6025560671929067;733,4.0989163268812;161,5.421304095675659;96,8.708725970843687;572,10.758165735170186;297,11.314203012144349
144,0;644,0.18074558760399434
448,0;373,0.4732753303357502
55,0;7,0.3988801968814357;61,1.1666791478389038;860,0.940348300752119
338,0;505,1.2269378946039928
267,0;743,0.7108243799904267;574,1.1444204045254374
494,0;531,2.2872164718466923;966,2.317595950405265;58,2.8387419762560566;141,3.9601360163328376;718,2.9732633008252987;151,3.175163534828064;7,3.9347541987183563;605,3.0245671543170034;735,4.537307067336626;443,4.746636275508301;984,5.138868211668667
918,0;20,2.312020210093688
636,0;540,1.4758347871360487
614,0;992,0.07492714840738783;570,4.135910142365858;151,5.312437591815523;735,5.638707542670462
612,0;788,0.5265610925946639;1017,4.46150435123858;957,10.027025107884022;494,10.457361270171965;531,10.465115535400118;533,11.917928001053149
656,0;729,2.7607169768464224
194,0;542,5.623111422594788
170,0;119,1.8055166630155353;76,1.0936329356644738
636,0;540,2.7484385522832655
962,0;738,2.3995142173190183;108,5.741750895365488
898,0;173,0.545469162755357;859,1.33137073070339;77,0.8347887078793497;620,1.6042983498124246;58,2.3381477916812106;141,2.759059549339863;151,4.830157579181789;443,4.868854238633003;735,7.649735796207894
568,0;296,3.406551605488102
172,0;871,0.7823163466979551;362,1.907392121987272
917,0;982,7.512764577309927
187,0;449,0.3096176829015545
380,0;238,1.6891753096471323
234,0;338,0.38834500867866273;102,1.77388823404117;505,4.505432986438615;361,1.2587407430017543;643,0.6850344795783346;812,1.0757568254433716;339,0.9727666633693828;219,1.9352723347997196;826,1.5542118099091782;677,4.929036995142876;463,6.437124757251713;246,8.728400256509255;526,6.462459461705682;382,10.639925499803816
200,0;941,0.08984616437776018;223,1.8737776882295782;760,3.090285916729666
237,0;282,0.31365222159490247
513,0;122,3.4447031457444317;937,4.61539285342026;134,6.144701721189377;63,6.252796988295794;571,6.782295027725256;270,9.293902469473949;48,9.162603210193641;1016,7.800983358284429;224,9.13623984300393;318,7.848645767691901;461,8.579970714850761;630,10.18592340496199
891,0;47,0.3995886002623112;608,1.5171199749904225;274,1.8242703159383744
624,0;172,1.0613640448929835;824,1.3985129834311858;274,0.1331355483582081;85,0.7420537253141486;371,1.489835728896729;372,2.5766651324813665
617,0;28,1.8270030644296407;680,0.5197316106537796;401,1.4692665169018269
141,0;443,0.2799643526457945;650,0.15039189813738385;178,0.37620757365848034;72,1.0622850207343324;487,1.4175004254418888;195,2.639353836126469
200,0;941,0.746895592807964;223,4.7417331090858665;760,6.113616082875264
785,0;806,2.748015614671154;85,2.911338924026573;528,2.996743906159567
436,0;684,0.07122744531671457;373,0.23330460156444938;581,3.156644035989575
707,0;940,0.13018407449767916
968,0;388,0.4867900785563532
753,0;358,2.3216673469128386
570,0;151,0.3400559084575329;735,1.4138108385220787
986,0;131,2.385030400465087
398,0;351,1.3871931830009188;886,2.7744527695775476;470,1.6998743379730097;278,2.6775840315847295
591,0;558,0.41988445343903147;744,0.3852287792615932;345,1.3393845909144484
21,0;549,0.5278011163741022;297,0.711022127280625;955,1.0175163091549004
85,0;528,0.6884555686283647
188,0;804,0.5748216416017292;980,0.7760115855235658;393,1.2882189333616563;542,1.3472906863099452;107,2.4325053744404532;984,2.757743834937679;605,5.555203687890746
414,0;458,2.079267460625858
805,0;63,0.4355308208566802;405,2.587957865131687;48,1.3808051707512852;513,3.245689190814699;862,2.751780427836017;847,4.495800143291364;1023,5.1841964925988;626,5.718431512479755;61,5.532829806076622;388,6.46793278651501;365,8.04024692989094;775,9.153456404580107;134,8.436769369394716;956,9.401361046803128;270,9.104302081097499
657,0;339,0.0016732445454058814;284,0.1849093058415754;670,1.9995627725958913;113,0.4639501364449729;925,2.7298098505084067;50,1.364739194600794
197,0;600,0.5806814687228374;722,1.6738215920113786
503,0;252,0.06678609278144994
647,0;801,0.2860553062445589;477,0.5995085818507776;237,3.2187640761917025
245,0;797,2.6547439384330622
439,0;487,1.809929068333522
750,0;289,0.6830170423346748;789,1.5970739135749714;327,4.093968940641686;68,1.2011777429405703;173,2.1184255724007643;859,5.2869105209413645;57,4.600703242116224;782,4.524032793393079;254,4.900981972991891;685,5.125662413515823;620,7.0447737159946335;58,7.078915954422343;934,8.04857668027449;467,8.92356292955589
947,0;735,0.4475386275300417
929,0;884,1.337000594484626;988,1.437717802684904;141,1.4045938086653813;1015,1.5759069338244254;443,1.710082481801847;650,1.6934903172262368;218,1.9736741574636532;415,4.878631264975389;163,1.8301543744175823;1001,2.52848612768637;926,3.1621483444160026
404,0;144,1.8977314460275698;69,1.733587745016029
819,0;619,0.6822240219519818;366,2.2216324815459587;337,2.2564474117708784
685,0;521,1.5613154038976458
624,0;594,4.325525605050224;274,0.24995988959562068;85,0.2550218392199409;469,4.502137908509067;818,7.890250998063281;862,4.964572541629935;23,9.093883891219278
62,0;434,2.757352663648826
742,0;891,1.5253545248040206;47,1.5299509505010447
512,0;448,0.9840689228939479;190,1.7422582463038516;272,1.6848281455897736;373,1.5370075693546674;643,2.6671409556991366;485,2.86253646294617;812,2.852004922393464;339,2.6675156765318495;143,3.268896002153827;677,3.6150297300683567;602,4.02790956381401;248,3.9940076122137165;354,4.918445608964329;722,6.226912972575513;566,5.533850491047905;842,5.194576808376664;214,8.069960690398744;558,9.540290703478075;107,11.270569031326692;605,13.822188771266422;276,11.341102808841914;565,12.365435575708263;537,12.411622400387278
873,0;360,0.780604579532387;4,0.5757407403936405
819,0;366,2.016495245269489;451,5.1133680910264125;171,6.107775368688745
131,0;1000,0.12399556293347601
956,0;133,0.5371883193137217
1018,0;706,0.7754305479062009;16,0.780079136345009;220,1.5710868641824716;742,2.9811146630367347;525,4.194246132873978;532,2.985167879707507;891,5.1247528698622205;47,6.363654008354428
833,0;731,0.4214632234863715;89,1.1380681757554927;470,2.0029650084483808;325,0.7077026003036504
413,0;479,0.9136909998409132;959,1.5081615399255466
845,0;272,0.3698272996405728
525,0;782,0.9079475883925522
95,0;893,1.1598361612983141;841,1.2567137608142653;146,1.904715677292822;935,1.6093659031262186;576,2.6971014535371;855,1.5817367029901925;272,2.824954379797453;560,3.381859268839193;485,3.0479308674224894;987,3.2833779452144642;705,3.512209538338156;540,4.87797945328521
190,0;369,0.17132822776447731;955,2.623730253788334;653,2.9195435908516676
7,0;860,0.4637967318363715
559,0;817,0.9368811054934628;431,1.054552118192878;441,2.2806000883629167;582,1.4526505876024147
354,0;566,0.038119510042350334
587,0;380,0.1831041698375489;56,1.4475392630394146;238,0.9588505760090122;311,2.2170788779440342
481,0;999,1.2826065518812748;533,1.3712334605873469
25,0;758,1.0010384563893242;611,0.4916754989734889;354,1.5301958250874519;527,1.596286826924475;480,1.5918994869829863;566,2.20262674997985;214,2.8856524354712567;277,1.6500622531351878;720,3.3653307070864917;776,1.677375647658505;576,4.208873946205597;167,1.9815976316038952;850,2.4639958848540497;622,3.0638830870764537;558,3.4865143481528773;877,3.410413429331249;345,5.079748316896666;441,6.350494092250022
430,0;794,0.0616376923944593;896,0.007439604836736495;245,0.8431019711276284;451,0.9867752793914788;797,0.9936864709364429
110,0;544,0.10849294103694233
376,0;966,1.8903312619211907;1010,0.38121845322350356;58,1.9781984874385787;718,3.096977778150475;151,2.3675826916879723;735,3.015956851681978;605,4.248545720202161
115,0;342,1.3753517972451779;853,2.3468811712279956;617,2.4445981201527704
14,0;659,4.144727648487748;961,6.09223796440363;361,7.388701775097598
878,0;1008,1.0055832889163174
108,0;420,0.2609783753907436;816,1.210000879156468;28,1.1569727106038492;962,1.4921694808617803
738,0;108,0.7515530215621686
719,0;413,3.745367736889043;735,3.8503339031090364;363,6.392013944690196
406,0;335,0.8908786484181711;470,1.3929536769091542;278,1.918853954104281;182,2.22299737946862
215,0;963,0.15383872940963092;359,0.9924573110119806;240,1.899811810872031;20,6.723562449800951;815,1.9895534268091046;424,3.8069897849970755;540,2.4104651261285257;886,2.557796401484466
357,0;83,3.2267038704623796
643,0;828,0.005717422206152378;889,0.29801032632871655;16,1.9629438397179158;232,1.0654616581035865;742,2.417414435968997
404,0;226,2.0530374262005364;144,1.4461069601750456;69,0.7562953322938988;644,2.8001498384644394
818,0;23,0.11208994809165132;116,0.2311177969801737;323,1.6636778723597723;371,1.519047067411485;75,3.451057654149741;150,3.8804396493562687
542,0;915,0.41876626515919263;766,0.44719481762775903
954,0;62,1.0004874102684735;656,1.9950091653489688;729,3.332129416678627;915,3.6657518015476005;635,4.4125715098061615;766,3.8110757763244174;843,4.213618780039235;924,6.996579608689377;517,7.74261455252846;148,4.942840523563935;574,6.189437519024368;413,6.908593581361208;479,7.942501206995806;959,9.379144439448737;735,6.99528085376319;155,7.090235084932136;30,8.90344048344056;205,8.393463247132473;846,8.834471708358146;206,8.007438475700924;533,8.398150550553336;567,9.676658793007551;490,9.52388916478031
468,0;631,0.6753747560085214;800,1.3224321098548562;216,1.7044483838166933
303,0;583,1.0225603048936294;69,2.133359803359434
239,0;678,1.129413544102712;476,1.808640638403387;802,2.0533424432828613;895,3.2953491273219147;250,2.6338331876942624;984,3.093622191660127;115,3.159832732021208;808,3.5504900048849883;187,4.674437327612989;449,5.666061159158734
501,0;757,1.4561038350645605
559,0;817,0.5961369067809565;431,0.7768613042527942
407,0;390,2.1203879152833602
934,0;258,0.727158610150644;727,1.3572766490966655
891,0;47,0.013393067692980973
239,0;590,0.2337210462485701;599,2.8463749254846245
846,0;567,0.5191179609536996;584,1.2966854593402342;491,1.339307251611649;1012,1.4510778146486163;422,1.5146610150062603
945,0;898,2.0085076056766162;173,3.2031338290154983;859,9.604433031019855;77,4.892879919664596;115,5.85908035087176;342,7.245846314930073;853,7.276056416632514;208,7.644403165511827;620,9.981846208880324
34,0;4,2.9069765812008663
1022,0;577,0.29881743930847654
587,0;56,1.2090965056845981;311,1.516814369043599
322,0;204,0.38553701437547294;330,0.7815574197913622;642,2.8621717265912956;526,2.6324654265914034;688,3.3112865892032204;382,3.414789539327645;315,3.7533871755139154;622,3.153607123160309;370,3.1149249622357877;577,3.8294747282915202;927,3.625305848933447;289,3.6675000765658408;68,3.717583592255802;340,6.077206913211028;805,7.180610687727118
805,0;63,2.6180453622509168;405,3.6740215295507515;48,3.3722212681226225;862,4.191154122589329;847,3.6832510270652277
299,0;833,0.044811369981132845;971,0.057453643854123444;731,0.6308575190119127;933,0.7479924083392736;470,1.2643721434570838
433,0;279,0.05452304738811491;661,0.3426564855341939;679,0.2820369820528882;470,0.8962133266687607;1020,2.010004901430672;278,0.9145895946003751;182,1.552253338454903;940,1.78037465757631;720,2.4720932677583103;877,3.2124609303116998;261,5.813758402213642;853,6.458171224059423;208,9.090793061777946
138,0;739,0.29043156332384884;705,0.8268105186038772;371,0.322929843211758;137,0.611494481338614;609,1.1402915993112155;993,1.7825871972160374;74,2.508671377643717;68,3.2813713686181094;880,4.106840465359373;719,3.365082200926606;891,5.912945030623677;413,4.644667272401342;479,5.817804351752134;959,4.746797724856638;155,5.078656095591722;363,4.707387284526494;296,5.349387753437425;846,5.856934032029729;206,6.059152557944485
225,0;342,1.5279067353957823;853,2.1015849035071072;919,2.5201791039585135;314,2.869560666884258;617,3.7086758519455945;28,3.813770859955749;680,4.1197712911568845;413,5.059571203157538;401,4.388067680266767;959,5.52306233154405;155,9.347534191486563;363,5.817696687828509;846,9.718935388076426;567,11.01572017357629;584,11.05668700381565
55,0;7,0.5975317451903973;93,0.959126798934156;398,0.1719144384224519;351,0.8900189483555373;991,1.5049406858327323;410,1.1688124607352308;750,1.8462190072263376;496,1.3365978192145316;353,2.3548643320693223;90,4.7706746688433554;249,1.8568848525684736;289,1.9979629940210442;327,2.790067655814276;68,2.4264399384849518;104,2.598657193515013;704,2.8043524531577217;57,3.393818267373252;254,3.4305745742341944;59,7.0435333926337815;341,5.00705161125269;441,8.761004456038041;993,5.309727453187251
887,0;956,0.05317296520611435;133,4.874818334094295
461,0;630,2.193771545349126
253,0;818,0.10539804927279198;23,2.397994340624076
89,0;467,1.2082877608757696;1011,0.7404494872389029
497,0;197,0.03947779641734544
53,0;74,1.8469689668747296;68,5.265692484179272;354,2.2524520924486167;842,2.7484047257618123;214,2.747650674970022;395,3.205797000511446;952,3.6442218607112267;941,6.527654521449329
801,0;689,1.2508916825841725;621,1.9937011066981447;901,2.950206706333336
547,0;810,1.2475565088220482
772,0;530,0.2464872632380305
472,0;446,0.43347832345320114;600,0.34305384386469945
797,0;961,1.1456344469564288;361,3.5102781223384225
853,0;919,4.04751005973096;617,0.384199664483191;28,0.6867041397185503;680,0.7544212232995187;413,1.1478053928844758;742,1.0318949981882608;891,1.5457187171263618;959,2.581791065202027;735,3.5520096778716646;155,2.5332561492150423;846,4.353776302502931;296,3.38731854879363;384,5.7393863216270535;567,4.814640006821719;584,5.56163362941493;491,5.9953612022472225;307,7.138590888585169;240,7.214272944834834;873,6.366779564403454;1012,6.0688215160007255;360,7.055119655219221;4,6.896772585005838;2,7.781200058830507;128,7.271222510352656;815,8.755015881852202;160,7.456411624443658;540,10.400803229716793;886,9.67819279542144
729,0;915,0.3370704970124269
62,0;656,0.9084388906985573
776,0;167,1.5603530791414857;850,1.5872122647472404;542,2.2069690026307227;622,2.0568790095307588;915,2.732510178992972;766,3.113543026546434;843,5.6189405790964955;858,6.124310955414772
440,0;602,0.009761739455275656;226,0.5885910475542947;722,0.2206984234232119
691,0;57,0.21515371347457543;254,0.4433787272008799
839,0;893,1.3686456187345255;339,4.544859674371667;935,2.2798999941139666;113,7.513564672363737;105,8.742376179673304
840,0;411,0.7198032895147723;158,1.3699526497112147;476,2.820914974579783;684,1.7705643367104327;848,5.2614201062407435;373,2.433963539413644;643,2.8737188054657015;802,3.1626114453781016;895,4.422055583090159;348,4.076906397419705;250,4.1825908088604;828,2.975271457355168;984,3.4135944744633924;777,4.274315101122011;408,4.556403792148059;825,4.637343388787639;296,5.427609760185047;356,6.325193512755722;756,5.997846413430485;92,7.857005051316055;788,6.650644758075271;331,6.485817195517981;1017,6.787825714482879;982,8.053548449019486;957,7.189790696394401;494,7.381594570284777;531,7.752819560250248;966,8.307290985160451;93,10.007796694753996;58,10.538288718656633;718,11.518850503401612;151,12.501226181856847;7,11.611160869324427
188,0;804,0.3136871014151996;980,1.1223545208498953;393,3.2644675345241407;121,0.0065239769740412035;37,0.6470730986668923;674,0.9173037305538746;542,2.1404436891815446;915,2.378785042070272;766,4.2424571859289015
294,0;721,1.2323095855659314;882,1.2426723815921352
249,0;310,0.01490884074105738;893,0.42601942598349235;935,0.4454740048008865;30,0.4677265845440241;272,2.4965128978531332;485,2.9141619504837792
86,0;705,0.6969606348963285
1016,0;318,0.6417689604781762;461,1.3749790842841385;630,3.178728295767275
877,0;909,0.5092167532682648;261,0.38888610870790424;853,0.6926995960388239;94,1.216512418462027;919,2.635366096620136;617,1.069232338393844;680,1.9046488536590254;413,2.3922403614153622;959,3.4968221479400294;363,2.818666880098718;296,3.795697715306007
551,0;641,2.69168682825346
118,0;856,0.16240745669211842
492,0;383,0.37345017040404954
244,0;409,0.10275315186036167
48,0;513,1.0326131731067452;122,2.3098256065139386;493,2.470860617583371;683,5.42046734962984
675,0;352,0.5542431684563374
48,0;513,1.4438968458445758
890,0;643,1.267309032394648;828,1.5141308261510564
408,0;825,5.013757034611567;296,5.321431980227625
535,0;853,1.8928158520275546;919,2.4281046838050773;314,3.0959410343371023;208,3.5343596013209293;617,3.311041575587761;28,3.7431843104416624
395,0;952,1.418663105773638;527,0.066408174621622;776,0.08973513105275335
218,0;851,1.1806966392262357
671,0;82,0.9980008667914803;476,1.445558585838407;895,1.8810781127735248
768,0;1015,0.17233680478418928;957,0.9190074859252682;415,0.6530808835124166
920,0;836,0.14443705362897333
139,0;152,1.403978971247303;422,4.6681186731638755;978,7.266112656937089;71,4.904048293084701;166,5.17116843856213;759,5.187936204534245
89,0;467,0.2236641378563413
284,0;925,1.7660665267152935;1021,3.813394647238495
115,0;342,0.2525944949841311
395,0;527,2.480117184840736;74,2.914176530622831;68,4.1333597979720835;880,3.4671630673387757;733,4.753188365071998;719,4.256302778569498;891,5.3486825109257525;413,4.912669820405393;161,5.091554850331624;735,7.606671406469561;96,5.252572120635433;640,5.548619833716083;572,5.433327688911743;47,6.267167642116873;307,5.603573144515761;297,6.681490348167556;264,5.957986223143066;128,6.256529485434115;608,7.071550878595873;597,7.691034897697094;317,7.986922247732629;774,8.345392127371799;941,8.42424362864458;963,9.92179600758276;359,12.658459462398474;240,13.0666724289125;20,12.828993142457717;837,13.417636490809373;815,13.679601535362517;415,14.377348286591769
825,0;854,0.164027633334195;104,1.0487636569031134
996,0;52,0.3409443859744631
284,0;925,0.3763159169570342;1021,3.6917686744857394;231,4.355723959682255;200,4.5801874533642755;128,9.074281089020616
319,0;558,0.08716889533572282;345,1.669386120769333;497,2.1742384703652347;197,2.4672422382171444
764,0;319,0.15206859555177699;558,0.24805612046662312
229,0;787,0.05551109880938432
882,0;113,3.4163216191499854;762,1.6816438178430695;760,4.781044568719183;105,4.113278119969641;550,4.580024289502032
974,0;512,0.016056698675097382;448,0.05687943706072408;272,3.491620402808187;373,0.39471179154409686;643,0.8003788362759521;339,2.241115814315603;143,2.429925090085329;113,2.3435667707058974;760,3.083100771726708;105,4.865107998925202;335,5.379175300508893;624,2.844041157410449;742,2.5401398971069864;172,3.109332203861456;824,5.798957238136177;594,3.65061795469933;274,3.357935006368791;408,6.787867875522332;825,8.8417530131189;296,9.137431659095416
170,0;119,2.7561719721272997;76,0.14490051776446686
754,0;416,1.576278063987095;410,1.8568536281374133
