0,0
1,1
2,2
3,3
4,4
5,5
6,6
7,7
8,8
9,9
10,10
11,11
12,12
13,13
14,14
15,15
16,16
17,17
18,18
19,19
20,20
21,21
22,22
23,23
24,24
25,25
26,26
27,27
28,28
29,29
30,30
31,31
32,32
33,33
34,34
35,35
36,36
37,37
38,38
39,39
40,40
41,41
42,42
43,43
44,44
45,45
46,46
47,47
48,48
49,49
50,50
51,51
52,52
53,53
54,54
55,55
56,56
57,57
58,58
59,59
60,60
61,61
62,62
63,63
64,64
65,65
66,66
67,67
68,68
69,69
70,70
71,71
72,72
73,73
74,74
75,75
76,76
77,77
78,78
79,79
80,80
81,81
82,82
83,83
84,84
85,85
86,86
87,87
88,88
89,89
90,90
91,91
92,92
93,93
94,94
95,95
96,96
97,97
98,98
99,99
100,100
101,101
102,102
103,103
104,104
105,105
106,106
107,107
108,108
109,109
110,110
111,111
112,112
113,113
114,114
115,115
116,116
117,117
118,118
119,119
120,120
121,121
122,122
123,123
124,124
125,125
126,126
127,127
128,128
129,129
130,130
131,131
132,132
133,133
134,134
135,135
136,136
137,137
138,138
139,139
140,140
141,141
142,142
143,143
144,144
145,145
146,146
147,147
148,148
149,149
150,150
151,151
152,152
153,153
154,154
155,155
156,156
157,157
158,158
159,159
160,160
161,161
162,162
163,163
164,164
165,165
166,166
167,167
168,168
169,169
170,170
171,171
172,172
173,173
174,174
175,175
176,176
177,177
178,178
179,179
180,180
181,181
182,182
183,183
184,184
185,185
186,186
187,187
188,188
189,189
190,190
191,191
192,192
193,193
194,194
195,195
196,196
197,197
198,198
199,199
200,200
201,201
202,202
203,203
204,204
205,205
206,206
207,207
208,208
209,209
210,210
211,211
212,212
213,213
214,214
215,215
216,216
217,217
218,218
219,219
220,220
221,221
222,222
223,223
224,224
225,225
226,226
227,227
228,228
229,229
230,230
231,231
232,232
233,233
234,234
235,235
236,236
237,237
238,238
239,239
240,240
241,241
242,242
243,243
244,244
245,245
246,246
247,247
248,248
249,249
250,250
251,251
252,252
253,253
254,254
255,255
256,256
257,257
258,258
259,259
260,260
261,261
262,262
263,263
264,264
265,265
266,266
267,267
268,268
269,269
270,270
271,271
272,272
273,273
274,274
275,275
276,276
277,277
278,278
279,279
280,280
281,281
282,282
283,283
284,284
285,285
286,286
287,287
288,288
289,289
290,290
291,291
292,292
293,293
294,294
295,295
296,296
297,297
298,298
299,299
300,300
301,301
302,302
303,303
304,304
305,305
306,306
307,307
308,308
309,309
310,310
311,311
312,312
313,313
314,314
315,315
316,316
317,317
318,318
319,319
320,320
321,321
322,322
323,323
324,324
325,325
326,326
327,327
328,328
329,329
330,330
331,331
332,332
333,333
334,334
335,335
336,336
337,337
338,338
339,339
340,340
341,341
342,342
343,343
344,344
345,345
346,346
347,347
348,348
349,349
350,350
351,351
352,352
353,353
354,354
355,355
356,356
357,357
358,358
359,359
360,360
361,361
362,362
363,363
364,364
365,365
366,366
367,367
368,368
369,369
370,370
371,371
372,372
373,373
374,374
375,375
376,376
377,377
378,378
379,379
380,380
381,381
382,382
383,383
384,384
385,385
386,386
387,387
388,388
389,389
390,390
391,391
392,392
393,393
394,394
395,395
396,396
397,397
398,398
399,399
400,400
401,401
402,402
403,403
404,404
405,405
406,406
407,407
408,408
409,409
410,410
411,411
412,412
413,413
414,414
415,415
416,416
417,417
418,418
419,419
420,420
421,421
422,422
423,423
424,424
425,425
426,426
427,427
428,428
429,429
430,430
431,431
432,432
433,433
434,434
435,435
436,436
437,437
438,438
439,439
440,440
441,441
442,442
443,443
444,444
445,445
446,446
447,447
448,448
449,449
450,450
451,451
452,452
453,453
454,454
455,455
456,456
457,457
458,458
459,459
460,460
461,461
462,462
463,463
464,464
465,465
466,466
467,467
468,468
469,469
470,470
471,471
472,472
473,473
474,474
475,475
476,476
477,477
478,478
479,479
480,480
481,481
482,482
483,483
484,484
485,485
486,486
487,487
488,488
489,489
490,490
491,491
492,492
493,493
494,494
495,495
496,496
497,497
498,498
499,499
500,500
501,501
502,502
503,503
504,504
505,505
506,506
507,507
508,508
509,509
510,510
511,511
512,512
513,513
514,514
515,515
516,516
517,517
518,518
519,519
520,520
521,521
522,522
523,523
524,524
525,525
526,526
527,527
528,528
529,529
530,530
531,531
532,532
533,533
534,534
535,535
536,536
537,537
538,538
539,539
540,540
541,541
542,542
543,543
544,544
545,545
546,546
547,547
548,548
549,549
550,550
551,551
552,552
553,553
554,554
555,555
556,556
557,557
558,558
559,559
560,560
561,561
562,562
563,563
564,564
565,565
566,566
567,567
568,568
569,569
570,570
571,571
572,572
573,573
574,574
575,575
576,576
577,577
578,578
579,579
580,580
581,581
582,582
583,583
584,584
585,585
586,586
587,587
588,588
589,589
590,590
591,591
592,592
593,593
594,594
595,595
596,596
597,597
598,598
599,599
600,600
601,601
602,602
603,603
604,604
605,605
606,606
607,607
608,608
609,609
610,610
611,611
612,612
613,613
614,614
615,615
616,616
617,617
618,618
619,619
620,620
621,621
622,622
623,623
624,624
625,625
626,626
627,627
628,628
629,629
630,630
631,631
632,632
633,633
634,634
635,635
636,636
637,637
638,638
639,639
640,640
641,641
642,642
643,643
644,644
645,645
646,646
647,647
648,648
649,649
650,650
651,651
652,652
653,653
654,654
655,655
656,656
657,657
658,658
659,659
660,660
661,661
662,662
663,663
664,664
665,665
666,666
667,667
668,668
669,669
670,670
671,671
672,672
673,673
674,674
675,675
676,676
677,677
678,678
679,679
680,680
681,681
682,682
683,683
684,684
685,685
686,686
687,687
688,688
689,689
690,690
691,691
692,692
693,693
694,694
695,695
696,696
697,697
698,698
699,699
700,700
701,701
702,702
703,703
704,704
705,705
706,706
707,707
708,708
709,709
710,710
711,711
712,712
713,713
714,714
715,715
716,716
717,717
718,718
719,719
720,720
721,721
722,722
723,723
724,724
725,725
726,726
727,727
728,728
729,729
730,730
731,731
732,732
733,733
734,734
735,735
736,736
737,737
738,738
739,739
740,740
741,741
742,742
743,743
744,744
745,745
746,746
747,747
748,748
749,749
750,750
751,751
752,752
753,753
754,754
755,755
756,756
757,757
758,758
759,759
760,760
761,761
762,762
763,763
764,764
765,765
766,766
767,767
768,768
769,769
770,770
771,771
772,772
773,773
774,774
775,775
776,776
777,777
778,778
779,779
780,780
781,781
782,782
783,783
784,784
785,785
786,786
787,787
788,788
789,789
790,790
791,791
792,792
793,793
794,794
795,795
796,796
797,797
798,798
799,799
800,800
801,801
802,802
803,803
804,804
805,805
806,806
807,807
808,808
809,809
810,810
811,811
812,812
813,813
814,814
815,815
816,816
817,817
818,818
819,819
820,820
821,821
822,822
823,823
824,824
825,825
826,826
827,827
828,828
829,829
830,830
831,831
832,832
833,833
834,834
835,835
836,836
837,837
838,838
839,839
840,840
841,841
842,842
843,843
844,844
845,845
846,846
847,847
848,848
849,849
850,850
851,851
852,852
853,853
854,854
855,855
856,856
857,857
858,858
859,859
860,860
861,861
862,862
863,863
864,864
865,865
866,866
867,867
868,868
869,869
870,870
871,871
872,872
873,873
874,874
875,875
876,876
877,877
878,878
879,879
880,880
881,881
882,882
883,883
884,884
885,885
886,886
887,887
888,888
889,889
890,890
891,891
892,892
893,893
894,894
895,895
896,896
897,897
898,898
899,899
900,900
901,901
902,902
903,903
904,904
905,905
906,906
907,907
908,908
909,909
910,910
911,911
912,912
913,913
914,914
915,915
916,916
917,917
918,918
919,919
920,920
921,921
922,922
923,923
924,924
925,925
926,926
927,927
928,928
929,929
930,930
931,931
932,932
933,933
934,934
935,935
936,936
937,937
938,938
939,939
940,940
941,941
942,942
943,943
944,944
945,945
946,946
947,947
948,948
949,949
950,950
951,951
952,952
953,953
954,954
955,955
956,956
957,957
958,958
959,959
960,960
961,961
962,962
963,963
964,964
965,965
966,966
967,967
968,968
969,969
970,970
971,971
972,972
973,973
974,974
975,975
976,976
977,977
978,978
979,979
980,980
981,981
982,982
983,983
984,984
985,985
986,986
987,987
988,988
989,989
990,990
991,991
992,992
993,993
994,994
995,995
996,996
997,997
998,998
999,999
1000,1000
1001,1001
1002,1002
1003,1003
1004,1004
1005,1005
1006,1006
1007,1007
1008,1008
1009,1009
1010,1010
1011,1011
1012,1012
1013,1013
1014,1014
1015,1015
1016,1016
1017,1017
1018,1018
1019,1019
1020,1020
1021,1021
1022,1022
1023,1023

85,0;528,0.3735176187263267;457,1.8667402450117438;21,0.8504885774096791;576,4.757147856717923;562,2.662047314306144;270,4.043022861945576;560,5.197455032859479
284,0;925,1.2359871561736784
381,0;227,1.0250674518716676
331,0;41,1.2899108327925315;416,1.585282099936041;981,1.9164264444533483;410,1.6779752935356453;569,2.3348424147421962
355,0;693,2.7906996689317887;796,3.4741481829443654
1019,0;610,0.8992393316436398;882,1.5454541389980747
303,0;583,0.5128620122056246;69,0.18345194000059736;700,0.9017649369858296;324,2.8976343654997594
825,0;854,1.9318790148707508;296,1.5261544258819602;104,2.1738612233171257;704,2.326343954068338;878,2.3633083984417422;452,4.663181826421244
196,0;18,0.15573473511619398;337,0.35479823064649163
375,0;988,2.6671039639845584;783,3.865260626864597;153,0.7648877903215086;218,3.4785341432955668;266,2.7937688490032446;851,3.9327818384094897
835,0;589,0.14611260797032366;437,0.17692492964885553;681,2.359940872044816
924,0;30,0.20401946106209495;205,0.7786435396422734;490,0.5598819075907091;573,1.5736915338322048;895,1.3394334799413976;463,1.4911289768459923;246,5.090677123196751;526,3.9062428082260574;422,3.8930328165023336;974,1.7657841091040778;512,2.6101062079019575;448,3.9602044937543543;651,6.374395987153818;272,5.503339955723098;373,6.755739321376289;485,5.783871146488455;620,6.775105063746196;58,8.598137783376483;450,7.418938185807855;588,8.872627831123278;718,9.13558023040423;86,9.58587977395767
440,0;602,0.40133343208760036;722,3.019294980780132
178,0;487,0.05967415114155774;498,2.3367703831874125;784,2.750642818549682;834,2.8209979291584917;761,3.9436529727682026;34,3.1067481701878927;170,3.1586353424361384;46,3.5968655803307215;4,3.555302094959478;76,3.2557472353031045
661,0;1020,0.3056521891600806;270,0.029368492294824893;773,0.7824525225150858;720,1.3005921513934338;789,3.0805047375647554;990,1.773907030823177;877,2.3558873366998716;948,2.510041807637071;261,2.6771356400291033;173,3.22986455305041
921,0;801,1.1660319082833286;524,0.4089768530390361
303,0;521,1.5125439336868804;69,0.04063996691593596
589,0;155,0.3702250104820091;846,0.6781930081650004;567,1.5870535990825017;584,2.1886958703397044;491,4.957993756416547;307,4.873824624405992;264,5.2964537944686025;873,6.086111172894446;160,6.934682178534431;4,6.7911665555933265
56,0;311,0.19720932367049454
80,0;346,0.8342596327425303;861,0.9865319678134185;407,2.1202659324150273;390,4.839533894897723
343,0;903,1.4452505292736957;779,4.116585137244444;800,1.8256137463803825
543,0;674,3.2696841975037803;265,5.214229710321816;250,3.4796042778664495;285,4.4320683055215016;777,3.946972295128547
796,0;782,0.8692304451179415;783,2.0724307150224734
374,0;671,2.423740633896974;784,0.9641923228057795;834,0.9700253107776953;652,2.09299691436924;761,2.2649592739403817;34,2.5607316511016984;46,3.0069892144337844;4,3.83173547114047
903,0;800,2.348780064084122;216,2.899933706780849
444,0;372,0.7700302428688064;178,0.3378800337414972;962,0.7823922888661805
794,0;451,0.6008070640615313
999,0;221,0.20174862871969917;533,0.021655959939428007
248,0;354,2.3882460452549648;842,3.2347362849905847;395,5.6328360443714445;527,6.0629088480152715;776,8.73262901207089;74,6.2014687834138735
661,0;78,0.837014767000276;924,2.176708596253405;155,2.8516849028540525;846,2.980168791532433
999,0;221,1.035974363828595;533,1.8532084947127436
677,0;602,0.04001092374305085;248,1.9594435803331407;486,2.254989866391055;763,3.1405880977892737
675,0;541,0.11127263153613492;352,0.33937859648372387;449,6.323328984205839
324,0;462,0.6799566938771027;458,2.258891049623477
907,0;420,0.73345340513711;738,0.38880800052328357;108,2.5858713223647865;816,1.1517997574323884;225,1.288333089196671;962,1.6789336663031955;928,1.3122007713266464;342,1.3338379991851967;53,2.266858236408401;74,3.0360601572048127;354,3.9044796246226197;566,4.3341171369824965;214,5.166680529602138;558,5.359644294798017
173,0;77,1.7017755018137157;115,3.3956990110994587;603,4.492714220562044;342,4.332734946100112
980,0;67,0.3396724563026451
333,0;993,0.7348147054714078;668,0.9154037699796203;334,1.0057659850461835
27,0;918,0.9345214332155897;829,0.39134693341055576;942,1.591386734435734
974,0;512,0.0733533076986731;978,0.3367286004968346;448,0.5728220444311014
573,0;422,1.764827049252931;71,2.230319403394578
1019,0;823,0.22727554779326112;456,0.07976658742880328;610,0.4105111753650465;46,0.6947296149734135
198,0;213,0.5440488174955895
856,0;1018,0.05076891508337351;16,1.0761317999939888
725,0;531,2.6461194976617057;62,1.322491064356924;656,1.8911462015102398;53,3.3450315650836933;533,3.1786581826629368;966,4.443322560102754;74,3.6463720906437374
297,0;955,0.10389661328355747;597,0.2869347097279419
861,0;407,1.1750625709667941;390,2.5113847375183953
873,0;360,0.6825437097217855
364,0;227,0.035626284563467295;556,0.5362010083721463;983,0.8375137418564602;617,1.9756423339113884;573,1.1804596824933355;650,3.849798839009134;422,2.755375681853268;974,2.241432424432074;680,3.801069439536514;978,3.3564308583490394;413,6.831959986976825;401,6.15874353503574;742,5.60091264151051;266,6.994537374170461;959,7.248705673755331;735,9.962210873561864;363,6.899067543443578;384,8.199028007009595
602,0;722,1.0250379179622284
457,0;562,1.1965522915510285;99,1.2377535439935696;270,1.6616600307190215;215,2.0853251762805844;963,3.2023842529817514
544,0;115,0.39170572016007876
437,0;681,0.8217462871375486;217,1.969787043971396
576,0;560,0.4840620516367083
1009,0;628,0.7483026331388405;595,1.739806313616464;617,2.8428815181429616;680,2.9366577854749
904,0;123,0.8462706633565299;546,3.1635567562775844;520,4.129917846043378;536,4.683145980149615;77,4.222060623821679
739,0;705,1.085715278881117;137,0.58147297387527;74,1.097449023654859
655,0;492,1.351518015483146
941,0;223,0.3006857766232127;925,0.391443791207877;1021,0.9094325446818263
481,0;999,0.37584904211111597;533,1.3781914294038484
170,0;297,0.15042610641325926;597,1.4618194419525212
63,0;405,0.510690683137738;862,1.9487832101087845;847,0.7921892937892292;1023,5.915943956023575;61,7.737596326023163
476,0;802,0.49990705880338937;895,1.3404412669238062;348,0.24593168810287533;250,1.163074371447224;461,1.2629179533769253;630,1.7997744216146643
539,0;297,0.34374728801083954;955,4.745441429904968;597,1.5273614190129998
780,0;886,0.8451975333036628
364,0;84,0.19939769088867626;562,0.44733646195490334;99,0.631942559117332;215,1.4688941062101102
992,0;369,0.7457493933314936;653,2.130078488825254
27,0;918,0.02080781281472044;723,0.910988963982468
466,0;467,0.3553596697069603;658,1.4340640265086484;818,3.5263042417434987;841,1.9242931009354929;635,1.7339427376544083;517,2.790363400508129;148,3.105196695936331;308,1.8663597705783943;576,4.893640770093949;413,3.4402901775986594;959,3.5641741664081943;155,7.052335335972051;384,4.021732510948133
838,0;712,2.120797717033868
354,0;480,0.10943351009694141;566,0.0007685334221481612;277,1.5823978696205727;576,1.7031567981872506;560,2.367032288126956
278,0;182,3.453439980924619;656,3.48320718643389;358,7.44441204409525;729,4.106507637592474;635,5.146385349188951;517,5.364979345717862;148,5.417539087163859;574,7.267959846850754;308,6.639500489502544;413,5.879209491445964;479,6.848416448572917;959,6.64757264309298;155,8.34765482329465;296,6.652824997061781;384,7.038329161286032
768,0;1015,0.2507694289683624;957,2.4547494527907503
729,0;915,3.0644861744750402;635,0.15949501608670444;148,1.7100072559795716;112,0.23699822186202346;574,0.7152796537947484;302,1.3138888298460452;413,2.3470805483954154;959,5.929802820983873;155,3.3649959345570206;766,4.056240842202341;843,3.1519957696058283;858,5.211775705063758;719,3.3774090190370027;846,3.4438682922772483;567,3.8059207672573447;584,4.4100433071519936;491,4.774184649785668;160,6.935586352434861;296,6.757154915196949;384,6.102845137132544;240,8.041926755804445;822,9.192316497918238;424,10.220195608713528;854,11.730995660298081;104,11.824230179150952;704,12.82145822972818
874,0;818,0.3734893406261699;23,0.4386741049929852;116,0.6515753964607442;323,0.9306566866888513;672,0.865411778689701;203,1.0605266028498463
118,0;856,1.1376772417211876
70,0;225,3.074298350051019;504,0.48170881661092146;342,4.1304010010379235;853,5.277129900280356;208,7.473364325126866;617,6.61443904097144;680,8.433127951314203;413,8.829848167182513;401,10.246269552635487;742,9.097526928126467;479,9.087494280138488;735,9.48149135613745;155,10.012659202772523;206,10.674788699748081;846,10.492720893789487
950,0;780,0.5718684343628468
444,0;372,0.5900452194104148;178,1.929374050293262;487,2.038537668971297;195,2.070214938294697
486,0;763,0.029105573860978493;296,0.018140625768058295
887,0;956,0.23559559808816455;496,0.9428908222855917;353,1.7612073660020442
41,0;416,0.8097543799422757;981,1.5181188140721535;343,1.5882886252448936;463,4.479446686487657;903,1.9898378469342974;173,6.7442947063426075;859,7.9394907373374775;77,7.579207631227254;115,9.049595163937678;647,7.9664819965396685;476,9.132122299527849;477,7.9734925718342025;237,8.003471588043528;342,12.30242006824821;348,13.242867652350103;250,10.370799430451337;777,11.03723465063925;853,12.311820963862505;461,13.7541526961761
294,0;721,0.4685411540679698;882,0.9466365088171551;113,0.9870058883293766;762,3.631149013161558;105,1.9793653225322494;50,1.5642886353804895;271,4.253415683630096
847,0;1023,0.3485796074118234
143,0;624,0.7562312276114672;824,1.4999314954554401;408,3.25630693596905;825,4.71520790686364;854,5.18385758313706;104,5.6338252325561475;704,6.707121541505065;878,8.522563075181937;452,7.910903492591599;1008,9.393148897727947
947,0;735,1.4821467312778767;64,3.174178584418423
971,0;933,1.8120294267929007
834,0;761,1.26239706999976;34,1.7616571994703214;170,3.3150824178055047;46,4.608933271107215;4,3.5161354805327427
915,0;766,1.6272815534055363;843,0.7508438571488313;858,1.296073507239634;719,1.2871289183977581;924,1.7038634612546226;155,1.7042666492804521;205,3.129168454649381;846,2.530014854210623;895,4.525144822802071;899,5.2098977734157215
216,0;906,0.559834646100082
78,0;349,2.1967517771021856;924,1.5684240934082831;250,2.5777308109412576;30,2.2969179167786176;205,2.1136120380577603;463,2.1548430395040543;777,2.649217445177406
995,0;647,0.07727662224625366
817,0;966,0.6876995694540635;326,0.0036412413971823312;431,1.5782641893808227;58,1.8427239726883995;441,1.975129311655022;582,2.3193742724941497;718,1.937584370066254;151,1.9713008106880825;7,3.5179343365041724;735,2.2018469599291604
521,0;546,0.36615320542894664;516,0.9260338262829637
988,0;266,1.0242623967346869
327,0;57,1.2969795710701841
820,0;6,0.24282524489403398;857,0.08863600713491027;558,3.6036471690077643
459,0;757,0.7866066542666094;324,1.8414814997306388;806,2.325126412655626;121,0.9822992482903137;458,4.073737335473366
659,0;961,0.8724798366310602;361,1.417816918996304
742,0;891,1.0043530331234463
752,0;436,1.260591245995011;578,0.5176733105812233;982,0.19893028584636582
67,0;287,0.43380222437564314;172,0.0037021272998380363
352,0;1007,0.49053227850515185;941,0.647573045005616
190,0;369,1.1036192415731683
443,0;72,0.8882999908619066
936,0;646,1.3793964164291772;451,2.6419912433192083;171,3.665979134686344;100,3.5807131183891325;301,5.0057596815569;472,6.608877787684182;703,8.314867271057192;446,7.224584226493958;600,7.719862544220173;880,8.561296686118618
441,0;135,0.40939327343347
420,0;816,0.069594491740795;962,0.8107612309522074;928,0.18206085734489474;53,0.37666773427267;738,2.5366620658834202;108,3.083342903116733
693,0;796,0.5284387293194299;783,0.8098537452265127
706,0;220,0.34273870616721075;831,1.2859920708073234;532,0.44005790423843577
988,0;218,4.0706401651976245;266,0.30848246201608376;851,4.812951836006389;125,4.33338477773571
543,0;674,1.0913183376621742;265,5.532669099092364;462,5.811923406578756;580,5.659928408928433;667,6.208823743969659;955,6.805319288970657
442,0;106,0.9895919915575057;232,1.7614574078180771
479,0;206,0.9343101906858993
336,0;938,0.17592038153059245;661,1.7912584199039356;1020,2.016123893901942;773,2.6663360094528494;920,2.112676750359357;836,4.46453944762667;51,3.9200065539318976
764,0;319,3.4660116446921325;142,0.2539085526956557
319,0;558,1.2258944107578573
878,0;1008,3.488907767663432
307,0;44,0.46056334682937267;264,0.4287440433500899
180,0;33,1.9697077820800157;820,0.931421951744919;6,1.3245500159802894
335,0;470,0.6170496682139021
19,0;117,0.36938377331122274;473,1.4701639785260208;997,0.589775796985064
1002,0;680,0.579503140408562;413,0.9662860816117463;401,5.2359339512503125;742,0.708602843852399;891,2.9181806169100657;155,3.8333148351918274;266,7.670053395715533
591,0;558,0.7931878841261241;744,0.30367940381245667;107,1.1306573580513548;984,1.8752222922477157;115,8.47480146506636
170,0;297,1.4922951580885038
82,0;889,0.7279994386791209;811,2.2388112296730447;81,0.10897364801621877;476,1.2426719037027465;525,2.3277798172339885;16,1.7300116482087509;232,0.9145546336962218;802,1.8305460814100787;895,2.4117864009709082;250,1.8966606513875757;1022,2.6356486563246797;782,2.5162114791159196
514,0;384,0.8583361312839664
364,0;84,0.006163949762671042;895,2.61573517503116
272,0;485,0.3949998813494031;987,2.2022983895402257;705,2.2850983970776912;540,2.4358115336915773
354,0;566,0.675773180725899
696,0;953,0.34276285583836436
21,0;549,1.6424109137181406;461,1.9215088070755446;297,2.8224441013706514;688,3.832397735006909;955,3.607517156509134
865,0;791,0.8630116428472205;61,1.3032183085257087;200,2.7252027654623023;941,3.7830231593082537
183,0;416,1.3948658361136999;410,2.182015117381255
295,0;300,0.8535106452583008
261,0;126,0.48448505414396664;81,0.69887732319449
77,0;115,0.6509843318356763;603,0.11220532590317268;342,1.4512836691995328
659,0;284,0.23315894303179002;925,0.5321628666826455;1014,1.915888831624707;697,2.5789070132882568;325,3.903735031517789;972,8.412899257516745;931,8.653815056115477;218,10.260360134683644;907,9.557531368504753;249,10.531651261228742;337,10.216188474900257;738,10.71949444129632;851,13.11048946610147;125,11.148171901244305;310,11.172894124838724;108,14.588031678984184
117,0;905,0.700419833853412;997,0.4197167742367654;917,1.7014884392701028;178,1.6074943597369133;832,2.15446404076161;982,1.9163368298682166;784,2.2556054547862585;834,3.974275226343358
258,0;727,0.6019230108596579;530,0.17954829845098513
366,0;451,0.04383758978435165;171,1.483914290020655
196,0;18,0.07876480961197072;337,2.4718091927745465
185,0;23,0.0367760727989133
191,0;939,1.3882579138160749;820,1.3923069958925876;385,2.2891325515907477;700,7.863875253772583;857,2.884697387139001;989,2.663304818655091;784,2.3593037437685576;652,2.7489075964347234
893,0;894,0.3085364601296349;30,0.26702566762677776;490,1.7790574375775716
152,0;978,0.0011627672889066199;389,1.5918553923511558;793,1.9212732885833104
835,0;589,1.8842166599671042
340,0;805,0.7551646974467432
620,0;58,3.793312543456893;450,0.6936348176484858;934,0.5414045453389755;467,1.4016538556091707;141,3.8768019329827057;718,4.434286587157122;151,4.008718625545105;443,6.790112085913734;7,5.102089985386859;72,6.813927094042098;984,9.639550458464168;944,7.075326655228889;239,8.830563808322069;590,8.851041195087683;599,11.34812464018858;714,8.852825947749361;105,8.964847502051127;115,11.113013214739045;808,9.867219798017134;342,11.463651411914068;281,12.093798873526524;853,11.681076572597785;919,12.307977090991567;314,12.439223534703027;208,11.922023798161668;617,12.12489842508468
416,0;410,0.806600985496705
594,0;469,0.05235034223527941
901,0;323,0.1247618629094766;565,0.58621306740821
872,0;770,3.6656598096220407
355,0;693,1.4361529690171915
613,0;797,0.2420189538927896
3,0;196,0.5088949005292049;18,2.298112323815218
602,0;722,2.7049626842588372
984,0;808,0.47087221885118935;187,1.3878039417223689;449,1.5514490230402604
344,0;687,1.6250897517880432
642,0;946,0.6106420956465687;622,1.0466607212736287;571,0.7047214002031519;866,2.1392979873109015;1016,2.7071557889920603;224,0.7734104387177596;1006,2.0669392303656196;318,4.756144044359807;461,5.807547870627489
252,0;677,0.8222636678822484;463,2.4301444650058093;526,4.022467114801849;651,5.708862169823557;382,5.621784735319996
288,0;941,0.4885293639104277;223,2.5954151639380756;760,2.9287225144166813
734,0;29,0.3181457190499623;296,2.2729324884362105
395,0;952,0.6305829931942774;527,0.9292648791387769;941,3.179783419837055;74,2.028770341929362;68,2.4624931908785777;354,2.320603486471284;880,2.918941836054166;480,5.713066835234866;842,2.5600112430876907;891,6.166927161152144;47,11.048442131450699
837,0;758,2.2287024868467187
567,0;584,0.5511035680462207;491,1.6599826528290857;307,2.815459864183826;873,2.0733854690801614;1012,6.045333289689015;160,2.2042410213227743;822,2.951624208900337;44,4.468371382786954;264,3.2488157279216985;720,5.111003862544835;738,5.743844730328613;663,4.685533575483043;1005,4.9607109918108465
914,0;496,2.528450284440426;946,0.18130816008803455;866,0.771914467917303
773,0;789,1.1254115801051676;990,1.5723614500666905;56,0.07097730489107715;311,0.1584700022481212;173,1.335888328157885;859,3.168346539898665;948,6.822494379014868
752,0;131,1.072520999412033;578,0.2284122784265119;1000,2.224940062224804
840,0;411,0.6940003027558832
880,0;733,1.1130732830095686
238,0;740,0.5687785186606179
109,0;748,0.277153364716141
990,0;948,0.17269090502855586
834,0;761,1.3555354036431875
773,0;56,0.11014406835709332
476,0;895,0.4639967668974673;250,0.13471404371482412
465,0;207,0.5722592530437506
53,0;74,1.406847154267578;354,1.6245280519979197;880,2.1344566378659806;480,2.494044115806724;733,2.156251799683135;277,4.696114686450102;576,4.87110534315727;560,5.2759027189438825
949,0;744,0.03256646749527873
368,0;646,0.09548087198154777
98,0;914,0.045388746635890015;496,0.6861532043192394
324,0;462,1.555899868182832;458,0.5834030058590244;927,0.8681796003717048;74,1.1594518608635083;68,1.9749003965490615;354,1.2616159525930266;480,1.4703802600699556;842,4.446220670734926;214,2.2951475465979927;277,1.6586038055411874;719,2.21862153154156;891,2.946352835730168;558,2.907136468098143;345,3.992418176524186;107,3.1981256081572527;605,4.285962655755472
616,0;847,1.1241942275080683
122,0;937,0.3962687747452153;493,1.1818639475840405;134,1.4214226217822945;573,0.4757570204232903;956,2.1712258210426896;429,1.8163031198056951;496,3.3954955570627927;353,4.472103790265016;104,4.531976348337809;704,4.702151335703198;878,5.661886634094267;452,5.503852091969135;1008,6.5585454770192975
657,0;339,0.5411894158498962;284,1.2313534840709202;113,0.9803150757686577;760,1.2802419106341798;920,3.057423104683891;836,3.3856765185509414
976,0;294,1.1466468571933044;799,0.9103915838841646;721,1.5740545789787368;882,1.6959178543297255
569,0;813,0.41400582226378396;586,1.5826077780405579;492,2.4193743309995197;103,5.016494553288074
15,0;461,1.1272897700226872;630,1.5001680320759962
691,0;199,0.7592353895301633;57,0.8802535355403194;928,0.7889201532179414;53,4.367660747211821;254,0.9546632471793427;685,4.603408395483261;74,5.495377345059788;521,4.7019895383463535;546,5.694486406293014;880,5.610036916805104;733,6.110121840719316;516,9.080463440720267;161,6.403350601439174;96,7.450728645771354
573,0;974,0.05448690671936108;978,0.8125440449725595
961,0;361,0.46127110785222397
77,0;115,0.9186458754937968;603,1.2737198123431979;186,2.492506770818039;64,3.035162669494505
694,0;476,0.2731818353528278;895,1.760188415259647
667,0;955,3.6369386286023655
753,0;358,2.9588375651768497
141,0;443,0.47073445950124937;72,1.057035869978829;984,1.0220030220303205;808,1.204886296860985
624,0;172,0.7872774989066225;824,1.3833185733295834;594,2.3168479340868675;871,1.385408170169992;371,1.0083011970299234;993,1.6194749273211544;372,1.7482519799533276;921,3.22736676652511;556,1.479844160285458;668,2.3304637903743153;334,2.357887164584323;916,2.6573700288514863;772,3.210149727568744;971,4.094908130484076;241,3.2554270556933984;530,5.546659865191755;801,3.9412935064619505;524,3.484550260746053;438,3.336155608115218;703,6.655436919555393;789,3.862925126801281;173,5.509462761750007;585,4.440724902404501
317,0;941,0.7634734007165666
48,0;513,3.0503243906976714
203,0;211,1.4799700170884298
147,0;43,0.3357370603351785;721,0.645994594204163;882,1.1621295899440711;762,1.5358327565316137;271,3.9754007761046237;611,5.0156910847633585
832,0;102,0.7798753619650697;784,0.928273336592788;711,1.4057389838774936;290,0.8537322739315596;714,1.1706669775793854;834,1.802520722416793;652,2.086389291229877;105,1.4689117953957398;985,2.551658457085936;469,3.0600476437147215;550,3.0929863386493857
961,0;361,0.31308664696068683
642,0;315,0.8544940641824235;622,0.306900489104984
265,0;462,0.35810031144546217;580,0.19738242535277525
573,0;974,1.1883195272498337
768,0;1015,0.1264966091223325;415,0.5570439762693378
992,0;570,3.5100637846881684;369,0.05829207090453639;653,0.8681668105759958
580,0;667,2.430554231731388;955,4.679791628297352
848,0;356,0.03737293149175221;350,1.3367327095268107;951,2.869881187639466
569,0;702,0.12359040678678573;813,1.3303177498656196;623,2.8447724742518616;698,8.18149116197537
520,0;536,4.50712401177983;77,0.5259103453630565
364,0;227,3.0399088639731144;556,1.0243945606294422
41,0;343,0.1068365748681842;903,0.48231874691322824;800,0.5990024077811338
350,0;951,0.428964707411052;476,0.5037869282649898;802,1.5876339421727583;984,1.7207381319163892;115,1.9311342835864327;808,3.3286104167627015;342,2.5370169127741917
906,0;457,1.7698303773595483;576,2.5442762307627387;562,2.4423846124965807;525,1.7937570768313453;99,3.0539908202772197;270,3.0833903270353193;613,2.442969130958279;215,3.436749085936623;963,3.521128470634049
93,0;964,2.801534026403539;750,0.4082428057421968
950,0;780,0.6402101742410876
67,0;287,1.20784728723872;172,0.5920021602206266;412,1.4476751500205909;570,1.6154561989024439;151,5.42348972973166;735,5.632446105048759
611,0;354,2.4345534721033695;527,0.7188525293121654;776,0.7983375172888489;74,1.3429915361989258;167,2.520012869027871;880,1.703517803771903;733,1.9065101099126287;480,3.6930711075138065;566,5.540754825657647;842,2.704355653780522;214,2.4427065923325073;558,3.3944862099771926;850,2.5912552213057425;395,3.490163375914167;345,3.409176030587588;107,4.677000282744697;441,6.984027210701953;952,5.189165260009242;720,4.045273704462151;984,5.002673352606214;605,5.415861924308103;366,4.765110571972394;451,5.253776215550621;337,5.592163713294419;115,6.393304367710174;171,6.334854587723456;951,11.156269864879121;135,9.375384308124803
55,0;61,0.3989139256458266
602,0;722,0.2613635825922508
649,0;680,0.08468199883828983;413,0.9063415038191626;401,1.5135326966293865;742,0.5381442863665131;479,2.0384827231050306;959,2.332346723328375;735,1.0935036515344572;155,1.4225335700653372;846,1.9488589227324216;266,4.357849261311926;567,3.9737049112632525;206,2.558406162533114;584,4.58555411516009;307,5.516836286897594;128,7.556357465881349
609,0;514,1.1439769503767099;481,1.398641369762204;384,1.4165976993505738;999,3.935324471707569;240,1.5289686154748332;815,2.369518400364562;540,3.1370138578486557;415,3.011655688112138;886,4.4480379930739185;221,4.349790726085082
421,0;797,0.551737445648931
546,0;516,0.13398355832035266
244,0;409,0.3606214741239058
903,0;779,0.7418983218389397;800,1.3471936403588631;216,2.0663880310216554;906,2.785408283837793;32,3.236139052868178
120,0;698,0.0017272004227311172;767,0.07265739289043548;812,0.6986008417363351;506,0.39608363025602994;324,1.6748046812819868;219,1.8798679141913546;458,2.453788342349386;278,2.0106188842388044;479,3.0523198003924357;182,2.6965318774400995;927,2.863323839366329;656,3.6029456024791995;940,5.207382793199141;74,3.177454346061368;354,3.501347715836528;842,4.207708202604224;214,5.45745314873936;53,3.780145982891437
824,0;372,0.05993963222498512
611,0;527,0.5194524786826054;776,2.493750183209208;74,2.047309764199894;354,3.858544037609069;880,5.729636036698781;167,2.89446263755112;850,4.278816352743777;480,4.86232665942571;566,4.054544812315414;542,6.450922051606418;622,6.436285175291873;277,6.001302944570441;720,5.9119898530795805;733,7.4372114447483;877,6.936183478647454;107,7.4360651873027175;909,7.995404488843508;261,7.302315414255788;853,9.360419425950457;126,7.462493522250706;984,9.63961171957179;605,10.0629577717699;366,8.372863164417586;934,8.017604611196477;81,8.200349613401928;353,10.335814102917293;258,12.132305105571824;451,8.862049681443303;337,8.94382107321488;171,9.612697949590396;100,9.620059930430028;919,9.437366789112422;314,9.452780755726122;208,11.421005703195346;617,9.402388436720184;28,9.79741722792721;680,10.08043825081107;115,10.579935969191695;413,11.087077589479184;342,11.136144791949656;363,12.143560126566827;530,13.199438804986933;63,14.806362357632937;433,15.093597487867536;279,16.944420418689088;679,18.687700791641507;23,18.805975866271297;116,19.024264172467724;323,20.437581583808573;371,24.347747710957137;672,20.078145399384013;789,21.76316291007584;173,24.24138755415475;77,24.470280726573545;75,25.046377015842488;150,28.777272054259672;876,29.289531116891247
338,0;643,0.0626041052549973;812,0.6694949829022429;339,0.6437859392618389;143,1.7724919325802984;219,1.495399909420442;826,0.9523650348087278;677,1.5797006512641865;134,2.295529013497876;479,1.912644497033159;602,3.027584327024801;248,2.905209741981184;335,3.2154291210937043;624,3.015712077759063;742,7.312889520293039;594,3.350423219906317;274,3.304458791107968;85,3.5604997873440674;469,3.4466957124360076;862,4.416315348680441;891,11.593650550936431;47,12.068594069681657
163,0;853,1.2928789279226147;919,1.5322749818342631;208,1.9125409866230294
547,0;810,1.5761808083918538;397,2.8867835376845816;806,2.495432838174877;255,3.346748627594284
924,0;205,0.27685237285601577;533,1.4548902722686183;895,1.1641505478515892
22,0;952,0.9285488254344333;941,1.7952382821589008;223,2.4234710575409535;925,2.46631433986008
816,0;962,0.4327068683702661;928,2.7858685413749256;53,5.670824382916622;74,5.847372807879038
999,0;533,0.18620860763462208
1020,0;773,3.082740724300201;720,2.2659991022178496;920,0.27764196378686506;604,0.335718935182551;990,3.4865957004530332;948,3.7453836482883416
374,0;671,5.888720990836688;198,0.0390573112018602;82,6.988509990205216;889,9.06628132846764;811,9.584603454468496;476,7.395873183583024;802,7.8829577151399635;348,8.751896046698226;250,10.779274115509779;984,7.999554456547112;115,8.455439549651496;808,8.209032515844251;187,9.52171955319305;461,12.370047494801835;232,9.798596492191713;724,10.593789249449525;603,11.669294256133256;186,12.161249717869264;391,13.66424138169377;64,13.2382420663902;212,13.692586212608699;364,13.914641039418745
472,0;703,3.8390336231862343;880,5.928562009010614
745,0;216,0.175971685895623
619,0;277,0.12560285115048106;168,0.6971336328314007;941,3.694336383078992
842,0;395,0.09750302631850757;527,0.9402785124103751
124,0;534,1.0098845282235458
56,0;311,0.24019172472686484
288,0;941,0.9471012968714736
8,0;211,3.1465551350403334
972,0;931,0.418789633653642;218,0.183011808128548;125,0.6528347132158152;907,0.513785500689615;249,1.8526422976276904;310,2.4471956032808437;893,2.721500233569733;146,3.565540814985959;331,3.673126676857277;41,5.2934855603490805;981,6.771293840728472;463,7.146553355058395;246,7.541625047354972;526,7.560654095272145;688,12.142421158500374;382,8.975094137270222;927,9.521532172017782;74,10.661867505758742;289,9.753451832990121;789,9.988636171468944;68,12.448174448543181;880,10.927454273269507;733,10.989024430059622;719,13.108747821373072;891,13.965618314107276;47,16.338347807541624
451,0;171,0.9000852223970073;100,0.9338483194146449;301,2.1264169774102757
877,0;909,6.745466973633077;261,1.717975568981082;853,2.3488529761613712;314,3.0815639769901098;208,3.356986698591131;617,2.5029100463872234
546,0;516,1.8109989164934832
889,0;16,0.271439368355061
647,0;801,1.2686891942484648;476,0.3918554719515537;250,0.44210918606580424;689,2.35076130022819;901,3.92069698705172;323,5.595240925293293;565,4.762938109057912
936,0;646,1.0837454142097975
183,0;416,0.26090018628802053;410,0.4947850769790131
1022,0;577,1.1577378033976582
340,0;805,0.8809848833225989;63,1.2382560825914046;405,1.3370486469146454;48,1.8841972920945422;862,2.8957601379995053;847,2.324249343990778
648,0;867,1.6941570857375012
379,0;669,1.3596516621135666
247,0;551,1.0382622332434999;43,0.024511259038289497;721,0.8639596341145862;641,2.0379442816457374
617,0;680,1.2746220169688316;401,3.605867092387293
201,0;819,0.2649431038009351;406,2.4233164077054115;443,1.591356398959078;366,1.1780602355900833;847,0.8865807914425786;451,2.3410946102159746;337,3.426017717593528;72,2.1869424084245255;171,2.3852510933075664;100,2.779465441487042;951,3.230297554720605;476,3.856893144671525;895,5.361462130839128
844,0;824,1.0513504782824812;408,1.790003207685957
471,0;544,1.1069217003515093
148,0;413,1.4326092923376696;155,1.91842521617268
771,0;906,0.16157700435566533;32,2.002128192539681
186,0;64,0.27332177884032
624,0;172,0.03776179421901307;371,1.8969328799259937
988,0;218,0.3590144638267379;266,2.636582321515735
677,0;463,0.9460142272823531;246,2.0390966663957144;526,1.7125441269816446;173,1.2880050761992006;688,2.853944894468234
611,0;527,0.5622792011577618;74,0.8480010863163672;68,0.9076307460378168;880,1.9391196524353722;891,2.035500324250185;733,4.757761935912988;47,2.80772484614891;608,3.826378512566538;317,6.356949998807298;462,7.715636447158329;941,7.601347855102357
874,0;818,0.1563359897151399
935,0;272,1.4421213301856064;485,3.0716568939202777;620,5.642269178125203;987,4.106657444725774;450,6.2046398879011635;588,7.562364788509326;934,5.994230982795361;467,6.6446374518590705;86,8.79366184455998;705,9.276864176458817
796,0;782,0.04235266922118024
582,0;286,0.04608784818983448;133,0.05375339873993044
258,0;727,0.42909860616074835
519,0;179,2.8880197120157853;796,2.996494846548041;782,3.1154723546959033
500,0;150,0.6386444037511577;876,1.02686558445773
594,0;469,1.2399221150357556;862,1.9816185747571922
603,0;186,1.855511398207873
584,0;491,0.47381076829053;307,1.2231725935860915;264,2.2027640166123352
495,0;993,2.5235280882221067;392,0.8116870804375134;423,3.88581164317209;668,4.95814887517184
289,0;789,0.3200623644150446;327,1.71799941126137
882,0;762,0.2123363261093003
413,0;959,0.8539064742901994;155,3.012484694891099;363,0.19403575891763186;296,3.998971598035499
685,0;521,1.5468185274754596;546,2.1903076051283374;516,3.2564524354778914
661,0;1020,0.07784589440662003
606,0;351,0.38466260868875884;470,1.9429662493876965;410,1.3011499375633675;278,2.2134012297126233;182,2.5770636859458116;940,3.4067507127045396
94,0;836,0.9068027431018043
377,0;235,0.5652279375702672
739,0;137,1.3835872897908599;609,1.5362151503020087
495,0;993,0.5244810164367328;752,0.33441567354485596;436,0.5237185250105464;131,0.5662946593215574;1000,1.7170951080766799
734,0;29,0.46705056138043627;491,2.064875505702584;296,1.6280632390136123;1012,2.5980085738528658;160,2.7634287747625024;422,3.161727420046164
562,0;99,2.695930910310857;613,0.2965236202178651
635,0;112,1.5702017281348262
603,0;186,1.1284368242062686;64,2.088813576719269
131,0;1000,0.06412792758635323
888,0;343,0.268964238319218
587,0;380,3.5912033181837306;56,2.5585301997196086;311,3.098197049406438;872,3.950429709461155;238,7.57374392048722;740,9.15600205190819
258,0;727,0.6481131271567521;433,1.0121122201882722;279,1.5303872778027534;679,2.4264943107042867;780,2.436371223446728;470,3.5476754616058663;23,2.679895502271798
369,0;955,0.7992907918524247;653,0.6957350999706713
90,0;59,0.11114051262322065;341,0.19745563740826655;262,2.4631942819856394;993,1.0928073524696262;668,1.2526882867263538;843,3.892335764187777;773,2.570635570909112;413,2.766919338690079;789,7.101061066322084;990,2.5908314530891787;56,3.099571627487656;479,3.706754574830462;311,4.661889944190372;719,3.9664932813100626;924,4.160647494383934
22,0;952,1.2750907621734253;941,3.123213608979031
562,0;99,1.7285025218375705;270,0.5686677369631316;215,1.823314538971104;963,4.5029282009050355;359,5.248527421471001;240,5.042991080561969;815,5.263088316122774;424,6.135705627392519;20,5.7326498878528955;837,5.922953155861243;133,6.422666494426629;540,6.275714207748792;415,6.325732397563454;758,6.295061789782514;210,7.534034081018129
394,0;205,2.89538400578147;899,4.723161942025371;511,6.976289016183106;812,7.598051328310348;826,8.187771904079844;677,8.10719581284906
201,0;406,1.1737728046111766;443,4.19410411741576;1019,0.018770664049965333;456,0.20634983966179715;335,1.4629387999576446;533,1.4624628243397968;470,1.5356561654834513;984,6.326056121923536;115,7.277757580939767;808,7.116008132030755
702,0;1003,0.4336614641738644;590,0.676391566761692;623,4.939934545557245;599,1.268722402848792;281,2.642275626710517;698,5.9721423127805044
277,0;576,0.34348769019669745
1020,0;773,0.7347229554683218;720,0.10391550569784566;920,0.3737855532782483;604,2.1999513387159206;51,0.4828161132931652;789,1.6973008458615393;990,5.201384418393384;56,0.9261887777201235;948,7.716662586283706
634,0;625,0.2022197888980957;496,0.38282546037760323
417,0;692,0.14038930783619968;536,2.546780670944622;730,4.869067534040681
313,0;6,3.9611066210306674;403,5.018853317121255;558,6.08031247576584;839,5.424655781895909;901,6.001776830223883;893,6.556961554341472;98,5.548112711496342;253,5.560710257512825;818,6.551689852810275;565,6.928566920258673;107,6.983489692400918;146,8.883220540885672;894,7.183928305964413;30,8.660301977481058;812,8.057202291086835;677,9.314215496331814;490,8.695787068400838;573,8.92683244221286;430,9.418823361347302;422,13.097893874199768;974,10.06405377454252;248,9.867554553823165;794,12.405129966164044;896,9.984846559884533;486,10.18635697420527;354,11.411998403499249;978,10.194173450034057;480,12.675318018623122;566,12.135984160985185;842,12.474541131162214;720,12.704858912951938
775,0;825,0.9065246519669143;854,1.4898025852639143;104,2.3781264723245235;704,2.593666616027828
777,0;408,1.8288384736037238
455,0;94,0.8898938196755268;275,1.3325944190465557;964,3.2364273944325666;109,1.1209912792412342;393,1.6651869475683263
882,0;113,0.26327264792894484;762,3.9195921644181766;760,1.4537375710664548;50,0.6850851907447906;271,3.937144513294102
335,0;470,1.724329991702304;278,4.046101525239203;182,4.132021289698438;940,4.770533471956396
804,0;674,0.5943536786437345;265,1.9040894359136729;250,1.2586434330782912;777,4.109122545276589;580,2.1328406748792563;559,3.529575010648587;339,3.2521350030931524;811,4.269028627709556;408,6.037356916047643;1022,5.0740688796741935;577,7.086664968063365;825,6.4942683975140305;153,9.414157460773827
812,0;826,1.9787310212354128;677,1.2366716945472267;602,2.3310216379631887
891,0;47,1.1154185266086911
574,0;302,0.05183741997221306
147,0;790,1.4146025681323509;43,0.1056735729166255;721,0.5395023799799145;921,1.8679215721552238;498,1.4146998705230962;801,2.256590914308375
139,0;422,2.6404687724249905;71,3.9746455397569798;166,5.022267039451755;17,6.592827006712608;759,6.0672212273410135
303,0;69,3.4734026494898917
396,0;716,0.6742020268197646
117,0;905,0.32148047259848805;997,1.014740207705511;917,2.7310791347087005;982,3.854602621721167
327,0;782,0.28288022637049137
22,0;952,0.328757967100425;7,0.028540035530953002;860,0.23040998374378488;27,1.6018473720196822;829,1.6623588969752272
468,0;800,0.4623311889987074;216,0.8883963042798577;906,2.619670338800633
123,0;520,2.4441403295376647;334,1.77061083160177;121,0.088496030384533;37,0.37663820142922594;916,2.6254725534713486;536,2.797400012617133;77,6.116905108398209;836,4.223105894942425;772,3.173619087881221;241,2.9523735696037834;730,4.535750703123771;115,6.523902032263859;603,6.187804179607867;186,6.762964763068897;391,7.303957362132196;212,8.282926555078872
902,0;164,0.05410082960459892;146,3.2197828180188366;728,2.8033822231730365;392,2.189425513611176;555,2.24580152287017
915,0;766,0.9041043115423558;843,2.4510610448033314
711,0;985,0.38958757554410006;469,1.93622773221003;500,0.5512491468224365
583,0;700,1.0896609895701008
714,0;105,0.6043051717076037
357,0;83,0.9438503425574405
901,0;565,2.297252638452137;812,3.665166515239574;219,3.9196788072313495;826,3.956698239767544;677,3.9730394499924215;479,4.701987135775464;463,4.3206273338485985;602,6.565598691385327;246,5.044881618737582;526,4.475756344880172;688,6.064296859522495;382,5.230058883018063;577,5.67170296141073;927,7.129897367028306;722,6.701675151106664;74,8.489175156697433;68,8.716585839084512;354,13.377285431119926;880,9.589687579193745;719,11.0053835811163;566,13.456181548251472
258,0;63,0.02865678629873824
810,0;397,0.31618886912460825;806,1.6182094962419316;255,0.7231748960245077;85,2.0863938892412897
649,0;694,0.3811724220324947;977,0.3815920988880639;476,0.9076838591423934;614,3.5296652104225754;348,1.0991338883974964;250,2.2751967163760063;461,1.4326035601925557;992,4.036082346294551;570,4.225986401349387;369,5.322448243134556;151,5.254447167404677;735,6.167445853752805;955,5.996621127403668;653,5.762442238085619
881,0;170,0.09497688509716606;373,0.6400628751579149;985,0.35876260991596565;500,0.9764267812610268;150,1.1727630429222886
277,0;576,0.021552700598075177
680,0;742,0.69736998509772
846,0;567,0.23044187994046225;584,2.8974234933572003
204,0;642,1.5560305599996893;526,1.1219328421291628;688,1.1737227043575162
73,0;520,0.4727045310194274;77,0.8254720641176339;115,1.1828670424819623;603,5.506616945655285
815,0;886,1.6561504600159938
200,0;128,0.28861217834720837
134,0;63,1.5527731764556096;956,1.0937627680426494;429,0.6960999538845756;571,1.0872239627519045;126,1.6221406704276853;496,3.641295204842283;48,2.3511098830907375;934,1.666212567741402;353,4.515451813308368;104,5.902283004898319;704,6.309932492077487
800,0;216,0.20837183787996585
520,0;536,2.035178368578865;77,2.522623040773686;730,2.5478098089722776;603,2.787900094002331
845,0;342,0.39085945779966047;853,0.5909012081075484;617,0.9668284421995954
175,0;467,0.274755524477116;794,0.6865184934698694;451,1.2526924305414464;100,1.4305994970821772
583,0;700,1.3872081857059357
83,0;647,2.5797354720698857;801,3.399540924916035;476,4.101790379500151;477,3.008765993501777;802,4.301482752359114;895,8.109241768613465
930,0;220,0.14231637923981125;831,1.3635040414765016
78,0;349,0.7252319367976724;250,0.7216751439960245;841,2.743592993013449;855,3.144615879111774
373,0;643,0.1103195271203287;812,3.730329817015322;828,0.6226406025290211;889,0.9817545464456086;826,5.683958052497269;677,4.079115815169658;463,5.254649809788576;602,4.615268705871646;248,7.949049962954696;722,4.973295252842494;246,6.018040001120557;486,7.9530568090655205;354,8.180251811973546;763,8.162819272395621;296,9.253239389828998;480,8.698782781892257;566,9.523022710853137;214,8.258030552193826;277,8.884942475091188
567,0;584,2.823423474557042;491,4.022371705732823;307,6.025869933156638;1012,4.023104432537333;160,4.2112632198771065;422,4.780392368785756;822,4.934620861430194;71,4.898643750398418;166,5.984428774870199;854,5.042621364909693;720,4.958739829631687;877,5.392974970718067;104,6.046810585880253;17,7.981816500902304;759,6.008380269203373
343,0;903,0.4534204430295619;779,1.1118657311081723;973,1.7543465355213395;749,3.478125108183636;1001,2.650825985176062;344,5.694187137208058;408,8.42102537157541;687,7.6791523513833715
141,0;650,0.06752630423712712;1001,1.0575820720697517;178,1.7022974253340042;487,3.0998345808227263;498,4.044935093271259;195,4.09202457597401
392,0;423,1.880320919626245
357,0;83,1.2939940859583092;647,5.391458009779846;476,8.225476262873702;477,6.239897759637669;237,8.450393874455363;802,8.355880242974768;250,10.57289679620341;984,8.9444654301853;282,10.875233494720009;115,9.933535962096668;808,9.005405935673336;777,12.332103806949037
905,0;178,0.7286882942297371;708,2.1381100247849276;962,0.8288200627083433;487,0.8086920449323998;738,3.506790252514488;94,3.2955879256812546;836,3.4313522823242497;642,4.707899523860581;109,3.3487194215532314;108,5.134444524201996;315,4.903429735864407
752,0;578,0.9484576356758936;982,1.5209880219924752
853,0;919,0.26791625961184207;314,3.913019499056827;208,0.047410873591049084;617,0.13374675298442157;28,2.8546397696062527;680,0.8593837576915071;401,1.3604683859722129;742,2.8811406837036295;266,2.9714143325326825
289,0;789,0.40849394799290173;327,0.6413667819577297;68,1.7495899721910568;173,0.4794083057601479;859,1.6178028852873514;57,0.8442677332834505;782,2.4256005964448084;254,1.2944846661553457;685,1.5429418732901052;521,1.9883370431782612;719,2.779063930050894;891,2.213202803659666
812,0;219,0.1782003477646751;826,0.6500365227211234;677,0.42156781604285865;278,0.1888848575232842;880,0.6695803447225409;479,0.5201662863609895;602,1.0737776226941018;206,1.3540603393163408
809,0;121,0.216894736001004;842,1.4233732033512594;37,0.9959397982350224;395,2.2933217945231643;952,2.790777653103486;527,2.845877250760799;27,3.946018352956934;776,4.825464287420999;74,3.47844611213842;68,3.6500689859955413;354,4.894173277834923;880,3.752697438232073;480,5.597469014313987
791,0;25,1.8619783689997569;200,0.5861481270790508;611,3.1522462517009187;527,4.971040301944583;74,7.37138524759899;68,7.9188058084518795;354,8.456771586337675;480,8.795673482644037;842,8.676807970284822;395,8.6821984794091;952,11.485140271417736;27,11.766731097904811;829,12.342399161436092;942,13.182903554039987
334,0;916,0.18871114622799803;566,0.4497314144166172;971,0.6535438742951422;585,1.1327864465386503;933,2.5839478386751
990,0;948,0.1635155601900962
713,0;382,0.009535759476635987;577,0.6057043682280351;927,0.7972375549235727;74,1.1821282142601113;68,1.3683899417485146;354,1.211180310907302;880,1.7487511468833898;480,1.9186101429012448;214,1.7422841179212205;891,2.233983681109671;277,2.0875650463815445;720,2.2129461661213745;576,3.007623371501983;877,2.403024754209295;47,2.6880456223932923;560,3.4338710622311015
218,0;125,0.5716848589770074
551,0;641,1.7676700602509887
101,0;944,0.3883824197453421
445,0;178,2.1420854864385195;414,0.6822385883925017;458,1.2810761482755786
713,0;382,1.0745650331743342;577,1.279266765135445
667,0;955,1.3429004005344243
478,0;759,0.2550008058716818
696,0;953,0.41471323077803035
970,0;981,1.623698840681096;368,0.5961451477019573;9,1.4168529772144671;463,4.339616414329029;526,5.64374590853941;688,6.570517427284261
42,0;779,0.9300345354819012
451,0;171,2.621621693884263;100,2.0303530022587575;301,3.5374740083603964;951,3.3488013495572044;472,4.255734669070655;703,5.339232563001314;446,4.669629643862557;880,6.450456656193867
417,0;692,2.077424175924477;86,2.2974040531980497
341,0;993,0.10595999120429431;521,2.533458256037719
21,0;779,0.8626088651905577;549,1.9124948546489098;297,2.6465539081310254;955,4.921709887420734;597,3.9062705908384894
602,0;722,0.45927062064489843
905,0;917,0.5895380018275863;708,0.3123517421097198;982,1.004269160472933
406,0;335,0.20853380105638605;470,1.6006044670170825
117,0;997,1.8247730912439803
430,0;410,0.31477509481868216
732,0;789,1.4723078732403503;173,2.041656440673454;859,2.8307576593236745;77,2.2489454408346097;603,4.530806413186248;620,3.1571344321983243;450,3.1681916851584164;934,3.294669549574695
525,0;782,2.0563479462859173
197,0;600,0.8112855869032028;722,1.3507058706905255
84,0;562,2.3470487695989313
354,0;480,1.7323067128633216;277,3.4268527191489184
18,0;337,0.708448583267073
946,0;571,2.0941415490908857;866,0.471283911486089;1016,2.2846390171079567;224,2.7897282533206305
571,0;224,1.6512295667182508
7,0;860,1.568078671761202
915,0;766,0.0636937222391228
693,0;796,1.0693764441054792
397,0;877,2.7648187534962427;909,2.96900723395956;353,6.5508715547449174;104,6.696448483135435;704,7.734029084454721;452,9.04360309511085
72,0;944,1.8989241061388258;239,2.8446388045829183;678,3.80430821748863;476,4.403235241424008;348,5.128851174679362;461,5.443154252366068
139,0;152,0.4060027458271112;978,0.7971295113800836
389,0;793,1.1389759274721918;536,0.362141383072574
1015,0;415,0.14490111646261478
714,0;105,1.6343608248629078
86,0;705,3.332187047252919;540,3.809479963241048
250,0;777,1.0248810995555955;408,3.5249464409434115
898,0;173,0.06850626832763869
1008,0;681,0.27031296599526555;217,2.5626103387764485
11,0;828,0.8343465317093575;642,3.041698345075906;315,4.262419210357951;622,4.029111477208048;340,4.3016794660341775
3,0;196,0.5753238250288588;18,0.7735982960484913;337,1.673285760415809
672,0;789,1.7640023285925444
985,0;500,0.18738869078460424;150,1.2394884300051956
224,0;1006,0.10107902128682857
345,0;441,2.837378413516798
1018,0;706,0.2262382976231756;455,0.22818148556857543;220,0.5823590347402197;294,0.4075223608617301;721,0.8100470798353495;525,1.6514928684572001
691,0;57,0.5512429731970719;254,0.7343410869086431;685,1.4132219520080782
120,0;698,0.12002107341612094
917,0;982,0.503335327434048
725,0;62,0.0022438849725199992;434,0.769977031004596;599,3.012921555529554;281,4.891826493419084
490,0;573,2.1141689305642672;422,3.7925330368646124
107,0;605,0.7086780987123825;276,0.23636404527443106;366,1.7703015382534855;565,1.3222214762514326;812,1.3552060151803675;219,2.009761862855913;677,2.769386784444673;463,3.1412856594121177;248,3.7630957581082933;246,4.099292061825974;526,4.822524280442357;486,3.9171619930805113;296,4.687645130107803
810,0;397,0.12441177177597108;877,3.876691092738789;909,3.953744219612918;261,4.614948433052884;353,5.736949867569753;853,4.871663213158736;919,6.683621025866164;208,7.036762451784831
1012,0;422,1.2276084279334476;71,1.7038120804346537
278,0;182,0.38753572262428204;79,1.4949718834397596
476,0;348,0.6357066959459748;461,1.9036619870924314;630,2.590971688999064
241,0;703,0.7770410803604049;880,1.2575777110887345
131,0;1000,0.2932423247656745
134,0;429,0.09661737031656256;270,2.0666084655182884;126,0.406443739658229;934,0.6761994720767048;81,1.1400810946077504;258,0.8652506791114936;467,3.0392647298224253;727,1.0098848043317525;530,2.729007932994242;525,2.8695098218674486
843,0;719,0.8407887128891253;924,0.06626585032728853;155,1.2010092324793542;30,0.2693890816035677
980,0;542,1.2567156427382888
30,0;490,0.190133549376812;573,1.3294224398230465;422,2.708198301292601
519,0;179,1.5373155169344792
674,0;265,1.021014727080204;285,1.620773621234478;580,1.111395948196911;559,2.7099125013098235;339,1.172463769807875;667,3.4321466100362183;143,1.9471513225911978;335,2.7362542573816184;470,3.5203677065068466;955,3.4423206231442265
874,0;818,0.16151137515954564
453,0;141,0.35137851349185445;443,0.951697012514385;650,0.9831957684595527;163,2.3950897341355555;926,2.2052773724186867;395,2.636102344097036;952,3.1141501042766624;27,4.710079205097194;941,4.261037719537306;223,4.575769171248814
881,0;201,0.24264984779558693;373,0.11204064340223772;443,1.2423386348809176;1019,0.5694658908098705;823,1.8694682156928226;456,1.7259614046037055;610,1.5127705069700221;72,3.28264723726842;984,1.799217417466372;882,1.6303774624353473;762,2.1894793796787755
486,0;296,0.6116091355359392
339,0;113,1.3450986336449529;105,1.5901470463098275
749,0;344,2.509372987441406;408,2.8211222127856908
911,0;530,0.6885674863956155
601,0;81,0.9963442176104031
1004,0;960,2.279532758377316;945,2.5381280720230004
513,0;122,1.0015107869931774
292,0;55,2.885919519583686;7,4.898583962552641;93,3.294580872092077;964,3.492232194457045;750,6.568558359907133;860,5.286758020104841;289,6.752672007182637;789,7.763740202547209;327,7.558281392798651;57,8.38303338146945;782,7.5917784358730165
792,0;41,1.438604298468929;343,1.4466644172837297;903,1.789668975959907;800,2.6071027124968027
303,0;521,0.09323957710767047;69,0.048929050556461566;546,0.5648568972328594;516,2.2393079261764726
903,0;779,0.8216986821718809;973,1.0980634412265924;800,0.17749625065634117;216,0.21288787442388474;906,2.568981960333638;457,3.2441655120536113
873,0;4,0.5418855851891552
522,0;999,0.7769275064187013;221,1.4210890487086094
278,0;182,0.3850601083567369;656,0.839074609113992
572,0;307,0.07496410015571957;297,0.5366426609783091;44,0.42137177632054085;338,0.5757713034141647;245,1.0364725619300978;597,0.8096969740377699;505,0.902337211099455;797,2.1158133040780873;739,2.149373697134736;705,2.26172216239426;371,4.1015045334808855;540,2.873249531924209
623,0;698,0.17099545098645455;514,0.7227379407432754;481,1.045542665648696;999,1.3507714322113114;533,1.6051381173506565
598,0;58,2.4859017294131283;141,2.5016116640955186;151,3.4108708964860766;443,3.8238398178431785;735,3.811631778368514;72,5.673118186119517;984,5.071917666315294;944,6.735767673652152
485,0;620,0.6404578645389144;987,1.0146613267365323
920,0;604,0.47990797239117683
620,0;450,0.026196549588222758;588,0.6880863326995732;934,0.028822742194295627;467,0.05009561755400145;276,1.3547860273701924;86,0.7392551012988461;705,0.8726933633593369;565,1.9420716595280951;537,2.9392247713104154
474,0;391,0.7493245594625572
253,0;818,0.26664927858288234;23,4.264010845387084
188,0;393,0.10599644457836715;121,0.6018428063362116;59,2.4747636440077136
94,0;642,0.3433284408931303;315,1.5516848789812598;622,1.8486100913767385;370,0.7172227103125373;340,1.8103877672882671
644,0;359,0.03844241786256581;133,0.6351253449349585
22,0;7,1.6425869722323054;860,1.807276616970728
802,0;984,0.6551507047413446;115,3.2439305383178665;808,2.962758058823451
72,0;944,0.94040266554412
555,0;103,0.3362283297908066
509,0;285,0.823126965172628
684,0;373,1.271896896124289
269,0;388,0.8159414679201888;365,1.4840863355324379;775,3.1792642138754728;332,1.8086045062319962;825,4.92423992797984;296,5.45363376840461
637,0;109,0.8081382117638427;748,3.6869072692675493
269,0;388,1.3994462360723323
435,0;594,0.862346118088008;818,0.909559388653864;23,2.507868770136681;116,2.7236741066684296;323,2.7671607233432733;672,2.8970535079056483;789,3.4970448712018536;203,3.1510271492255324
331,0;41,0.026995185251919882
593,0;991,2.0647598001636576;249,2.4495356788670417
36,0;633,2.8908527218033844;951,0.12875704492887857;476,1.5844184371822085;802,4.276712253804639;348,1.600373144096922;250,6.588068182577455;702,5.366040558007882;984,5.472506637745676;623,6.5251369266085995;808,6.028380833837697
300,0;410,0.9057658894498286
435,0;849,1.0415960636238788;594,0.447245491890519;109,0.5413922952337366;999,0.16675169533597978;221,0.2662583426731618;469,1.0129009685201615;818,1.32614597121611;748,1.163078658029875;23,1.837457586782309
351,0;886,0.10460659598984272;470,0.5013742372670364
231,0;200,0.6250043025739357;941,4.0534174972801;128,0.714061989797502;686,0.7575280811527395;223,4.098549966239816;760,6.408661850605066;925,5.395773723045525;1014,5.621334321866252;1021,5.7168278569322695;322,5.936410247108665;535,6.137846536535893
710,0;731,0.37650559066834166;659,1.4121020527759665;89,0.8768854838908542;470,0.6822029018862695;424,2.241039475912594;278,1.0073512640465234;467,2.1431891378611936;182,1.2162528418408776;656,2.149260398218943;940,1.4606397583081001;961,3.2585342423799135;361,5.421573812717536
902,0;164,0.6576146843822709;728,0.8182869591027492;392,0.8987505485502475;641,0.7759262523538658;686,1.2065329806760272;481,0.9932118179363649;10,1.8384158663293322;310,2.9187584326836067;555,0.9275580323403518;423,1.8196648714980008;893,4.56061353373865;146,4.692132150169223;935,7.663288881553315;30,5.611712979174299;331,5.017934132534323;41,5.182530127741868;416,5.2802281622396405;343,5.240911906926769;903,6.2357769020228435;779,6.3896612787115314;973,7.525692809402125;800,6.3062883712016315;216,7.188522774397361;906,7.799382398824964;749,9.37198717243069;272,7.929767741430898;485,8.393890223008666;620,8.962353321465251;987,8.46861853090858;588,9.568391012438676;344,9.441334399535165;687,9.4702513333706;276,11.113121400809211;86,10.393633542694001;705,10.623286353588956;540,10.88188923964228
916,0;836,0.6269615210496916;971,2.6685758415451226;585,3.4201628054382245;933,4.225995260408007
344,0;687,0.5482265960525932;311,0.9723279796809855
379,0;272,0.542553687150117;669,1.737868630695271
907,0;420,1.3111006365021098;816,1.5930188750118994;28,2.258597632675709;962,3.830548091359259;928,2.6932288736362056;423,3.0409964466317216
201,0;443,0.799484112898799
434,0;582,0.8693874448484478;286,1.714675924220288;129,1.7345295467130069;222,2.2203897402653396;531,3.4430089032174886;966,4.393217030859188
941,0;223,0.6374379717503821;760,2.418712120794569;920,3.6361620604576004;836,4.506073761997334;51,5.418430961123308
589,0;437,0.324301755638313;789,0.6519198580772395
19,0;914,0.12139119711720378;496,0.3298577094021755;353,1.7579536987241557;104,1.989380722088001;704,2.3740899917079457
494,0;642,0.8396398582224982;531,0.8845737174929439;315,2.5663476193322063;622,2.0709957710373077;966,0.9684082184449758;340,4.311349160604814
8,0;211,0.47895558847806546
80,0;346,0.09769739205523952
394,0;205,0.1629667556576652;533,2.8859598233499897
198,0;62,0.17064702388142897;656,0.7515182910430538;358,1.1987726916955037;53,4.512200887964003;815,2.727611121254184;540,3.04844256743793;74,6.410555963646273;354,7.199198341216228;480,7.6102236335852504;842,7.636880494883875;277,9.00171909672395;720,8.095913630541219;395,10.224670122205822;576,10.209204811275338;560,11.215000437516304;527,11.630255811073695
810,0;397,0.49036882426668227;806,0.053492302937729476;255,0.7985467027247803;85,0.6075103061098502;877,2.2523450507681884;528,0.692317013413725;21,0.8113480033288761;779,1.335034438038238;461,2.1972288738147654;630,2.7831237492600667
907,0;249,0.4218120998786294;310,3.489081992868228;893,3.7321461229954265;146,4.942790340476028;935,4.169993067576231;30,3.814194332632751;490,5.664026093902373;331,4.9693992649433785;41,6.26523283084127;573,8.050141289586541;416,6.457430353535101;981,9.155673078914239;343,7.482273773669975;410,6.622455622157068;974,8.571483434071405;512,8.70551248420377;448,8.71107045182356;373,8.855352539503288;643,9.587542621039722;812,11.016092802734905;219,11.041732017714748;826,11.782713778208274;677,11.281063921578207;278,11.39590847747019;479,11.072271734345943;602,11.605789741317786;722,11.834685311731876
262,0;773,0.5128719584609952;407,0.7291426170564091;990,0.7728002305792687;948,1.0852149074266766
355,0;693,0.13825585230529577
380,0;872,0.31354767414179974
852,0;247,1.79868924792635;936,0.17667061029154624;399,1.720341059331183;237,0.74014287555547;646,0.667009232127711;451,2.109188051975103;282,1.9443316447897743;642,1.755345410852674;622,1.7637293126184557;171,2.905299198704456
1005,0;848,2.184999717538304;350,2.243825594468929;756,2.42033926127089;712,2.519755547847378;92,4.122126448478612;93,5.341234943115681;750,5.371875658933266
465,0;424,0.06804171601116174
139,0;152,0.7444166967071351;389,0.8046106952762792;793,2.962026186052349;801,4.310445675537356
642,0;315,1.2935323360856537;340,1.863357221478192;805,2.0285423333032737;632,2.532201535621355;63,2.046297413747495;48,3.5152466446894994
881,0;201,0.27695406262249955;406,0.8819912585905942;1019,0.48705935004569423;11,2.0794491651171376;533,1.1319484650470697;112,2.407578753371837
153,0;595,0.07290098402852176;68,0.9999771848574698;719,3.3914992463521876;413,6.384853373989843;155,6.415748324422748
224,0;1006,0.9887220137841654
494,0;642,2.193838901824177;315,4.6463169284075825;946,2.377978503294278;866,3.93457748891576;340,8.295405178724536;632,8.497629645149527
205,0;533,1.2136739628174393;895,0.37159762242104954;463,0.2362694448411641;246,0.6807019718225724;173,0.6433572282722149
820,0;6,0.6443847146673901;857,0.3816391228657741;403,3.8060138001787203;901,5.728278578078995
217,0;192,0.3422846224876003;987,0.42466069731601397;932,1.0253648894067435;462,0.459985307007095;705,2.5106537704378336
816,0;962,1.1822243603858287;928,0.17596783075425174;423,0.4077977372181396;53,4.1311408716953295;399,2.1782073050220414;738,1.6057222179138493;108,2.557365986339173;792,2.3305184542205963;642,3.283918075779634;74,4.231655939902491;68,4.863734620214983;354,4.7799768766951525;880,4.308777675341068;480,6.4569752755997465;842,5.222497177119741;719,5.372328621441034;395,6.6153972504599245;277,6.6674469031594645;952,7.426863749650652;527,8.865800782994269;576,7.317560907463483;560,8.307712856857506;776,9.42673884091319;167,13.527803554925725;850,15.221194993509057;542,17.324434051443856;915,17.36421505097871;766,17.417915733638942;843,19.379253359808164
299,0;532,1.6961307533865737
902,0;164,0.2466724500190729;146,0.5745285449873917;392,3.4131446868779016;686,0.5417382965736025;423,4.662286762622169
278,0;182,0.351676456399591;79,0.39841714338316125;940,1.3922120096363373
1017,0;957,0.49972695726820077;494,2.1243792827734875;642,3.2695220812110835;531,2.411524975465675;622,3.757511637770979
521,0;546,0.9830658479485321;516,1.1280051776046467
865,0;791,0.84120433327034;25,4.083409992272262;758,4.512430779744442
571,0;1016,3.115296069741125;224,3.358283933911729
336,0;938,0.01542524875665017;287,1.1202451566968392;528,1.4599101434402646;661,0.7111447050474309;1020,3.166459103367674;270,1.3342163202076518;457,3.158945413421304;576,4.934905837056522;562,4.021290431616226;525,5.459425475171056;773,3.4124391532896325;720,5.555358887542508;920,3.9949126859484974;789,3.9274136233801316;56,5.305088197996002;173,5.190172024209611;604,5.3418956327797416;836,6.335018943269821;560,5.216565670587218;859,5.20166603982206;77,6.073434179834367;877,5.676844725757605;261,7.5974200217271575;115,7.11611019866692;603,6.6118180941872815;342,8.103469909057853;853,9.698674223661655;208,11.556010728479418
101,0;416,1.0189045758627695
357,0;83,0.6158242699428053
0,0;794,1.749573902661942;389,1.0929374939209833;536,1.6641847258218092
738,0;108,0.7269067497097303;420,1.8133812112124268;816,1.8567637904918601;225,3.147761424148585;962,4.537988770357746;928,3.046768207885535;53,3.6311846017779477;399,3.0857295199852723;792,3.22339038849534
893,0;894,2.6136371676772865
1007,0;941,0.2208910684722039;223,0.6010876499914395;760,4.003083704343002
705,0;540,0.032550418949927454
305,0;532,2.222903805981749
928,0;399,2.196428943899508;642,2.7779837205700084;315,5.564058250290493;622,3.167131745891922;340,5.824087317108114;805,6.236870705718238
870,0;232,0.7390233960467655
116,0;323,1.0219249377080915
164,0;728,0.8190318120058478;641,0.9265787625421035;686,0.9928615736262693;481,1.0913922917632917;10,0.9144371643023461;74,1.156205812405654;354,2.302166835953755;880,3.3915305460009693;733,3.865733882001998;161,5.2239619383752345;96,5.80812362132804;640,9.874587753671063;572,9.128290192123353;297,10.551477492356694;955,14.085644651782708
650,0;163,0.6328162274156592;1001,0.9569648913299288;926,0.3766244930750874;178,0.5102405517628766;962,0.9018546217942308;738,1.6324653607599728;108,1.7569618434776875
248,0;486,0.05780923784458263;763,2.1702778831651455
122,0;493,0.3880586818235898
711,0;985,0.036434282346691924;500,0.9080156428918355;150,1.8309554695840728;876,10.852417058331696
458,0;927,3.8994868850229394;289,4.3562088466757585;789,4.788699744574422;327,4.496498507745747;68,4.523170967437672;57,5.213612525952692;719,4.845227505520602;891,6.497379219332584;413,5.118650412553226;479,8.054552356318268;735,6.328478604308825;254,7.856803904349657;685,7.910565000114209
705,0;540,0.030203189279059316
113,0;105,0.30936070116986636;50,0.3414473343386743
695,0;787,0.42283362123024687;871,0.6220075525160795;362,1.9349450698268138
775,0;825,0.21046103036333677;854,0.821202009660805;296,2.3144162945228386
144,0;644,0.17162933104895783;359,1.698115649808416;20,3.8500362274421702;837,1.9443682489998226;210,3.607210495089575
969,0;320,0.4656256425335415;525,0.0437308100750147
672,0;789,0.787073972336649;203,0.09250019217911047
583,0;700,0.7719243194390216;324,1.5438675133674498;462,2.8411320407464613;458,2.079429910787319;927,2.6926879915613164;74,3.304413957799542;289,3.4147370191638937
1019,0;11,3.732417135626447;456,0.3401295212268547;610,3.055629938402395;882,4.584451393780481;762,8.086266527402548;271,8.218354355468177;611,8.249062140952333;711,8.291443036258428;985,9.530972482744719;469,9.05551327605711;500,12.093168146739382;150,12.252225314064832
507,0;864,0.31773835555701946
687,0;439,3.155931972818589
345,0;441,1.6909743298813695;497,0.12882441125533503;135,1.7877088139377726
385,0;989,0.27328949206570474
205,0;533,1.6915202492179486;895,0.05802296015596;463,0.11401456945219487;246,2.9761464964586866;173,0.6286463682889222;859,0.936087583718623;620,2.2299684853021855;450,4.107182617911633;588,3.7739087390122794;86,3.91588445091051
457,0;562,0.20060114518533523;525,0.19389406547490132;99,2.3555839951941446
122,0;937,0.7876093844484632;493,0.38439441657807644;683,3.2497691284448367;134,3.220318647489322;573,5.50537988078113;63,3.4160189593954637;429,5.423890021611721;165,3.877021552122024;126,8.159924943909783;974,10.398914694348798;934,9.405454236879496;258,10.169963071821835;727,12.280619734756117;433,10.45641410670359;512,10.986937000975772;279,12.438197162957417;661,12.548278026766424;679,12.869248395949846;78,12.61612312791103;1020,13.664467248156265;270,12.783081068840545;349,13.693654750504015;924,12.889380954329416;250,12.754309612444878;777,13.230532982740863;780,14.545622664335852;470,13.11363920317181;155,13.166856636028642;30,12.936604375633234;490,15.444517674530793;720,13.712932574362291;877,13.942868901755066;886,15.590972631718842
292,0;55,0.4499436932552876;7,2.8802496745276156;93,1.1835694776557322;398,0.5708803787454431;243,0.6191071853549608;991,1.2114271042943605;964,1.7195509890879075;750,1.8140118542424863;90,1.5278483299287284;249,2.0982989190198595;59,2.873163226267091;441,2.7816180086074573;262,1.9318555411394602;289,3.3648828216838442;942,2.1056546074973874;622,2.719256542322083;407,2.009361672415901;135,3.899907627589605;789,3.615415859517496
358,0;815,0.2530934007178178;540,1.8582227269823306;886,2.209552248548239
582,0;286,0.304575580393036;133,0.6614997509555826
907,0;249,1.226041521233541;420,0.06014730119926758;337,1.1439707837264084;225,1.1370806724551352;28,1.1915936464135604
1023,0;626,1.0376571971273294;388,1.8580579160156465;365,2.2171116220548677;775,2.8171585038533062;332,3.0414191034138947;1000,3.85974281277489
917,0;982,0.859823485636662
44,0;738,0.7562634335916638;338,0.405281402906294;245,0.8743369936247309;361,0.6038938639156233;643,2.9158265852017946;797,2.299177907995655;739,1.6006279382476178;137,1.79679182841183;609,2.2246136044314992;961,3.0412581653657167;339,3.0000607831717185;828,3.4584179736712786;143,3.6873793489484585;889,4.245808700458744;335,3.8578433645141965;624,4.65154448641288;742,3.774465096353491;470,3.952346230597355;232,4.519160900550097;274,4.699510995096427;85,6.4782723101987845
177,0;454,0.6702507346547192;14,0.24207674270894083;49,0.05691518457000198;943,3.2491134306829843
330,0;311,0.2976661106341934
245,0;739,0.18063907518167432;371,0.5760182393614618;137,1.651571925955782;609,1.2121978809879388;993,1.3052754752140416;75,2.699809035139574;514,2.0291121587515746;668,1.669239452195852;843,2.582865007728706;858,5.122272348953668;924,3.04829494323247;150,3.021894702035368;876,3.391105930647786;155,3.4054384596813154
963,0;359,7.975419814002677;240,0.01306990221422464;815,0.0880722423733071;540,3.7309805155046347;415,0.34363820412816426;837,8.681879226144204;210,9.35620732706127
983,0;624,0.9697911906318638;172,1.4641732331082473;824,1.399399955061845;274,1.030136545751073;372,2.112442825008488;371,3.5584306947500304
183,0;416,0.39400435018456115
834,0;761,0.036056966145482164
852,0;247,0.6776843349829637;399,1.214178340215645;551,0.9205416630791832;641,1.3500385402529873;792,2.847009849935742;41,2.9253249512034385
775,0;825,0.26937386552207915;296,1.6645728625169345
565,0;812,1.001829968782942;219,2.9474219958889365;826,1.2994791403806905;677,2.329004593325771;602,5.264777643559087;880,3.6145313038643136;479,3.2208864985986256;733,5.096715249377431;161,5.554932976141768
882,0;762,0.8488500878339238
958,0;470,0.7006630117150091;278,1.5600167834081975
742,0;891,2.1503355869557255
584,0;307,1.0116325938666804;44,1.9949481477112498;264,1.350393524423747;128,1.9964683674449368;338,2.3614971596502676;160,3.2937500246419007;686,3.277001599022074;505,3.001685897220357;822,4.7105743838105445;854,5.365119274491866;104,6.652294744383084;704,8.544473166844826;452,8.764213302134268
937,0;134,0.20895015339176806;573,3.207861685123545;63,0.5388919207479433;429,1.1011600991646782;571,0.2542812238218055;224,1.2923463417291778;48,3.674595270945967
613,0;797,1.932319499499648
513,0;122,0.3330766632485702
431,0;582,0.13763467104423874
1002,0;680,1.3247693904737252;413,1.7250952550577483;959,2.316314936062093;735,2.316640021233226;363,2.7746607040197775;296,3.1190641111347244;384,2.4018569310231537;240,2.990686208540711
193,0;1013,0.43730118972078863;345,1.5474389469234522;441,2.6291059441807754;497,2.7059456143845884;197,3.0416133984329896;600,3.5655237897049608;722,3.059641640094523
47,0;608,0.9177163096508563;774,1.1362843617540188;963,2.6446753361713977;855,1.8415779425530656;240,4.732397228297484;424,6.6982985060879106
668,0;843,0.10170138622079752;858,0.11797849338837456;924,4.780904258120525;155,8.061585545809807;205,6.376433064437396;533,8.008633029532657;463,8.792090544035807;899,7.516512355204898;511,7.74154327503897;812,10.62011928230827;246,8.805504011404798;526,8.8328469933504;173,11.188603013316115;382,10.045657290001317;927,11.328864453793862;219,11.224632211952317;677,10.631001164360438;248,11.823669462637438;77,11.50123975134059;278,12.22406665554279;479,12.165174473078403;74,11.64845412122887;115,15.215890988221494;68,12.215266656543056;486,12.204175279973569;354,14.577082166454788;206,12.853170418016203;763,13.087872365974201;891,12.326285546647053;47,14.67558192231951;566,14.64582409145226;842,15.838148623194998;608,16.30963978912046;342,17.042411156938062;395,16.77828849296577;774,17.501922398289874;853,17.923298750872696;963,18.089258715821806;855,18.425513872646444;617,19.30351561554112;359,20.69719767655998;240,22.249820624187283;680,20.314580497189645;413,20.62379047239653;401,20.982643353030337;959,21.320894866470137;837,20.89926536233645;266,22.586400217346657;384,22.222021036679543;815,23.974018923669103;540,26.26296202475551;415,26.957475496765458;886,24.2985817884065
134,0;63,0.6674570306940655;956,0.3008232965929905;571,2.295169410447703;270,0.21131334445078204;496,1.8762273845182182;405,1.7173173307896523;862,1.7884100604246504;847,2.5472354157923824;353,2.2770385104050055;104,2.4128104632079705;1016,3.201574787652328;224,2.7646620401817206;1023,2.8085475038680974
77,0;603,0.09602264644491289
708,0;94,1.224398945368883;836,2.2035212484840994;642,1.7914001457692441;109,4.057089539357989;946,2.0017863613494415;622,2.7411889864184165;370,1.8870650638273894;571,2.405981948342072;866,2.959222290461102;1016,3.5763818292606997;318,3.7191290516203943;461,4.513067746501568
549,0;297,4.09736824430269;688,0.1632721183954661
162,0;797,0.02807312919330579;961,0.8000810263466782;361,2.0396543101756435
747,0;419,4.472968619224158
820,0;857,0.26501574853032284
147,0;43,1.9765019804699864;721,3.7006922330457552
89,0;1011,2.2832372010467994;606,3.0991272532893706
406,0;335,0.25164271268006333;533,1.7636614489307207
317,0;462,1.5670485516801456
544,0;115,1.3152927059011295
163,0;853,0.15097005736048286;919,1.0127675185017715;314,0.7458815674690251;208,1.2363377198998717;617,2.285637016550706;28,3.325415455303566
893,0;146,0.4939913923334514;935,1.146700958663146;30,2.469750773287038
344,0;408,0.7006040959867453;687,0.8770298907078374;825,1.8160739085508002;439,1.4561061178670327
837,0;210,0.8833329186369823
996,0;52,0.04469888404966992
959,0;296,0.47574779633877456;384,1.1136830397604967;240,1.7710750820869112;815,5.55095579478668;424,2.1502007301926027
328,0;822,0.09329351269842752;982,3.336042733478933;720,0.5086021992059886
838,0;712,0.4427561798219603
707,0;940,1.3670651549567812
180,0;820,0.2875155350725114
42,0;779,0.4785314978759821
103,0;398,2.642914240451444;243,3.3866046426298153;351,5.2132200101993895;410,5.4421573318602325
731,0;89,0.08244995708166868;470,3.0107018494846605;325,0.37665956440204673;424,0.38990364793115934;64,0.10439409834489612;467,0.2511400837175433;972,0.5547621642855008;974,0.9421402344817095;931,0.768191453736549;512,1.2294427489160888;448,1.4259481797512503;190,1.969434910535592;272,2.7286529310389946;369,2.4784340368261195
752,0;436,0.15725661244699946;131,1.2339839665075827;578,0.6473784862000381;982,0.0016447347719959215;684,0.24310020496241108;373,1.1696024821350197;581,0.5923236879799363;643,1.8317557385102088;1000,1.3721210706176488
399,0;792,1.4168297661239122;642,0.7634829512949284;622,3.118418316662112;370,1.2961830411965245
917,0;982,1.2951960771217113
404,0;226,2.746633465813904
357,0;83,1.6833306440782998
816,0;928,0.7091485446148692;399,0.8796159005484673;792,1.5244077711314818
828,0;889,1.1314694192913335;642,0.8070912261185047;315,2.409039694076152;622,3.483919933568116;370,1.693242134639615;16,1.975041330613465;232,2.1257598002246683
281,0;723,1.0658776447129434
607,0;226,0.4966872601407012;534,0.20684419032565243
422,0;71,0.6690968758978626;166,1.0383163525822843;17,2.2661798841199747;759,2.2610399042000795
633,0;702,1.948809002146849;1003,2.0192080692793883;590,4.430370494914707;623,3.417061802532294;937,3.8639738580261564;599,5.462534478230874;281,6.125174479793962;723,8.11431424575576
977,0;621,0.0466170879674947
898,0;173,0.8077300364719058;859,2.148392377021504;77,0.9319337157194544;115,1.0814489091376396;603,1.1555745753003064;186,1.987226046425545;391,2.1264474278100045;620,6.201704474264654;647,2.2850566730595205;476,3.230368545362039;477,6.417134288843743;802,5.972133562830763;895,3.7471035325775826;250,5.622305402867763;984,6.91350408627437;58,9.24485877445566;450,6.953651388932151;237,6.4208630373904825;141,10.962200509982905;151,10.073783989995173;650,11.030768367543159;163,11.79957911430075;926,11.382629042021069;853,12.764044558158984;395,13.104804114805496;314,13.017599488691166;208,12.953544597061956;617,13.577682059723971;527,13.470566167977676;776,14.443255526468839;74,15.036470109004437;28,13.9101615525734;880,15.816878246671802
401,0;266,0.49602486255887185
460,0;1011,3.713445362213017;606,5.526035490326427
292,0;55,1.9607918578335928;7,2.3329530240306147;398,3.863151462168079;860,3.8907982555319576;243,4.895794887606965;991,4.059517755224329;90,4.396556133882282;341,4.57999858502789;262,6.455183711972076;521,5.613235879971077;773,7.4285278367051975;622,6.7544166712157505;407,6.722248729742457;390,7.3127288127666885;990,8.167941789680512;56,8.9153062407002;948,9.322686413747457;311,8.94360688574781
209,0;555,1.1073234076653908
344,0;408,0.24077171891964064;687,1.114199674221303;439,1.2159657128792658;487,2.253992138585554;498,2.4155939682459584;784,2.8168528119778298;652,2.852875075933313
274,0;85,0.31107541646737624;528,2.522479015527843
53,0;74,0.3924884139211472;68,2.3131477332517;880,0.4690589663545488;891,2.3895937007364743;47,2.4164031002859856
992,0;570,0.21537711720977248;151,0.6133051063216257;735,1.6546059482858992
649,0;694,1.2750635652116764;864,1.090756722758505;680,0.7526707719388581;401,1.0416439015033474;742,0.7597800822018602;266,2.7132892710668974;476,1.9993818436889947;802,2.235291438909524;348,2.5465219509619317;461,3.031337754537968
318,0;461,1.8566220183863777;630,2.5809463793130405
95,0;893,0.31299105207609684;841,0.700000391707199;146,1.2757549311578025;576,2.761180261614448
422,0;71,2.474810796743756
269,0;388,1.424423717544568
776,0;167,0.5506571453232912
577,0;153,0.9064949841666564
777,0;408,1.9190733947780034;825,4.192362680394655;296,4.302967542385037
498,0;784,0.23523165353502457
874,0;818,0.09840484982000891;23,1.1479114221761362;116,1.9213047775483623;323,1.9366748499533575;371,3.3512570450130514;672,2.458020329279416;789,2.7410409873597215;203,2.83360227495707;173,2.903096829360819;211,4.534893545345067;859,3.1255114331663423;77,3.1054523397656246;603,3.2301197806881943;186,3.2519052384441958;391,3.811175586610141;75,3.8573083284038896;364,5.5164011415146526;150,4.016360164062847;876,5.568161529647391
321,0;659,3.1443620237824224;284,3.3139988667668403
936,0;237,1.003150637189583;646,0.6704180811691374;451,2.0116299840616714
724,0;603,1.0695738223821258;186,1.3598500455136804;391,2.0375537986382835;64,1.6655168906943136;212,3.6318027507525583
380,0;872,1.3622250947973311
62,0;434,0.5036230924449843;599,1.2892835522305943
401,0;266,1.405204228548997
729,0;635,2.4072146851982077;148,4.0871824056670025;574,4.335020603871227;302,5.7107270534775765
120,0;698,0.9146095830777867;767,0.7619011774640658;812,1.6668475073633289;823,1.6698617217739522;506,1.1263930657384988;514,1.012721901051306;481,1.1690431922445221;384,1.6527518499402727;68,1.976252437313686;42,1.1980627096908387;324,3.845269365031024;74,1.6244551701745116;354,1.8550625389858915;219,2.3787753739869912;826,2.72615376624144;677,4.4477823303127995;804,1.9685716203386066;214,2.001388517656843;719,2.0995089468121164;413,2.2174694999118545;735,2.889679890325506;155,3.7020545804339102;363,2.265925668345385;278,3.3156677987513308;479,2.4284406692017364;206,4.0666761993143234;134,3.200899052622497;63,4.246481353458724;571,6.3419030164365635;462,4.58282897762632;463,7.950211697970204;1016,8.164686874515143;246,8.253092860425328;173,7.9693551726518415;859,9.414519815719897;318,10.430856955037479;620,10.341547257664198;647,12.421336531877495;58,12.3055917557567;450,10.738188737136982;141,14.628797448424773;718,12.419373653373919;7,12.665367813521787;477,13.777489744829078;650,15.426826216024399;163,16.299123186198393;926,20.811857316838918
905,0;832,1.4005002551830636;102,5.394478003603302;784,2.7798214864658997
539,0;843,0.05856069010687758;719,0.08992182964203987
781,0;478,1.2669340738070192;759,3.1746842127328883
734,0;29,1.3021789563011437
163,0;853,1.046887039373566;208,3.376139337392914
123,0;121,0.8659192968044147;37,1.4716089696090475
57,0;254,2.7730184659714974;685,3.1003514613839593;521,4.333126810708322
996,0;52,0.22398260185849442
582,0;286,0.01290189889799586;129,0.772368163626872;116,0.04796003653548513;371,2.8975270300640252;222,1.5082800447624303;993,3.3718635267448693;668,3.6995492772409175;843,3.776052676638423;719,5.255843333289903;924,4.98676554217197;30,5.1948716829223125;413,5.811373231934145;735,7.357275082150744;155,6.669986428613079;363,6.542034214461657;846,7.324750293021259
656,0;358,1.8902983709800019;53,2.3160716023547714;815,2.7165817839502386;540,2.828133600025276;415,4.568263145656711;886,2.8342095005935257
701,0;518,0.3055459354128461;165,0.8950668693363126
119,0;666,0.5769469200193786;752,1.4963238071459162;436,2.20215075203299;578,3.617897405024565;684,4.861548792891774;373,5.019043776785168
843,0;719,1.053612671027865;413,2.512709141518502;959,3.0355930697322746;735,3.0684647573113715;155,2.558911189437384;363,4.752681251213572;846,2.788302890879167;567,3.580346191596387;384,4.126005972630134;240,4.264063732073693;424,6.253591715765555
437,0;681,1.0995876315172182
867,0;379,0.45321458081668137;649,0.5351888017847353;701,0.09499963821590816;518,0.5595777580859332;165,0.15004612484735638;694,1.3981341665425542;977,2.1349567477768145;680,0.7548576332117216;401,0.8066669442894474;742,0.8611545129246636;266,0.8131828845790465;891,1.3749974668028622;47,3.2537337865667277;476,2.6582727588619015;621,3.1288864158838834;614,2.3043441056299674;250,2.870485262376308;777,3.8656670470030265;408,4.045213371953682;825,4.08968366168318
626,0;388,0.0747420673404283
399,0;792,0.6732661812812248;642,0.6192172486339981;622,1.0104987704532367
106,0;232,3.122306512964921
915,0;766,0.8964852224137492
975,0;385,0.2807608799322853;25,1.6684913124335377;196,0.9266105680949168;784,2.605426989755968;18,3.9431736475796972;758,2.3082514592801604;611,1.6852117241843645;354,2.779813015589979;652,3.1052446654920773;566,2.805485921810011
78,0;349,1.863225466664128;924,0.43974753900314156;155,0.7509122139322152;205,1.0619139234132806;846,0.8110279330051713;567,1.6938912481423727;533,2.221949676307374
871,0;921,0.04739547097331247;362,0.15729809878356327;290,0.30415048904002784;524,1.0095741192231535
994,0;106,0.4913633200165713;215,0.9046576612065264;232,1.4538999091487357
141,0;650,0.5937943556646487;163,1.522630952233743;395,1.6482424895655654;952,2.5020180865858053;941,3.886673420851214;223,5.121394726285213
1012,0;422,0.08116747085374036;71,1.071034791422722;166,3.510233908276303
840,0;411,0.25394496265925454;158,1.8248703500720111;338,3.8240758312930145;848,3.2335790194883396;356,3.5459624705393167;350,3.621883396871774;756,3.6689389616825707;951,3.6383856031554402;476,4.8958683299043315;712,3.9867090731465984;802,6.863946486860505;250,5.836818389425756;777,5.958248457516145;408,7.185940298075805;984,8.607997563605913;825,8.239038136419861;854,8.626494372122592;296,8.260588226948505;115,9.381230962777002;808,9.251832300876384;104,9.444273851158812;342,10.293428634784426
774,0;963,0.03293528405420535;855,0.22859137854832928;359,0.3493499446120976;240,1.6271007289091126;133,1.800733933354871;424,3.251083814449431
907,0;249,0.3969200569547748;420,0.3639770181552064;738,0.5538837839681819;816,1.3238900602689343;225,1.4557526687025653;28,0.798219169281474;108,1.2903039019291915;928,1.4876907994732584;423,3.541806002775042;53,1.8537882576268607;399,1.9377673552423555
60,0;23,1.100079563868147
591,0;744,2.7677322087757936
624,0;172,0.3542922386829975;274,0.5586855243125349;371,1.0501174150864476;993,5.654243898532824;668,5.84076866792409;843,6.6960408409995384;719,8.412904269905956;924,7.138841426290611;205,8.293999822756504;533,9.260578530299039;899,8.65387020332215;413,10.1058600975804;511,9.149301829419775;959,10.16302043443999;296,11.292929739849006
554,0;973,0.8030790997071385;135,3.282506900104167;749,1.104284535378271
113,0;105,0.3121772480842703;50,0.6405590751203543;550,0.8534464675295403
689,0;901,1.6264535189525389;323,2.412129164065515;565,2.699338565715413;812,2.7096595820617257;219,3.207087598169749;826,3.900532094111164;677,6.452211856859552;880,3.546748521239367;733,4.33806897937848;161,5.540171610659445;96,5.984607505920975;463,7.731606873999029;602,6.934432581095022;722,7.076426505408767;246,12.683475484698256;526,8.107164761570122;173,7.893524597023228;382,8.407292356418813;577,8.430687000228016;927,8.601799344816289
404,0;226,0.34868701914343714;144,0.4301337864978212;644,0.5830505941972014;359,2.8871704025853293;20,4.3265443932186205;133,2.9277336628406965
278,0;182,0.9538010899896896;79,3.255691964403331;656,1.3985774977912326;940,1.0007805865513357;358,2.4840960024516954;729,2.288050831850099;915,3.4364856657817437;635,3.5563847136657127;815,6.840873365449882;843,3.4971721844420767;719,3.815303488971386;924,3.6125430402272722;413,8.280130786568478;540,7.4954032569722715;886,6.942668584926743;735,9.890236781696132;155,9.9584448419933;363,8.834790186590498;846,10.72556552114118;567,11.623300751128117
332,0;1000,0.02484988504807663
582,0;286,0.5744353349687253;133,1.2524089599933188;129,0.6301051498522632
675,0;352,0.6205939794925289;1007,1.1410290400391254;875,2.2298991857768966;941,1.3681584835653962;185,3.803055575058597;23,4.655134049381004
280,0;606,2.204563168607749;150,0.41332542817330203;351,2.4289695451255655;470,3.369692279916246;410,2.8554284951008535;278,3.5829000232561334;182,3.9633355249841054;79,4.433953300947028;940,7.267867503626023
815,0;540,1.700743521081172;415,0.6667792104207694;886,0.8264034329427381
976,0;294,1.9652191041012992;799,1.626056986550666;821,2.300348306369533;749,2.4770790741034427;721,2.6391323184858564;12,4.8519798276127375;344,5.292455489722304;882,7.443891313300393;408,5.902352025031942;687,7.106679319563393;311,7.547165868240285;825,5.944324977099861;439,7.512831424173738;113,7.503957934803999;50,11.163627227484511;487,7.9745117673355335;498,8.159476450508398;784,8.193327781886785;652,8.478098252910772
429,0;126,0.41197331997201064;934,0.8864953844230425;81,1.007902079143847;525,1.5721122136709873;782,3.5477422496540036
951,0;476,0.028926618876032605;348,0.6941329192479812;250,2.143545417569892;461,2.251189719302318;630,2.8070577309286113
790,0;921,0.6560072673373958;498,0.16175382986928655;801,0.6803484921478256
693,0;796,3.4204228119599906
691,0;199,0.9986604723475389;57,0.13866088735921808;254,0.44046690452457704;685,1.3275330552082634;928,1.4839198040156727;890,1.639738033123849;164,1.8878831455553458;423,2.537814988305059;728,2.7993223374905174;392,2.616463906192669;686,1.9578297889598892;555,3.208439508007369;310,2.9508082083401836;893,6.7651911744957935;935,6.877436146421814;272,7.341711915475091
854,0;104,0.1698390595866353
