0,0
1,1
2,2
3,3
4,4
5,5
6,6
7,7
8,8
9,9
10,10
11,11
12,12
13,13
14,14
15,15
16,16
17,17
18,18
19,19
20,20
21,21
22,22
23,23
24,24
25,25
26,26
27,27
28,28
29,29
30,30
31,31
32,32
33,33
34,34
35,35
36,36
37,37
38,38
39,39
40,40
41,41
42,42
43,43
44,44
45,45
46,46
47,47
48,48
49,49
50,50
51,51
52,52
53,53
54,54
55,55
56,56
57,57
58,58
59,59
60,60
61,61
62,62
63,63
64,64
65,65
66,66
67,67
68,68
69,69
70,70
71,71
72,72
73,73
74,74
75,75
76,76
77,77
78,78
79,79
80,80
81,81
82,82
83,83
84,84
85,85
86,86
87,87
88,88
89,89
90,90
91,91
92,92
93,93
94,94
95,95
96,96
97,97
98,98
99,99
100,100
101,101
102,102
103,103
104,104
105,105
106,106
107,107
108,108
109,109
110,110
111,111
112,112
113,113
114,114
115,115
116,116
117,117
118,118
119,119
120,120
121,121
122,122
123,123
124,124
125,125
126,126
127,127
128,128
129,129
130,130
131,131
132,132
133,133
134,134
135,135
136,136
137,137
138,138
139,139
140,140
141,141
142,142
143,143
144,144
145,145
146,146
147,147
148,148
149,149
150,150
151,151
152,152
153,153
154,154
155,155
156,156
157,157
158,158
159,159
160,160
161,161
162,162
163,163
164,164
165,165
166,166
167,167
168,168
169,169
170,170
171,171
172,172
173,173
174,174
175,175
176,176
177,177
178,178
179,179
180,180
181,181
182,182
183,183
184,184
185,185
186,186
187,187
188,188
189,189
190,190
191,191
192,192
193,193
194,194
195,195
196,196
197,197
198,198
199,199
200,200
201,201
202,202
203,203
204,204
205,205
206,206
207,207
208,208
209,209
210,210
211,211
212,212
213,213
214,214
215,215
216,216
217,217
218,218
219,219
220,220
221,221
222,222
223,223
224,224
225,225
226,226
227,227
228,228
229,229
230,230
231,231
232,232
233,233
234,234
235,235
236,236
237,237
238,238
239,239
240,240
241,241
242,242
243,243
244,244
245,245
246,246
247,247
248,248
249,249
250,250
251,251
252,252
253,253
254,254
255,255
256,256
257,257
258,258
259,259
260,260
261,261
262,262
263,263
264,264
265,265
266,266
267,267
268,268
269,269
270,270
271,271
272,272
273,273
274,274
275,275
276,276
277,277
278,278
279,279
280,280
281,281
282,282
283,283
284,284
285,285
286,286
287,287
288,288
289,289
290,290
291,291
292,292
293,293
294,294
295,295
296,296
297,297
298,298
299,299
300,300
301,301
302,302
303,303
304,304
305,305
306,306
307,307
308,308
309,309
310,310
311,311
312,312
313,313
314,314
315,315
316,316
317,317
318,318
319,319
320,320
321,321
322,322
323,323
324,324
325,325
326,326
327,327
328,328
329,329
330,330
331,331
332,332
333,333
334,334
335,335
336,336
337,337
338,338
339,339
340,340
341,341
342,342
343,343
344,344
345,345
346,346
347,347
348,348
349,349
350,350
351,351
352,352
353,353
354,354
355,355
356,356
357,357
358,358
359,359
360,360
361,361
362,362
363,363
364,364
365,365
366,366
367,367
368,368
369,369
370,370
371,371
372,372
373,373
374,374
375,375
376,376
377,377
378,378
379,379
380,380
381,381
382,382
383,383
384,384
385,385
386,386
387,387
388,388
389,389
390,390
391,391
392,392
393,393
394,394
395,395
396,396
397,397
398,398
399,399
400,400
401,401
402,402
403,403
404,404
405,405
406,406
407,407
408,408
409,409
410,410
411,411
412,412
413,413
414,414
415,415
416,416
417,417
418,418
419,419
420,420
421,421
422,422
423,423
424,424
425,425
426,426
427,427
428,428
429,429
430,430
431,431
432,432
433,433
434,434
435,435
436,436
437,437
438,438
439,439
440,440
441,441
442,442
443,443
444,444
445,445
446,446
447,447
448,448
449,449
450,450
451,451
452,452
453,453
454,454
455,455
456,456
457,457
458,458
459,459
460,460
461,461
462,462
463,463
464,464
465,465
466,466
467,467
468,468
469,469
470,470
471,471
472,472
473,473
474,474
475,475
476,476
477,477
478,478
479,479
480,480
481,481
482,482
483,483
484,484
485,485
486,486
487,487
488,488
489,489
490,490
491,491
492,492
493,493
494,494
495,495
496,496
497,497
498,498
499,499
500,500
501,501
502,502
503,503
504,504
505,505
506,506
507,507
508,508
509,509
510,510
511,511
512,512
513,513
514,514
515,515
516,516
517,517
518,518
519,519
520,520
521,521
522,522
523,523
524,524
525,525
526,526
527,527
528,528
529,529
530,530
531,531
532,532
533,533
534,534
535,535
536,536
537,537
538,538
539,539
540,540
541,541
542,542
543,543
544,544
545,545
546,546
547,547
548,548
549,549
550,550
551,551
552,552
553,553
554,554
555,555
556,556
557,557
558,558
559,559
560,560
561,561
562,562
563,563
564,564
565,565
566,566
567,567
568,568
569,569
570,570
571,571
572,572
573,573
574,574
575,575
576,576
577,577
578,578
579,579
580,580
581,581
582,582
583,583
584,584
585,585
586,586
587,587
588,588
589,589
590,590
591,591
592,592
593,593
594,594
595,595
596,596
597,597
598,598
599,599
600,600
601,601
602,602
603,603
604,604
605,605
606,606
607,607
608,608
609,609
610,610
611,611
612,612
613,613
614,614
615,615
616,616
617,617
618,618
619,619
620,620
621,621
622,622
623,623
624,624
625,625
626,626
627,627
628,628
629,629
630,630
631,631
632,632
633,633
634,634
635,635
636,636
637,637
638,638
639,639
640,640
641,641
642,642
643,643
644,644
645,645
646,646
647,647
648,648
649,649
650,650
651,651
652,652
653,653
654,654
655,655
656,656
657,657
658,658
659,659
660,660
661,661
662,662
663,663
664,664
665,665
666,666
667,667
668,668
669,669
670,670
671,671
672,672
673,673
674,674
675,675
676,676
677,677
678,678
679,679
680,680
681,681
682,682
683,683
684,684
685,685
686,686
687,687
688,688
689,689
690,690
691,691
692,692
693,693
694,694
695,695
696,696
697,697
698,698
699,699
700,700
701,701
702,702
703,703
704,704
705,705
706,706
707,707
708,708
709,709
710,710
711,711
712,712
713,713
714,714
715,715
716,716
717,717
718,718
719,719
720,720
721,721
722,722
723,723
724,724
725,725
726,726
727,727
728,728
729,729
730,730
731,731
732,732
733,733
734,734
735,735
736,736
737,737
738,738
739,739
740,740
741,741
742,742
743,743
744,744
745,745
746,746
747,747
748,748
749,749
750,750
751,751
752,752
753,753
754,754
755,755
756,756
757,757
758,758
759,759
760,760
761,761
762,762
763,763
764,764
765,765
766,766
767,767
768,768
769,769
770,770
771,771
772,772
773,773
774,774
775,775
776,776
777,777
778,778
779,779
780,780
781,781
782,782
783,783
784,784
785,785
786,786
787,787
788,788
789,789
790,790
791,791
792,792
793,793
794,794
795,795
796,796
797,797
798,798
799,799
800,800
801,801
802,802
803,803
804,804
805,805
806,806
807,807
808,808
809,809
810,810
811,811
812,812
813,813
814,814
815,815
816,816
817,817
818,818
819,819
820,820
821,821
822,822
823,823
824,824
825,825
826,826
827,827
828,828
829,829
830,830
831,831
832,832
833,833
834,834
835,835
836,836
837,837
838,838
839,839
840,840
841,841
842,842
843,843
844,844
845,845
846,846
847,847
848,848
849,849
850,850
851,851
852,852
853,853
854,854
855,855
856,856
857,857
858,858
859,859
860,860
861,861
862,862
863,863
864,864
865,865
866,866
867,867
868,868
869,869
870,870
871,871
872,872
873,873
874,874
875,875
876,876
877,877
878,878
879,879
880,880
881,881
882,882
883,883
884,884
885,885
886,886
887,887
888,888
889,889
890,890
891,891
892,892
893,893
894,894
895,895
896,896
897,897
898,898
899,899
900,900
901,901
902,902
903,903
904,904
905,905
906,906
907,907
908,908
909,909
910,910
911,911
912,912
913,913
914,914
915,915
916,916
917,917
918,918
919,919
920,920
921,921
922,922
923,923
924,924
925,925
926,926
927,927
928,928
929,929
930,930
931,931
932,932
933,933
934,934
935,935
936,936
937,937
938,938
939,939
940,940
941,941
942,942
943,943
944,944
945,945
946,946
947,947
948,948
949,949
950,950
951,951
952,952
953,953
954,954
955,955
956,956
957,957
958,958
959,959
960,960
961,961
962,962
963,963
964,964
965,965
966,966
967,967
968,968
969,969
970,970
971,971
972,972
973,973
974,974
975,975
976,976
977,977
978,978
979,979
980,980
981,981
982,982
983,983
984,984
985,985
986,986
987,987
988,988
989,989
990,990
991,991
992,992
993,993
994,994
995,995
996,996
997,997
998,998
999,999
1000,1000
1001,1001
1002,1002
1003,1003
1004,1004
1005,1005
1006,1006
1007,1007
1008,1008
1009,1009
1010,1010
1011,1011
1012,1012
1013,1013
1014,1014
1015,1015
1016,1016
1017,1017
1018,1018
1019,1019
1020,1020
1021,1021
1022,1022
1023,1023

643,0;812,0.4237887551933044;339,0.21799841234712844;828,0.7908274060622159;219,2.2839640581325376;889,1.668729147491201;642,0.8298799085825558;315,0.9252221479812004;622,1.7530700028628623;370,1.32581702338755;232,3.906195067473926;278,3.9794758822792757;479,3.971285795017196
725,0;62,0.8819782655370604;656,1.3215373346541734;358,1.8908841852519482;53,2.0505362451177622;815,4.370632164877126;74,2.1112341786214777;68,3.271070930057424;891,5.057820553170252;47,6.815286975776443
892,0;252,1.2929548628783891;952,0.7743612576553675;941,2.732959284404865;223,3.8926826218232278;760,4.541713793940612;920,5.5980299873938755;604,7.925179098273507;51,6.343957184378685
617,0;28,0.32232426607679515
704,0;878,0.4729327244961689;452,1.5784629512320372
98,0;914,1.4687944221078482;496,3.147029157415218;946,3.639194901873664;353,3.6235758459273444
675,0;541,0.08748267975189208;352,1.6999492144413617;449,2.0639446038899436
943,0;939,0.8151340305291933;700,2.01285359776585
269,0;388,0.06760069334236958
354,0;842,0.684445616371757;214,1.7486523076501337;395,1.3519881675205858;527,2.2297802916832135;558,3.583646630053309;74,3.4624248762095147;880,4.842227024718641
72,0;944,0.13441631336227644;239,1.1750712166959727
111,0;411,0.9398591004098104;474,1.0072047017326677;24,0.6718456990276669
335,0;470,0.5768586829837833;278,1.6354124578923193
18,0;337,0.057125817381048924
476,0;250,0.298107806418749;777,1.4951516817495079;408,4.512495849595239;825,4.670959692035942;854,5.325699892259143
657,0;430,0.4120027988245909;284,2.4750039318485575;794,1.090637821349378;896,3.09383599702766;925,4.220908495811378;245,3.295960625655935;797,3.8037688879349423
19,0;914,0.2752981110022305;496,2.0531683528381266;353,2.4591222592896838
68,0;719,0.4301430571609979;891,1.7675849877919303;413,1.6442398799239142;479,2.0505161369970133;959,2.439693871715574;735,4.155293479348876;155,2.678223298472326;47,2.07283643361192;608,2.47069067278278;296,2.8580882912869727;384,2.7600837175776753;317,3.105607621636416;240,4.120068499481978;815,8.351735183083077;886,8.375366247768254
436,0;684,3.4770520931501476;581,3.612862884995686;240,4.951832858587778;815,5.0400155966982005;424,5.9094596475380525;415,5.179406501654999;886,5.785564207559361
118,0;856,0.5587764912665006;1018,5.297698715952751;455,5.637822002599288;94,6.678884225537498;275,7.122843817185382;294,7.454450529389391;836,7.123019715167714;642,7.411194111928825;329,10.809392905500754;858,11.423424683989648
666,0;752,0.19623872368325782;436,2.348913786863238;131,0.7784191697274027
778,0;640,0.24017517385038334
634,0;153,1.3812288969093482;625,2.886019241624574;496,3.084509905403442
161,0;96,0.07348076799086245
478,0;759,1.3567745143540841
202,0;833,1.209922046740379;31,2.1725128704877332;731,1.8551119102555744;89,2.762881667439851;470,5.178665682244854;424,3.409663397088568;467,3.5373303894647665;1011,3.290179913856911;606,4.633930575510623;351,5.163754281321486;410,5.223680716914071
455,0;94,0.16862030585517657;275,0.2646888028018631;294,0.09290913179009824;836,2.0067215008373407;642,2.922491338809503;109,1.3990334457149294;329,0.29559850573939994;393,0.6672793414964899;858,0.9631293470171783;748,3.872603141823763;946,4.886789528147309;622,3.876390031565178;370,3.6098417736943187
445,0;178,0.8632420485158885;414,0.6662971995012036;458,3.5156394778506472;962,1.1084715407872239;487,1.185590822588808;738,1.1278060759353699;498,1.5985887960025094;927,4.676963778555022;74,5.282150979102074;289,5.192803424929743;789,6.786549493124511;68,5.362477359406054;354,6.773053402627625;880,6.056962745885088;719,5.48379559322098;733,7.638510914691649;842,6.987967772073792;214,7.8642479739576565;173,8.066318580956922;395,8.199356555773248;558,8.336216925284848;77,9.76165036651025;107,10.033961844732705;115,10.188725450746864;603,12.241671162810302;984,16.99088955245053;276,10.041173149999908;366,10.277861028939977;337,10.365688350172462;808,17.116168489146332;187,17.37186175453316;724,20.03998646110749
994,0;106,0.22787808794841724;215,0.5984152481799471;232,0.8353886889105618;963,3.3059382140800713;359,4.159393791281712;240,3.7238352248676074;20,4.854310354931275;133,4.288736850477965
658,0;818,1.2982775750523632;841,0.17371528998741234;635,0.9044523005964832;576,2.4252757111740664;517,5.3103634606345524;308,1.8952795655298915
845,0;272,0.5635093241331236
913,0;372,0.04288479856635106
742,0;891,0.7784282765076319
278,0;182,0.15236780137342598;656,0.15571210684917264;940,1.4262920802776995
672,0;203,2.624484899821278
476,0;802,0.3436465504138723;895,0.8243328633077982;250,0.4244941235241845;984,0.5041787888614992;115,1.1409219348129462;808,1.17888165839828;342,2.345538050634934;853,4.526800992595842;919,4.799562071464861;617,4.699527585228723
11,0;112,0.16057710865127842;70,1.8888247116003825
843,0;858,2.5192503328545017;924,2.398059543311738;30,4.225140131407807;490,4.73856502125063
448,0;373,0.566392355920747
287,0;412,1.1255438648660756;570,1.4374180504948444
259,0;704,0.028755742911651255;452,0.8842608680112823
606,0;351,0.29168612093263224;886,1.2960932578440467;470,1.3748189667602375;278,1.5658303521302672;182,4.181546820192189;940,6.126467509077397
611,0;527,0.21130179632073984;711,1.1314295019039526;776,0.9498294949226818;74,1.1645279848006598;167,1.5795477866230867;540,2.4125104375743587;880,3.8074380430304062;850,2.3471480658908956;542,2.7493462429436324;107,2.866696190576308;915,4.780909145243818;276,4.8987809185783995;733,3.880973078586061;161,5.989319314739483;766,5.02446323842598;843,6.182844015429755;719,6.216571664087541;924,6.363453383541059;413,8.138500190990717;30,7.172411830631093;205,6.904307035965237;895,11.688560346906659;463,7.425747354381507;490,7.172899029703613;573,7.54042948392668;173,7.694742876046192;77,9.792573307237042;479,9.130415615018462;206,9.462232665135838;115,10.05828153278213;603,9.943628467789509
45,0;343,0.000910499205964696
26,0;830,1.4951470200179078
416,0;410,1.270846520699757
376,0;966,4.239279637082999
848,0;356,0.05479198624347715;788,0.8686690360904168;957,2.2054835637532832;494,2.2268085307265086;642,3.6916861780348817;946,6.490295891527331;622,4.546039339534327;571,6.57255825848826;866,7.238973403081934;1016,6.909229607719425;318,7.819794336370047
834,0;761,0.3656945795058711;34,0.8948705348870811
399,0;792,0.40130812503648494
707,0;940,0.08971817598489422
61,0;985,1.6793782937200472;500,4.201981561897682;150,4.208460422158425
981,0;569,0.0474790161502303;702,0.1539049993520836;813,1.0023390013717395;1003,0.9991845559060303;590,0.20049641141515143;599,0.748921985548235;281,0.9793644635654811
815,0;540,1.0081461077547251
374,0;198,0.9354955475339718;784,0.40672419868900933;62,1.069572954348718;434,1.8408424392281835
322,0;204,0.7145564241262711;330,1.9109794289127358;526,2.6843180472138854;382,2.8108044720092344
162,0;797,1.292068666543992
272,0;485,1.5686632700375263;620,2.6278109373973377;987,3.1541444462501635;58,3.088176925091119;588,5.088102377233062;934,5.0089699268223615;718,4.045188154239184;705,3.504936143408069;258,7.701761379570909;86,6.839016617738036;727,10.394663207206385;530,8.054427900085322;433,9.318951887966179
626,0;388,2.149523805166824
685,0;521,1.3460065551099973
188,0;804,0.39123413055290257;980,4.598378659808825;121,5.583770324099854;674,1.4709267319015775;265,2.3719572576095573;285,3.92397877210808;462,3.8919923029410777;37,6.252438789516847
83,0;647,0.12225893864929255;476,1.16914932086267;895,3.2657588921503136
925,0;1014,0.23673715953947283;1021,3.048550179726043;322,1.8249667525385402;231,4.501907501661139
507,0;864,0.7275824103499056;939,0.762901038989831
1020,0;920,0.17319258639531698;604,0.5715731056719479;51,3.017505709524099
70,0;225,0.0030416305906745835;342,2.647399709240908
819,0;619,0.7594520355669394;248,1.3697553612210671
892,0;952,7.704875931800306;236,4.001762239371072;551,4.3400211026473;641,4.660971736503889
539,0;297,0.09043319073453647
801,0;689,0.47727183145479407;621,1.5257795918937107;901,1.8753515803421492
811,0;1022,0.06382585384086999;577,1.068025135011049
910,0;703,1.4079675670206995;880,3.320061419984121
571,0;1016,0.29766024370541566
420,0;816,0.8322981489398773
828,0;889,1.0113214757882663;16,1.0142492074728724;742,1.5598750802997348;891,1.7390179171455296;47,1.8196739119472376;608,2.130680208933193;274,2.4014582086169387;774,2.488256257963881;85,4.684501816103953;963,3.7739473214289765
404,0;144,0.05127683212673113;644,0.9374447408497193
284,0;925,1.7842092282051538
661,0;1020,0.04787007569861001;270,3.2890665981419214;920,0.10692475930750815
443,0;984,1.9547901187256613;808,2.016546665530427;187,2.7902325327916384;449,2.8901109791033255;724,3.5939981742773295;603,3.6789915831341222;186,3.9468402999212926;391,5.129830553056377;364,5.291213968904307;84,5.763894315624843
56,0;311,2.0102519472863905
95,0;841,0.42441474046003014;576,2.0161144080278017;855,2.6692250172093734;560,2.122878813990074
486,0;763,1.543982646188807
455,0;275,4.101633517003809;294,2.333687032446704;393,5.977974523484999
70,0;225,0.3494362408839302;504,1.5527332064746795
159,0;361,1.6127859602695875;953,1.4907418587591916
587,0;380,0.3966303037770678;56,0.6842540198834669;238,1.634452042130902;740,1.6645890399772687
299,0;532,2.1092365524182255
791,0;25,0.09478861342821662;758,0.4013622296203688;611,0.3064077682340326;711,0.6473417288691743;985,0.6715178454046377;469,0.8012418956635832;540,2.3803669197403456;500,1.168181986526844;150,3.525248263595279
981,0;463,3.368845355428676;569,4.45884723608356;526,3.427225942849417;173,4.539123860869837;651,4.305244384394927;382,4.051742252915961;897,4.597271938632137;813,6.796301683224843;859,7.3743529461504895;620,7.515403583557291;647,7.516304031528284;58,9.172506630392988;450,7.576500939864956;588,8.464895398415084;934,7.696287793415791;801,8.584530564606128;477,10.47924634777701;258,7.714365869232067;467,7.841739934759333;63,7.779948939694946;405,8.615087667566119;276,9.148712884005542;689,10.124223265833551;862,10.073527936737394;565,11.952501918743405;718,9.223712638755254;151,9.629476889344481;7,12.587837855647479;605,11.325592146756193;621,12.231245346057243;901,10.20216839457263;323,10.446440868395753;860,17.635905091055026
399,0;642,0.355043018921268;946,0.6590840415144037;622,3.888072939566862;370,0.7580660561719542;571,1.6461103163690618;1016,3.391242354384822;224,2.003329527963514;318,4.209598038064272
60,0;23,0.08305411404594852;116,0.9282349489753103;672,2.748717187504414;789,3.5180999777667896
152,0;978,1.3465051742743253
184,0;891,1.528642625454911
240,0;815,0.1808808242982607;540,0.20789589842358175;886,1.4536132849544936
958,0;470,1.8986359012408514
930,0;220,0.9532886699125612;525,3.7516905160006147;532,1.7969121073214245
903,0;779,0.42884161360667855;973,1.422133772379561;800,1.282874419516912;216,1.6164108022095578;749,1.883597536877158;906,1.7378197009701635;32,5.672513996124034;344,2.112088755515494;408,2.3437377857734654;311,3.8508841770675675
417,0;692,1.6067093357262372;329,1.736401117635289;86,2.6097795264191967;858,1.806688971120347
388,0;365,2.712916866011799
196,0;18,0.0850974064595364
923,0;87,1.2715435760590752;846,3.2032114344392917
875,0;325,0.22400162343808253
378,0;345,0.24443356213081513;497,0.8202296215894898;197,1.7568298031156542;722,1.775495419500983
526,0;688,0.5494444834315696
1021,0;231,1.0160855583706412
303,0;69,0.15129273313090305
466,0;618,0.4746796217461464
90,0;341,0.2564518340930798;441,2.7445452510960835;521,0.5270326859174941;135,2.8167614304536905
180,0;33,1.261546576398324;820,0.131622260002951;6,1.1448313146090572;403,1.405732966240691;558,1.4867031025458242;901,2.5360366332109727;107,3.485373808348162;323,3.602220477715802;565,2.8156765472487906;276,3.8158547538042114;537,5.069783330185661
655,0;661,1.9073726964388056;492,3.0026075735327455;78,2.5751207868975983;270,2.0235731201813203;349,4.526433226802423;924,3.161480084899749;250,4.004251498988931;383,3.6449137554234428;30,3.452383428806723;841,5.0617971789139125;855,5.859886306377367
767,0;812,1.463723315508593;823,0.3746515313548538;219,4.914924157250561;677,1.5743362711471078;463,1.829731203713664;602,3.3912650304440657;248,1.8218801677566991;486,2.0394192461239378;354,2.453925243408697;246,2.544448290663135;526,2.550432995891301;173,2.002027199912273;296,2.7083711212581107;688,3.216061674153001;479,5.905649916540608
773,0;990,1.3677309354674385;948,1.9899264501034386
430,0;794,3.071927584911158;410,1.2125761744715284;451,4.546803080617096;171,5.897253456333237;100,5.209421219981116;301,7.003520187263282
60,0;23,2.1016324897003567
963,0;240,1.8971080576066899;815,3.62908284917029;415,5.40946648931591
572,0;307,0.5949529768986874;297,1.0467394171193654;44,0.8822412819540012;264,0.6233290840988709;128,4.083489309784673;338,5.076598092376683;663,1.5462420072097534;955,1.5668092159587776;1005,2.757581512632484;376,1.7971576795161581;966,2.1947022714483695;160,5.480267108897455;643,5.863994848340917;828,6.159161611426147;889,8.08890840059405;642,7.058012516841652;315,9.010450210408823;622,7.415321308155182;370,9.04122468258355
738,0;108,4.365908175457594;420,4.769243120438081;28,6.323200929199368
525,0;782,1.4750992479820828
565,0;812,0.21346175377952598;826,1.6011766256617477;677,0.26495651042812624;463,0.3578076751247685;248,1.6695922212035716;246,2.1649586056916883;526,0.5146294907766578;688,1.8169872332371673;354,2.6888569316413244;566,3.0404694435565163;842,3.8132182696363044;395,4.080366161483237;527,4.274710846093437;776,4.51678414730212
668,0;843,0.6354072610855344;334,1.4125931450585196;858,2.0018228360673964;719,0.6905865062800082;924,2.7564085819619337;413,1.2176351306808013;363,1.7247268638274929;566,1.4213878539165057;155,2.931982509642876;30,2.9501837954491505;205,2.921036396510349;895,3.3690903096654616;846,3.518381203174527;490,3.0308909314658408;430,4.323585789431792;567,4.019972184587697;584,4.233001346378445;491,4.487449936450124;410,4.978076898771692;1012,4.985274045822336;160,5.149348589151449;822,5.660021396991389
509,0;698,0.9931437234650053
228,0;415,2.9719055860998305
974,0;512,1.107488668859428;978,0.6682641006343335
760,0;920,2.0127612055162207
407,0;390,4.85366244113196
319,0;558,0.6998525170350229;345,1.0991857953472048;107,1.6989407131218148;497,1.4818731936745482;984,2.9034196988496817;366,6.7448018985054805;808,4.28986860298233;187,5.433405810734648;449,6.190632940747199;451,6.876697945521342;100,8.327957889813884
167,0;850,1.8324380733948455
775,0;825,2.851251307721443;296,3.3955207564330556
990,0;948,1.1406730647730414
399,0;792,0.059070792625553585;642,0.45884543808832967;946,0.6842603401208719;866,1.846928009073887
908,0;287,1.5880897452383897;193,2.458703850395434;1013,2.5553888214886973
914,0;496,0.37988563513701407
671,0;82,2.731358646053384;889,2.7691963254117518;811,3.286089692467138;81,3.567853687016611;476,3.8886720593067627;16,2.8599032911425164;742,4.18076309951015;1022,3.940163097394428;525,3.7063678325521163;348,3.98258430783812;577,4.070584144508821;461,4.955974194280621;153,5.0953180483438345
616,0;441,0.16127992281103198;847,0.4180888912676611
738,0;108,0.5435153443242692;420,1.3903294952774754
975,0;788,1.5177300827462683
590,0;714,0.01937955387031491
1009,0;628,0.5022598328163158;595,0.784275989609354;68,1.6852925657115352
888,0;343,1.7467389607096842
844,0;824,0.10202683179963068;430,0.020609198962049713;896,1.4527831019469528;372,2.1306173403309563;245,1.7514122871927125;797,1.946531070872372;961,3.684746753508504
325,0;972,5.551981053086853;974,9.137524058663633;512,10.364690515226835;448,10.553610144926571;190,14.363357074707082
789,0;173,0.06785982158453407;77,0.16542832518255904;603,0.22794154677568854;186,1.526790564478453;391,2.319379217054358;64,1.8720920087455888;364,2.425886265436141;227,2.5741227967461286;556,2.447397563540197;983,3.523481914624047;617,2.6189680391542334;28,2.9269081805105
577,0;153,0.06515744780010146
179,0;796,0.34491172475237203
500,0;150,0.412282690842959;876,1.0097582438437014
413,0;479,0.19219948444032162;959,0.8556478277409272;363,0.03189678969646174;296,2.943726983221393;384,2.209657078681455;240,9.563463610865885
123,0;334,0.7664347180140323
236,0;551,0.577870574952503;641,1.1754696940726816
476,0;802,0.24308334700869955
300,0;410,0.4254896353453754
661,0;78,0.10971103067379093;1020,0.11041680687816714;270,0.31503651659336274;349,1.0110594964411606;924,5.000301152805689
435,0;849,0.41134240565531166;999,1.155481367053994;533,1.8682471860600418
73,0;520,0.9279359847646349;536,1.6056092807143316;77,2.3147526848602356;730,1.8854273296887;115,3.03393200482974;603,2.5361556173374504;186,3.8198004573081272;342,3.791346160743469;853,4.73004158533938;391,4.875658773547967;617,5.648550503078325;212,5.529516276889531;364,6.209904852093677;556,7.00375638427637;983,7.205906608907876
711,0;985,0.6874769120745149;500,0.72237742571558;150,0.8369492072662221
122,0;493,0.8379943235872871
570,0;151,0.4189518339808652;735,2.086966803691356
92,0;93,1.0043015253835867
608,0;317,1.4554540716238502;274,0.9811922439886968;774,0.9745861066687398;963,1.7481814671316958;855,2.8819867515554844;359,2.429681562743451;20,4.775112612212645;837,3.4647474587094873;133,2.8504122151583116;758,4.255688531790861
867,0;649,1.9244901253272557;694,3.391382178662324;864,3.0941470759844663;977,2.2887137882048116;680,1.9520321763173554;742,2.0876239626400426;621,3.2920452925358195;939,10.371105727324295;385,12.31504155224443;25,14.915673767811901;989,12.370008989548381;784,15.476457012033864;834,17.244208374971056
465,0;424,1.3194687028854228
63,0;405,0.41661338892609834
692,0;536,2.105148483415168;730,2.8805387859841742
764,0;326,0.06355422017616552;319,0.7767789132013813;142,1.2374085909386485
962,0;738,0.0790698879261861;108,0.5943209715356794;420,1.0750230882618947;816,1.2989120144876514;28,1.3369605886412252;928,2.179444476757063;423,2.836830386831697;53,2.180582248426941
929,0;919,0.4010007278420553;884,0.5942292607359191;988,0.4484976278959967;1015,1.7841207143996085;415,9.572426636770519
387,0;590,0.5970787343828673;714,0.9746566397181979
682,0;312,1.174780138579383;450,3.08617329645803
295,0;300,0.5980457383149532
90,0;341,0.3113659989856187;262,0.6339364589659328;993,1.9544509416022149;942,2.3440824680004324;622,2.0529445253635776
635,0;148,4.0281733846031695;112,0.2751207946804182;574,0.1878678683878037;308,0.9184780670632084;413,5.701614065873809;479,5.8305580695058445;959,6.3147228647268046;735,6.126232353762765;155,7.533827117105464;363,6.124039668688173;206,7.220979884880356;296,7.220780641263584;384,9.131073654710516
240,0;815,0.7998357069713258;415,0.8784123389235103
923,0;87,0.5733183735934605
41,0;343,1.300409656724013;903,1.8496736300482046;800,3.33842507013373;216,3.521708820702986;906,3.7087222458118023
471,0;415,1.4399018657772111
63,0;48,0.6441566870794226
713,0;382,1.939912327118692;577,3.7952697653583995
773,0;990,0.04542630185513097;56,1.066447012110327
468,0;631,0.35603015900567625
381,0;227,0.7198507757032175
541,0;449,0.2661430555960545;261,1.5264108221932802;94,1.6751418205559183;126,2.4730132804418714;109,4.837733696679663;748,4.994557820550205
832,0;784,2.553333616318919
503,0;431,0.6024791142858784;441,4.8074630677752594;582,0.6898650843954985;286,1.360901667269642;133,1.6708824484815357;116,1.5562108955471752;371,2.363916623620862
120,0;767,0.4356531396181313;812,0.6446277397845237;271,1.3811852759190146;823,0.6659895824393034;506,1.2024621210666173;826,1.3430285075615114;677,0.702800488924819;804,1.1601581670796883;46,3.3538152618522963;68,1.2475882953977249;324,1.4644595118301584;719,2.3727230700148905;891,1.450960105997278;458,1.494362584776091;927,2.4050277086864082
186,0;391,2.7359003827942954;364,3.6844725793854636;227,4.050927247015621;84,7.142623163415947;556,4.252170608292614;983,5.2048704851149195;650,6.04753829629366;926,7.012509042035024;309,12.842921659252074
904,0;123,0.02811632051821976;520,3.5717164351724673
219,0;278,0.8844274642335811;880,0.5728798522497428;733,1.3185281779444535;182,1.1739940555291404;79,2.0482958255664463;940,1.4817041376034816
620,0;450,0.2975538636995593;588,1.3654731678169953;934,1.096149828209107;467,1.8216302518208467;276,3.851019702160513;86,5.339142820525236;537,4.403194269570927
143,0;335,0.10962237030616619
633,0;702,1.0476634242797573;590,1.0720182944927832;623,1.2971484141213514;599,1.4221461173899306;937,2.3236207095201307;134,2.360732758775302;573,2.5480681728000834;956,2.6839908424954255;429,7.098959229250312;422,3.61648039912294;133,3.648663447064809;71,4.9144642751272025;166,5.808896092609862
188,0;804,1.0595555718363197;121,0.32388778599852686;37,2.5771515082611542
164,0;392,0.9951102551633825;555,1.4305373716949696;423,1.1624139163858225;103,1.8698838877548047;398,5.5024722364128005;243,5.668017878533965;351,6.016912717636186;991,5.9970202466856;886,9.132987244233133
161,0;96,0.17893333316750845;572,0.4224482911658701;297,1.5518446125746785
438,0;789,0.26210507821014123;173,1.3170431940539546
915,0;843,0.14365572065043125;719,0.253659587464624
465,0;424,0.004392861322297872
1020,0;773,1.7980557979859253;920,2.473425690352495;56,4.286417008545381;836,2.7092174884827087
257,0;24,0.390388205172653
845,0;272,0.44135016040666575;342,1.552905625109339
328,0;822,1.5660782704274494;41,0.5980232697434553;416,1.8824696435604409;343,1.270901594364918;903,1.6635624784646053
1023,0;626,0.4440015215863368;61,0.5088109000731543;388,0.6848094958327053;985,2.323445569290957;365,1.8708852542942467;500,5.701944875025717
476,0;802,2.676414845189168;348,0.5976257785919975;461,3.0166852390871735;984,3.816774084708622;630,3.8857604747147363
736,0;316,0.366957740704725;704,1.1055848226950828;878,1.723636081104686
379,0;272,1.5135533573793065;669,1.5846044538358721
459,0;757,3.5447896223524076;121,4.324508788117891;37,4.6133123927323245
795,0;401,2.7410811800692536
396,0;286,0.41938237444791493;133,1.08214512947296;129,3.0123144566587365;116,1.2553462664458999;371,1.3583090684106094;672,1.5973533327481828;75,1.5972148496693395;150,1.9662551749727388;789,2.213121218549162;876,2.6977094320859045
325,0;972,0.2407284526167311;974,0.38337897350420713;931,2.4498820497877696;512,1.9136167354332745;978,0.640290486850711;448,3.1736654222725758;272,4.149723603624471;485,4.5425534380905335;620,5.9723784576224865;450,9.751016527180525;588,6.394602909528206;276,7.249286138985626;86,6.566017711172442;705,6.730675953194025;540,8.557635997798473
464,0;548,1.6963788539203508;495,1.9205599935152953;993,3.79758853440541;752,2.6907845441988147;436,3.191500431006923;578,3.981768894357492;982,2.891759977436371;668,4.478651354919716;334,4.519253070347287;566,4.548428765649593
180,0;820,0.4682163084193495;6,2.5509445442247753;857,0.7979525631942066;403,3.757827052281473;558,3.925917656722202;839,4.095377063728175;901,4.68792421421037;345,4.4012284117489875;98,4.880990226560153;441,5.05050753488531;497,5.507151255508786;565,6.598684164127382;914,5.328735376539586;253,6.671497341963288;135,5.3544325274654145;496,5.7178995206736705;197,5.50911767425216;600,6.518515326448364;353,6.8710207913569725;812,7.7731552090138;818,6.91057512755142;23,8.897884125981996;116,9.97079184347133;323,11.491919925860389;672,11.616776499070387;789,11.99631353980612;203,11.861401735231812;211,11.986824708757993
1021,0;231,1.6422415843547375;200,2.0303345888575537
791,0;200,1.5641055317269197;941,1.6934910566163224;128,2.8111800034189556
738,0;108,0.15608466894110204
496,0;353,0.047182073089062644
590,0;714,0.8474490423159351
1005,0;848,1.491111638665475;356,2.22272921901402;788,2.2887930094636464;957,2.7386403665430543
190,0;369,0.3393735490519348
734,0;29,3.2454771400366242
912,0;285,0.39365077640303714
68,0;719,1.6590590592392072;891,0.5863341734582594;47,1.361877547631182
539,0;843,1.4040002185451619;858,2.1758298448540234;719,1.5772650127226902;924,1.4703979930951734;30,3.1461381313675316
820,0;857,0.8971356131052438
238,0;740,0.2756549994837814
859,0;620,1.9033549297203167;450,2.2213991915386573;588,2.24730514413157
236,0;88,1.2866850693763356;551,1.4441897417914948;914,4.988205418762075;946,10.858018805061366;866,11.039648861381261
666,0;752,1.4396918686946714;131,4.856712571878758;982,1.7012922305472225
346,0;861,0.4440888134125325
619,0;277,0.04786465625799583;576,1.6850684220919245;560,1.7219340849861144
43,0;721,0.4479193039713497;882,2.44409780579285;113,4.75042198040393;760,6.773832158722568;105,4.969261591286096;50,4.968776333216923;920,6.968982897118458;836,7.115934282675214
610,0;882,0.5225018739480201;113,0.8802129399082673;762,4.932787501300212;760,2.7078837708206542;105,2.2209067572499133;50,1.6355975531507616;920,2.9063934810728353;604,4.460610506118693;51,2.9699394834671753;271,5.28549366606938;611,9.395344412531454
228,0;415,0.9942500173208424
224,0;1006,0.09383863589067638
954,0;890,2.3919268174510377;447,2.19133828362154;643,3.9126164477304695;812,4.200945031062083;339,4.358664423556204;219,6.7832016498867995;826,4.298162600467904;677,4.40643600751308;134,5.129653810694747;143,4.892353337922174;463,4.429273961097224;602,5.608333818792412;246,8.770013841531295;526,4.9594446158385015;335,5.042135326144139;742,6.855373936689566;382,8.381851430658365;956,8.42829819325529;429,5.367454203866964;571,5.242586020665328;270,5.1353197999702624;880,7.009653194563654;733,7.127948484666758;927,9.734755407371745;133,8.820397277933846;496,9.49899826324095;74,10.290932751447308;289,9.879967450166262;789,10.28776736126283;327,10.528423006002434;68,11.200425485640626;354,12.406643579474824;57,11.109172443103077;719,11.629541292515915;413,11.678184661016902;479,11.870718173375884;735,15.58977844822545;363,12.009388741703264;480,12.978785602313495;566,14.982426823978752;214,14.066774052795948;720,18.543271008123206
148,0;413,0.8586810527960062;479,1.3727358327011454;959,1.026567647335858;206,1.6231815028802286
567,0;584,0.40580464425683055;491,1.284294090033331;160,1.6609448453407731;822,3.6090624247197587;854,4.410328710211966;720,5.263066304888416;104,5.76003084675995;704,7.1495371105526235;452,7.247131744953197
837,0;758,0.011593198988283942;210,1.3623661974921601
445,0;414,0.7543917040402086;278,0.6831684042128903;182,1.5748624962123872;458,4.7537076636096085;79,2.122819304704427
754,0;416,2.053806225759694
702,0;623,0.016337042679028434;98,1.066675604661087;698,1.83552420988601;937,1.5824266291256592;914,2.5662273349690903;253,2.6296773741284554;514,1.9183192605629371;481,6.213846307390017;384,2.107084635654089;74,6.642760902769107;999,6.931231880611267;68,7.744283977589464;354,7.818639060957406;533,8.204180753953521;719,8.470284364298022;891,7.919872302294972;566,8.681421342890626
539,0;843,1.5761940194073576;297,0.04578726531743232;924,2.6893282039108275;30,5.310540159740022;490,5.608722516970398;573,6.465063402630491;430,6.469619733610488;422,6.883866894676139;974,7.500836336837644;896,7.452270636575172;71,7.043142273509926;166,7.335983503199487
639,0;501,0.11423064849603687;757,1.1249915543253295;247,1.1705053333335407;551,2.0019801849117647
871,0;921,0.20729986154733482;362,0.935555715796263
559,0;811,0.40275035156519307;651,0.2807200871630402;534,0.6435766946228035;1022,0.7619661698091965;577,1.0006061381494356;153,3.0580434855598915
704,0;878,4.585244657483585
638,0;501,1.0338914494648161;757,3.3942918575048835;247,3.7147651650821687;806,4.352631861858714;121,4.322459436563735;85,4.769975755024149
170,0;119,0.6536592293769724;666,3.0759336896287635
27,0;918,0.33030038621420676;829,0.42031938708755523;942,2.241892589003789
123,0;520,1.303086285600682;121,0.833359275797565;37,2.5384338088031297;536,1.6682565146473403;77,1.4303343869955771
487,0;498,1.9696426998601462;784,4.185878672645455;652,4.475865839801861
247,0;551,0.9659579177770927;43,3.5031231051612868;641,1.9312241833466315
934,0;258,2.5090077036987304;467,1.5147833392832186;727,3.291235181083707;530,2.7080898933210156
42,0;779,0.7138406601629773
756,0;92,0.681890288546416;93,0.801821784264398
271,0;611,0.41541661468070323;527,0.6910147456729541;711,1.4462236771935848;985,1.96812965274587;469,3.6465329392083605;540,1.5418590898272848;862,4.251474973891131
483,0;738,2.8961740068076254
674,0;265,1.3468797524072125;580,2.6866941026721163
615,0;359,0.0654222731995309;20,0.9139326149759387;133,0.15437929549876567
67,0;287,0.7038360689408422;412,1.6335739607540405
985,0;500,0.39150376420034866;150,1.4316722857738924
620,0;450,0.8099139550689455;588,0.6326289827298969;276,0.9047183511443014;86,3.3798725874074607;565,1.2800991924016978;537,0.9268833229020065;812,1.972744236799072;826,2.060192355759354;677,2.5990884970945953;463,2.874212315879735;246,8.284115060973635;173,2.8840683904154623;77,6.210902775121433
148,0;413,0.6104751938833864;479,2.14114587141143;206,8.172581567663109
429,0;126,0.0010732675118852498;81,1.0260945527461274
196,0;18,1.4948287961452293;337,3.74256192752095
436,0;684,1.6028232693781153
347,0;578,0.01195902348748185;373,0.08545862320953211;643,0.7539446627712832;812,1.2025687272413355;826,3.766769248953853;677,2.5528929669500773;463,2.827450089000126;246,4.35714318148749
573,0;422,0.45647307263775494;974,0.6393501010005105;71,0.7888164185659248;978,0.6729702811825617
203,0;211,2.424697367507902
1021,0;231,1.0817232592489665
772,0;530,0.1949119918643878
201,0;406,0.07257406234557902;335,0.5719718768818068;685,0.20059139606344084;470,1.0369489729506363;278,1.1063228623281134
43,0;721,0.15050481165643786;882,1.8661717057391467
693,0;796,1.4085290057670348;782,1.6559152071422198
188,0;804,0.21078031233767866;980,1.2021448475683716;393,0.09943852217072313;59,0.16881218102575352;674,2.2289824181703697;542,2.399606613961151;250,2.24093585075303;285,2.8156029448139344;107,3.358142602527386;915,4.982253631757634;276,4.106951122544626;366,3.397835010736431;451,5.06444208982558;537,4.286082448055714;843,5.588072317305951
790,0;921,1.1869229209452812;498,1.1237523429110314;524,5.262135299325015
728,0;601,0.24733186410056698;481,1.2949087300237687;310,0.25389362667706655;81,4.454019869232365;74,1.6893177667616914;999,2.095989264760135;221,3.708234581054303;533,2.54231416817475;525,4.608732129584049;782,4.82765480303211
742,0;891,0.33416888144647866;47,0.8909378243284294
343,0;903,0.1376807605418112;779,0.6173613029045567;973,1.4839886790888945;800,3.296316438110663;749,3.1581910543870513;1001,1.86327096492042;216,3.4164952515538998
888,0;343,0.7148916806986381
752,0;436,0.6822252326520942;131,0.8413195426131393;982,1.6397254433841286;684,0.7207341614386603;373,2.383077330118091
187,0;724,0.29999678754037107
906,0;457,0.9962416928785277;32,2.5106657114352395;562,1.77249108818088;525,1.2828719333670597;782,1.413059618228649;99,2.0102260528238265;270,2.009493170966023;949,3.2388680532502856
843,0;858,1.0328355691014244;924,0.523710055741312;30,0.7736543936203781;490,2.276333535160836;573,3.3485673075128597;430,3.2999547419139077;794,6.6047003443749865
14,0;659,1.5616321154844741
14,0;659,0.6609130873954007;961,3.234211338398312;361,3.270719223957973
648,0;867,0.025577503779229134;649,0.47304280245062735;701,0.26063612829782284;680,1.1591255885960918;413,2.3673899834953898;401,1.8615698536935505;479,2.61637357395902;959,3.3062799960400278;155,2.6837255572658694;206,3.477297889924606
41,0;416,0.6733942088678051
74,0;354,2.269144150939955;880,0.7084174285619336;733,0.9648013469748171;480,2.631250895784107;566,2.9372842452414387;842,3.08142815306796;214,6.182924428195639;277,3.477442660409255;576,4.009873179207799;558,6.898384140916113;345,7.3052718516526856;497,8.634266732981814;197,9.23601006159173;722,10.0568993520292
116,0;371,5.6762912920471535;672,0.08139583077550074;993,5.701154440879422;75,7.421235987318645;668,10.291033163355955;334,10.615346945622205;566,11.088234078472547
590,0;714,0.527411611617602;105,0.8796638717349929;550,2.1390053044217128
476,0;802,0.3865485173967844;348,0.8215673306816257;984,0.6407279698888452
1014,0;787,1.6918679168032535;871,1.843827562643255;362,5.022626089736367;290,3.296931980106314
395,0;527,2.8204579779824455;74,4.320014125360583;68,4.569907714870178;354,4.324947103362029;480,7.099171084105289;214,5.712615385500276;719,6.353714812093876
947,0;735,3.0809155504603662;64,2.399732349266536;139,0.06459728666488691
67,0;287,5.5583319300905965;172,1.8236025804853804;871,2.2103672409713626;371,6.3042980444053764;921,2.6233966316651416;362,3.844615995971524;801,3.18438058322163;524,3.477120387724443;689,4.7527018999979544;901,5.125916902623609;323,5.128016880340651;565,5.211618971182603;993,7.222024021149271;668,9.025933854117767
233,0;477,0.9741219115869386
603,0;186,0.7749660792351059;391,1.3903135289830488;364,3.068298218219672
729,0;915,0.5352438992538382;766,6.056641174090975
512,0;190,0.3017586898811971;369,0.5924160020281524;955,0.8503307369416808;653,0.8743815214769788
502,0;404,2.6291933195668515;144,3.251739938313499;644,4.691122709296846;359,5.272997352057676;20,6.497432571842819;837,6.38948181796942;758,6.674038905329779
773,0;990,3.0592892426158405;56,1.9073342243082718;948,5.100368544982912
556,0;983,1.830921480407376
795,0;401,0.5308409307926206
823,0;46,1.855040681987246
807,0;750,0.6952799172720967;289,1.107519141587154;327,1.5463473424631506
554,0;973,0.8628813101494842;749,1.1468053922925525;1001,2.4557879547193195;344,2.031227719725016
204,0;330,0.22994072444425034;642,1.6371285106917761;311,0.5072303070579363;315,2.1387818814043693;946,4.515730430610147;622,2.5319111995291337;370,2.917097682979626;866,7.01727078163837
755,0;679,4.614473883095259;780,4.987247597023071;23,4.652562818068102;886,5.460554098060892
913,0;372,1.2388802712353697
614,0;992,1.2095344673774404;369,1.469768946902024;653,2.7411875782112185;39,3.0108478292084895
369,0;955,1.4542669628805966
474,0;391,0.2497295405947968;364,1.91614803947928;227,2.4566311866069883
374,0;671,0.6627179199758693;399,0.03281192768413193
16,0;742,0.021491460769647943;891,0.0683595235530887
400,0;950,0.5249221409925637
33,0;875,1.5367891519047683;702,2.128130686590091;623,2.6650980933889414
853,0;208,1.0757292920038768
928,0;399,3.847036116904949;642,4.131260590295656;370,10.83109768603985
726,0;413,1.215836186253586;931,1.005449022207812;907,1.3450835895156577;479,1.2880421461343783;155,2.110363378070189;249,1.5986909714911637;420,2.770903178777578;310,1.6030189576546099;893,2.78201252311636;816,3.8366380925590153;146,3.2756353975123917;935,3.233324181990833;30,3.181754514603656;490,3.6238732612563047;272,4.518738186153224;331,4.1609414768025275;430,3.796981761542403;896,4.813817687462832;962,4.208825091216388;41,4.327274858121307;738,4.342336287705311;416,6.452489529888105;343,5.385341637491809;108,5.408998690661706;245,5.404724120644828;903,5.7593853790258995;973,5.760633183977527;749,6.0795452890240975;1001,6.090625260062605;344,6.2372936111415855;687,10.10656116964079;410,6.634648351045969;439,11.475123425911441
425,0;560,1.6056420737965122
12,0;301,0.7549585847890579
275,0;329,0.2935463148797669
177,0;14,2.0635361888159895;49,1.4568065616087593;659,2.954653169943004;284,3.5605026068802874;925,3.9549471648636962;1014,4.555283616329135;322,5.471293722367451;697,7.98062202920488;204,6.545095432195804;526,6.596316800807639;651,7.083250113724956;382,8.893703004230089;437,11.484075476841895;325,8.373077388926;972,9.718834353303828;974,9.796414533226933;931,10.487382946368482;512,10.112027309205462;448,10.483486368874729;190,13.378505344475041;272,10.65781731714841;907,11.22096757744034;249,11.861544696649691;337,11.977203461087973;738,13.480016603645737;310,12.186786919801799
590,0;714,0.4992941405693049
84,0;309,1.7890033191183154
581,0;240,1.0739308035327406;424,2.1105883781801857
983,0;650,0.9687222942538;624,0.6368274496661435;824,2.147217222289637;594,0.656817133968725;274,1.0695715019495107;469,1.0526186428372866;178,2.7048472005750925;862,2.916251380537501;372,2.2699600579090515;962,3.891787604924745;487,2.791371324622703;195,2.8750342991825586;738,5.909398990541673;108,6.152080628690456
230,0;174,0.038119323755217205;75,1.290008307324659
677,0;463,1.0296645781116858;248,0.5803835768619681;246,1.7556082178045578;526,1.7301880596766506;651,2.8542681067190143;688,1.8015831547564025
789,0;173,1.5182298928274074;859,2.0921487857232455;647,2.758795409159914;476,3.4341518326964824;895,3.7725132944742414;348,5.278364716181312;250,4.794804078732992
478,0;759,0.6048714618405843
177,0;14,0.9768427575035592;659,2.148324030642354;961,2.915222244900343;284,2.9459789531973706;361,4.4636917006023165;925,3.6092479080824216;1021,5.143227977425755;535,5.237449529561033
1005,0;848,2.7901035770635234;756,3.957608413223302;712,4.3716564754060085;92,4.948362707994516;93,7.242237150714185;964,8.915849181705601
906,0;457,1.5173765059418114;32,0.7006492281603537;576,5.720539891858861
137,0;74,0.8407754512342428;354,0.9470121462152182;480,1.5307742667038329;566,1.1863276588164187;277,2.6119787229540714;720,3.1102415378111896;576,4.165538159447671
19,0;117,1.2543495215478009;473,0.9928220075129012;181,3.5489799570364626
1009,0;628,0.04892838798266324;595,0.9232419674445881
878,0;1008,0.1180868306612205;681,2.607164516475076;217,3.4057880258287985;192,4.084588985224808;987,5.8463212391100265;932,4.537201152718935;462,4.420914105459197
466,0;467,1.6333015377781686;618,1.79065690977285
776,0;167,2.5068595510141254
503,0;252,0.87642639126301;677,2.033807445498125;463,2.4551640321598187;602,2.0370083672274197;722,2.881445325369333
611,0;354,0.5353736430800708;527,1.4829650639581085;711,0.617681250493311;842,1.51307083541931;469,1.322255574007721;862,2.5347282443176815;776,2.8727220948413668;395,1.9408412483273942;952,2.1757801136106694;27,2.2278304007361567;918,3.203310595798751;829,3.2767795498722494;167,3.114366205700525;723,3.209059581386837;20,4.003379936227147;942,5.031337816783646
884,0;1015,1.351492378241633
574,0;302,0.591463072690466
555,0;103,0.11349564403463899;398,0.3454183278221762;991,0.6477255522905344
848,0;350,0.7449351278771557;756,0.7028563513728119;92,0.8324197418870661;951,1.238247003636051
368,0;646,1.5733386567707435;451,2.807862693693937;171,3.795988572384618;301,4.550225679451804;951,4.417948056618584;472,4.742921748123759;703,5.030696652864532;600,5.488035345311975
286,0;129,0.4309033746031243;222,0.8979768117667761
350,0;951,0.8065721318471164;476,0.945675206122775;802,1.6209405002501258;984,6.240565497195984
797,0;961,2.350744137239023
301,0;472,0.6364802880904671;703,1.3153367297466623;600,2.4285164388725686;880,2.105656272038739
179,0;796,0.2439786098279068;782,1.2072800108576394;783,0.7833790545633215
101,0;416,0.6916235559209067
468,0;800,1.5827886451034532
434,0;582,0.857634380453592;286,1.0653993116405933;116,1.149958873018486;371,2.2610544382685487;672,7.623016770740425;75,2.291044584290276;150,3.19450664006352;876,4.538859767913016;789,7.653523320328374
392,0;423,0.4864780875294833
770,0;230,0.8763209747138868;174,1.0389545308097023;75,1.7101208208156626;150,2.6923126956121295
464,0;73,2.5500862890355505;520,2.695930341253356;536,2.810415510503128;730,3.847656412411911
802,0;984,1.8078026913896557;115,3.2228330877880973;808,3.0800526706626545;187,3.389195256918345;342,4.290873380071386;449,4.491526108822139;853,5.888647575571832;314,5.964839017999226
655,0;661,0.28509713256390834;492,0.032419816996477946;383,0.5949898472402866;78,1.1410796771564873;1020,0.42655146748255235;773,3.025805573411809;720,1.1990285567067227;250,1.8993245463680213;777,2.84636015666032
137,0;74,0.19841427956400404;68,1.4112186485303622;354,1.7091225170248165;880,2.42324533856821
444,0;372,0.5945405205246865;178,0.13108579996941228;962,0.5682468969425618;487,0.5907327308295984;738,0.650612281777009
204,0;642,1.3628101123171392;526,0.3149679428853595;651,1.6972239433729268;688,1.5334362341300147;382,2.5627634032689945;370,2.5862282548331934;577,3.02752501005291;927,3.764422437292284;153,3.367733415277035;74,4.66995327269019;68,8.828085259386153;354,5.178502617501044;480,5.940401135036155;566,6.0900213951986935;842,6.634048843902772;720,6.240076824910278;877,6.319443083610831;891,10.887635882193505
581,0;240,1.916971697472183;424,2.0766818642755944
774,0;963,4.207169295870408;855,0.28950326536665894;359,6.006161997084243;20,7.525749453441732;133,6.007068869957825
864,0;939,0.7290015643471329;700,2.956674122594946;324,3.7367351577883428;462,4.168900820219526
680,0;413,3.9856695434266793;742,0.19240325867468439;891,2.1572760496067906;959,4.526173434877727;363,4.4293933288020195;384,5.744931412836441;240,5.853467711295091;424,6.525506419103609
938,0;633,0.17688134658557847;702,0.7492909912775791;590,0.9988329831978114;98,1.9373669260523014;599,3.109693338996403;714,1.4680885578095766;105,5.777870736502875;253,3.116718318617874;550,6.611056179238069
364,0;227,0.39610320270392535;556,0.9002596113733048;983,0.9967702244692896;617,1.345902151163174;573,2.49167561259805;650,1.0844802507903677;624,2.360127393213586;926,1.5106127346287046;680,2.2026976672300456;413,2.661581719358775;742,4.273535218403037;824,4.537676870260508;422,4.107878599197335;974,3.8121191296421175;71,4.220981883631437;166,8.142407449414844;891,4.849688371037062;47,4.998629029902189;17,8.305194787002964
557,0;660,0.06273039456212577;931,0.13925480522221168;907,1.1698896411278268;249,1.193090742468144;420,2.403307108236447;337,2.0118855485180314;175,2.0760270658791686;738,2.294593112223356;490,2.141350945839357;794,2.200077470858035;573,5.415874311064359;451,2.2693882492088626;100,3.8753743265526372;108,4.0598211054211815;28,2.6762984955943656;974,6.550816470502321;512,7.304420241133737;448,9.04023055210559;373,9.125512338162032;643,9.57030617020509;339,11.95581624677941
392,0;423,2.2072616110874503
764,0;326,0.4926494302264571;319,0.6626681853486358;558,2.022263916675259
834,0;761,0.41902100031009654;34,1.6603751909660567;170,3.1994799963524168;4,2.2413781424607047;119,5.820071312637827;666,6.338025202613892;752,6.54509594988454;578,8.347495362977007
510,0;809,1.0175740803731115;237,0.6417056606262497
382,0;927,1.352537406812334
55,0;7,0.0460717521196902;398,0.668443581060812;61,0.6233148530118507;860,0.06631600702095718
841,0;576,0.47919732093434647;855,0.4408777844464699
430,0;896,1.0519131933054306;410,1.6650783383985166;245,2.534401466908491;739,2.708937178658365;705,3.1927108640523194;137,2.8711066640291203;609,5.3399459222059615;74,3.442544285327191;540,3.2436137156785154;68,4.3325365633646955;354,4.553569502569772;880,3.7393680578115096;480,6.722772596031046;566,5.5582065279551705;514,6.228860547210504;720,8.064571143436007;877,8.255407120346101;909,8.312344385427165;353,8.388066028253927
151,0;735,2.236727207162088
186,0;391,0.7762204698458792;64,0.12220807791096998;212,0.9340820749448628;364,1.8069459712246057;84,1.9375336391599214;556,2.63595382775405;309,2.0574280010825636
846,0;567,0.45785482829276186;584,1.689100827643563;491,1.7252721114866785;873,1.9867050727648352;1012,3.164852816297305;360,4.20130576579525;422,4.521910264933195;2,4.48321549418262;71,4.580782582643689;166,4.918819406759501
526,0;382,0.14344392354200508;577,0.49476092194866483;153,2.492943362595353;595,3.534826915530646
544,0;115,0.2734062195327265
411,0;158,0.4108999975626223;476,0.576229798481978;684,1.961629795357426;848,1.7679701306239393;348,2.3909157126969207;356,2.382741266367047;756,2.3425007194508622;373,3.2069445489724027;581,2.2502089790934274;240,3.4832625927181704;788,4.194294310917359;815,3.8652946274318034;540,4.864332682067431;415,4.44600934756884;886,5.056617662717066;957,5.331003253317716;1017,4.210767675437732;494,5.427708109743779;531,5.576207689786295;533,5.962818917663303
146,0;331,0.059952285628860874
283,0;817,1.0536032060922005;966,1.3528665052713071;431,2.9583199931901474
384,0;240,2.3976954374001562;424,7.904489787027986
191,0;939,0.1428908081782238;820,0.3025509570935543;385,0.41847843315005884;700,0.4092599008133675
509,0;285,4.8725235135351355;758,1.271115708318658
957,0;494,0.1516097923682315;642,0.9532230051380456;315,2.9864948298839873;946,1.2895455782282412;622,2.1769441459049856;370,1.5318593442563384;571,2.1763051323094973;866,1.7205530807790834;224,3.0275973098118296;1006,5.296111972581452
265,0;462,0.7966248387856079
787,0;871,0.5190190935976704;362,0.608448283553583
205,0;533,0.7237486878311065;895,0.21517212735840857
557,0;979,1.2466395156462118;931,0.1428807777938081
929,0;884,4.764730872406951;988,0.30761454910006447;141,0.5430109203038028;266,0.8633111614837694;443,1.7192422815442328;650,1.2140744583053484;1001,2.7831273563525283;926,3.6048018261680648;1015,4.780646536221556
1002,0;680,0.35686680681724264
765,0;300,2.0897400833053283
164,0;728,2.1441834950527316;641,0.4674824446966316;601,2.1624247821042357;10,2.6236448288952694;310,6.143440647614053;294,2.9899091101390742;81,2.57887521839262
820,0;6,1.037477594882125;857,5.231402760790788;403,3.444012017034585;558,1.8399399825263991;901,4.142115652811077
927,0;74,1.07546604555319;289,0.284797758654328;327,0.78245913355377;57,0.9482240449251967;782,1.91429171939241;354,1.229943711777346;566,1.8215013158581626;214,3.288030073349534;558,3.501477719163415;345,5.383841555217806;497,7.550778211315282;197,8.737824645062299;600,12.13689862244363
890,0;643,0.8824668031381667;339,1.8508473382265622
768,0;1015,1.8553413248564494;957,1.9456542634770562;415,2.6138732637084763
144,0;644,2.148454980444089;359,3.726575823802902;837,4.821104167688328;133,5.9975012907531955;758,4.896503571862534
379,0;272,2.3214956521352;669,0.8912468245345114
29,0;296,1.4539711106216664
870,0;232,1.4747402697107563
943,0;939,0.8536561115809201;385,1.2630250689574785;989,1.720142967455118;784,2.318931050052841;834,2.432921641054427;652,4.166617843747449;761,3.4879581075885073;34,2.736980091971708;170,5.2381990318463485;46,3.622994401696407;4,3.597126684453187;119,6.917374765235033;297,6.397829397489709;955,6.688898702336858;597,6.441061395974617
116,0;672,1.3363473376263113;789,1.8968290673181283;173,1.9402832738647176;77,2.1921552262665687;603,3.3570790408482383
494,0;642,2.026413614807106;531,1.759555158094382;533,3.0557023302437445
559,0;811,0.16861330051096518;817,0.542902139646833;534,2.1816819503166363;966,1.3006220324584192
954,0;890,0.5399347590174487;447,0.16181526781229974;771,1.0892771490181723;643,0.8972252412502262;812,3.360564791551096;339,1.3387844954440689;113,1.6703278732494016;219,4.21471214499135;826,5.418679058800656;278,6.1871253402230675;880,4.339015185446394;733,4.441988690868066;161,6.82033054863349
328,0;822,0.4794521486830534;41,0.8687682051123671
233,0;477,1.347082147658054
962,0;738,0.7141364367652411
868,0;930,1.2329518835967004;79,1.202421118447059
491,0;160,1.3358087202863516;822,1.8122231824009418;854,3.38136366063289;720,2.555014694768179;877,4.9817991431069375;104,6.452690456094333;909,5.087671344235641
1012,0;422,0.32672016020970746;71,0.3886273196045474;166,0.41051994955381
346,0;861,4.181521009318924;407,4.2814234866566165
182,0;656,0.16996549226437105;940,0.1463362610436445;729,2.422825458038553
819,0;619,1.3910808190389536;847,3.9192782535255604;277,1.4331130621443082;168,1.5313936499222456;941,5.085433962624657;1023,3.956211564521745;626,7.391327371499501;223,6.5769660222308;760,7.114375682365169;925,8.117428640958073;388,8.827321438715911;1021,8.680214173360344;231,11.358177926476618
219,0;278,0.025822261494042875;479,0.04847527956629615
542,0;107,0.14640489126322423
177,0;454,0.3478869168151437;943,1.1002261206641213;939,4.804325180446628;385,4.953700651045737;700,5.173957608242569;196,5.065002651450888;784,5.988729099169353;18,6.258417124833216;652,6.223450048128628;337,7.212634369942908
728,0;601,0.8083937931323572;481,0.14772429392148714;10,0.3920132412960065;294,1.2068929674171893;81,0.8254447986613346;721,2.2936627223569586
545,0;221,0.11936210036549373
238,0;740,1.088540470345185
61,0;985,2.5036337436867324;500,4.2461727046957165
929,0;919,0.6210650399744728;884,2.7184911378472787;988,0.347699182054261;218,0.792380558185104;266,2.960415127234521;851,1.650660449154222;125,0.8999537325391318
329,0;858,1.465239987946494
684,0;581,2.0805901253983565
812,0;219,1.904579055592097;826,4.771335766835253;677,0.1703301115601731;463,0.5876011346536658;602,0.7911291056328248;246,5.421517777576973;526,0.6589496576098581;382,1.825824420764408;278,8.894339493088422;880,2.7773131614949382;134,5.413398567830295;956,6.947975610661139;571,6.0508282360008225
111,0;411,3.0640543992647573;474,0.4844552102653464
155,0;846,0.014161737974488074
590,0;599,0.1341057630092423;281,0.8923471592492431
141,0;443,0.20287324693625441;984,0.4138082702293673
692,0;536,1.858130124421241
1005,0;848,0.360356323655656;756,0.6457398416921769;92,4.412762695296163;93,5.016479449498398;496,6.77228064945173;353,7.196247952266588
60,0;23,2.625530109010839
672,0;789,0.1363879567985369
729,0;915,0.7865449985299471;635,1.7912907142044534;517,3.4126606449815884;148,2.4119870157826004;574,1.8379285859650085;413,4.059460300188965;735,4.085553512317599;363,4.131227402067606
601,0;294,1.5077385244632413;721,3.4702172441952452;882,3.7058219626648183;762,3.830106793042691
797,0;961,0.09406369903507693;361,0.5259899661257643
147,0;761,0.7377790781593144;790,1.9729124447473674;43,0.013874765641634618;721,0.4629546191070698;921,4.206112370288179;498,3.903158531072874;801,6.1278907128781865;524,5.382862450753617;689,6.48886131924306;621,6.760117169845374;901,7.111892928190835;323,8.126344292093211;565,8.24300027566177
484,0;236,0.01957050724738422;88,0.5017736284100729;77,3.8828658086724785;914,0.5930757879376648;496,1.5988224297625147;603,4.198406572210379
0,0;194,0.7178371912042302
455,0;94,3.127096823338769;294,0.3696481895729741;642,3.145181131980389;109,5.085693206496489;315,4.87578583073898;946,4.558331267749692;622,3.4917369258881252;571,4.973219935326592;866,4.6328033944544735;340,5.543604834549887;1016,5.186210373670847;224,7.27371089618593;748,5.743177121622461;805,6.844062979422743;63,6.944777646742896;405,8.733227244448909;1006,8.809801197194634
799,0;749,0.7540410238092735;344,1.0303013584327865;687,1.0839722103729985;439,1.0941947983635316
99,0;215,0.41740804680554205
617,0;28,3.2960082441699288;680,0.7314548078406804;401,1.2743308079693645;742,1.9557604746163317;266,1.9468076365023994;891,2.5311014987507465
977,0;621,5.12485635171024;614,0.27926571242975884
245,0;797,0.8645534768514013
435,0;849,1.4333518993110175
762,0;271,0.32995956447525776
917,0;982,1.7824577061164875
355,0;693,0.2290476804132656;796,0.5750948568991789;782,1.7469470809263634;783,2.029602192658845
527,0;776,0.39886125681989115;167,0.7174005267467674;850,2.0083876789265647;542,3.023712462411838;107,3.0828692406392535;915,4.424954107488912;605,3.3577382500702133;766,5.009165570052531
7,0;860,2.6867965036985564
96,0;640,0.20063104322380027
230,0;174,1.8456947374186865;75,2.511114309136048;423,2.8560621337750858
558,0;107,0.0944300890554504;276,1.1197739142551202;366,0.29635112832781596;565,1.3490802372146113;537,1.1298229571869276;812,4.171008448635702;219,6.619664282322256;826,5.360493458908748;134,5.369064039914101;571,5.463604915486604;270,7.391980333255248;1016,5.524243541458978;224,7.827997028308161;318,6.14926072313719;461,7.613770995320104;278,7.57585425147367;880,7.560115283910671;479,8.28178635133584;733,9.22851142957565;630,7.637875690040146;1006,8.948428856157935;161,9.557070363110313
708,0;94,0.08695976462062015;836,0.41988779855460345;642,3.04999382342186;109,1.7914264580587276;748,2.5900857960856736;315,4.192623814889;946,4.142948762943769;622,4.619470852750814;571,5.3067681548749075;866,5.067759846009257;340,6.138858411537518;1016,5.481391844044194;224,5.7942611520908915;318,5.6187265340799355;632,6.470533935082911
539,0;297,0.43906153504068207
586,0;492,0.5011049159628465;103,0.8683695652528193;383,4.55191192045228;398,1.669249470581672;243,1.772442259825102;991,2.3418064758331285
464,0;73,0.2292815672620457;548,0.8107305453326514;520,1.879239491330358
525,0;782,0.49994087669014275
606,0;351,0.430339695944661;886,2.9880766039045956
217,0;192,0.273825376893309;462,0.8675359118369165
95,0;893,1.0236628834537005;841,0.45883636798165206;576,0.5375491306148166;855,2.744536589422746;146,1.6361203341113604;935,1.460146786657906;894,2.2142412321805085;272,2.2909745364737604;141,2.5272956347362157;650,5.09624047205467;1001,8.61619930587325;926,5.283317908108205
225,0;342,0.2178804921994737;853,0.4120386166614069;314,1.1642663355288725;208,1.3790823281154272
448,0;272,3.6898794715240446;373,3.262669093258935;485,4.964480198520511;987,5.475518654296506;705,5.891841870947766
240,0;424,3.2580351742482905
570,0;151,1.9056115090389854
704,0;878,1.4676672183290567;1008,4.86925828942526
327,0;782,0.03225462931305543
228,0;370,0.6710788735600863
205,0;463,4.38481641709542;526,5.538045881147771;173,4.880839854502115;77,5.8481490506025375;115,7.1973922921174225;342,9.77667228385333;853,12.084588306811519;919,13.193395928536704;314,12.097510361542302
111,0;139,0.0023033213502062725;24,0.04795063682042237;152,0.5581861783364812
43,0;721,0.3701106307711704
78,0;349,2.614193655012661;924,1.667377853855914;250,0.14305933219001934;155,2.895250422028435;30,4.408874611184006;205,1.7167624044643435;533,1.8230578778493136;895,2.313542941492049;899,3.1412544972551704;511,3.7563239013521437;812,3.894295910020992;490,5.555762004167036;430,5.963417782822763;794,6.902389356618497;410,7.104362546550339;451,7.01744319902419;171,9.556512470025028;301,11.374534375735548;951,13.623375029604508;472,11.963455844884086;703,12.833711194281866;600,15.155910965313218
307,0;264,0.8692132963623825
721,0;882,3.6552908952900713;113,4.387566351146491;762,5.012385522202616;50,4.9741742741789565
380,0;872,3.6006294060620476
297,0;955,1.4790770237126238;597,0.2700202860113467
169,0;955,1.1860263241599096
14,0;659,0.4325435178508441;961,0.8329082855711331;284,1.5388468313462484
18,0;337,0.09593968267983821
781,0;478,1.9238661300701971;759,2.3718284941959253
364,0;556,0.3101177576013013;983,1.3397775411707773;624,2.0210609652582177;172,2.136069880580067;824,2.491316607893682;274,2.052156473015908;85,3.0589503670132934;371,4.631477634244176;372,6.500016853454557;993,6.113495250687117;668,7.144596719903143;334,7.8699956080163425
468,0;631,0.4524442656747389
716,0;511,0.47919083418458813;812,0.898738761508521
643,0;812,1.4876812839965674;828,1.025284315202823;642,1.4563431305826948;622,3.3253892539430128
102,0;711,0.47507461930305167;290,2.807733196263771;985,0.9563569855431022;500,3.3780289020065153;714,2.8254882128064347
837,0;758,0.4903317494273844
676,0;311,0.4307171700580682
117,0;905,0.3839071590102536;708,2.928591359391635;832,1.779159728115983;102,1.974437192568136;784,1.8425891597530006;711,2.6839824144002193;985,3.65589938165279;469,2.8907903211042;862,3.526153740665026;500,4.74955571328222;150,5.971691254665689
958,0;470,0.17704114713201224;278,0.7177553642713849;182,2.831119251490421;79,3.143977229140477
325,0;972,1.3365685303841794
406,0;335,1.8314956223413297;470,2.305258589515532
376,0;966,2.134803792849495;1010,1.9755096440326096
444,0;372,0.24183359288104092;178,0.2610488815523052;962,0.34311344814250594;487,0.5329075014853475;738,0.7491747586161119;195,2.2797230508273767
580,0;559,0.22699549706814018;667,1.311277539575031;651,0.9979019142067151;534,9.16558669629009;955,1.4237592604959914
837,0;758,1.2542397931404048;210,1.4213955293485119
71,0;166,0.7825330835768989;759,1.0357902547860856
648,0;867,1.1463616404263546;649,3.0574856419461707;864,4.21076997320581;977,5.106371144062871;680,3.085743160061069;401,4.502928991436159;720,4.8380643730894555
77,0;115,1.4373803007441543;342,1.8601887546453175;853,2.2576649263942765;919,3.673190902020586;314,2.9792313723967974;208,2.481092123411499;617,2.8817439404992937;28,3.034901790631816
626,0;388,0.6749986993289627
946,0;571,3.2769224114198825;866,3.552263528205838;1016,3.4011549326065107;224,4.7555180450789925
865,0;791,1.0016677816434358;61,1.013767417879474;985,1.709565793477471
793,0;801,0.919937200159924;689,1.3719363648400407;621,1.6336850879638163;901,1.6880398837937347;323,3.5028614429856613
147,0;761,0.42246586319262563
460,0;1011,2.521878757968702;606,3.5849239660209813;351,3.7406260390703117;470,4.106032994037906;410,4.4382020998293195;278,4.659025046985731;182,4.886606510301414;79,7.0566972256412495;656,4.930331034398483;940,5.233710636581098;358,7.141038228664117;729,5.513411439966726;815,7.853666719229866;540,9.105169529532562;415,7.877157551817102;886,8.19838611581833
528,0;457,1.6169164409033456;21,0.21027094773879726;779,0.7012993656485094;461,1.1789397126506593;630,2.7046925813996046;576,1.734887617380851;562,2.314265780924366
490,0;430,0.597111984636928;794,1.684981395896369;410,1.588893311903312;451,3.8049941238011002;171,5.684843509438036;100,9.851356927163502
186,0;391,2.5285003949975717;64,1.1616752228996834
491,0;873,4.280267768109538;1012,1.2894045578222495;160,1.07912092661005;422,3.3411780027821347;4,4.35059841930941
877,0;909,1.1555272733708393;261,2.36457469442433;353,1.6455699570010829;853,2.5125051562486043;94,3.5848687962403067;919,3.250669287624296;208,5.683311180658048;109,4.2476000380583185;748,4.937958807745684
500,0;150,1.489800492774207
729,0;915,0.97435997728152;635,4.068201901945292;766,1.2287714791498905;148,4.659260274999597;574,4.86529891363879;308,4.336835913365599
731,0;89,0.05681536118782928;470,2.1550030319647187;325,0.19559146766475807;64,1.9785290015232022;972,2.0801526142127376;974,2.3420069381206603;931,2.3172557904174114;907,2.760595011277131;512,2.5321265845916505;190,3.2201117931839263;420,4.350551434592374;337,3.712244819737869;175,2.9659512408854427;490,3.041426438561877;467,3.6502613460133775;369,5.406504846197571;816,4.535538592051161;225,4.393380527353368;28,4.582295739660066;342,5.933488887276782;955,5.706849259066828;653,5.5032370005456155
684,0;373,0.18816209642624598;581,0.7967037341705789;643,0.300216191448147;812,1.2978332266655395;828,0.7744408942217849;889,3.3144201668732713;642,0.9343154323076258;219,4.27681423024295;826,1.355390662366458;677,2.695473756687609;232,3.9664489299395767;278,5.238368721644066;880,4.486589913620121
996,0;52,1.1172995257827902
280,0;150,0.36600300315799295
418,0;294,0.03184423617723804
983,0;573,0.65012802984454;624,0.3442267068396864;172,0.35049939882177916;824,0.7331272908300144;274,0.35347589716715866;871,1.1219763707993011;921,1.4988174706377637;556,1.8991771036391416;290,1.561377937337522
1011,0;606,0.9964738207625797
351,0;470,0.9415898306113871;278,2.1315182015263576;182,4.10567153145099;940,4.243659500358117
1005,0;488,1.4332164679379593;848,4.244793393484324;350,4.588528855480635;756,4.308252465512628;712,4.367372864015609;92,4.636983524334443;82,5.535009707172307;542,6.676680165056412;951,4.802406480970611;476,6.504200436825657;889,6.5276285003904135;811,8.00045371632687;81,7.472618594690037;348,7.012014272923894;16,6.834417734702916;107,7.728902005472314;915,9.667524648133105;461,7.268505379401981;630,8.29013433908947;984,9.095994977338087;366,8.042517283245667;451,9.084387613621498;337,8.822734906598404;766,9.730198857111624
981,0;463,0.43929906900603977;526,1.0483018781858444;688,1.4552241210518544
295,0;300,0.186673375064034
719,0;413,0.13752254551641369;735,0.8365804151024046
0,0;389,2.7392063968945752;194,0.10774007662053509;793,2.8223999943981304;536,3.982940649873756;730,6.364012975696924
531,0;533,0.38045120823665396
624,0;172,0.40832719071180723;824,0.9825512185609748;594,1.5953201994899333;871,0.9997101554481069;371,1.0794272524946469;921,3.1613423833657075;556,1.7155399820107904;362,1.5825878126422641;290,1.085768968553978;993,1.964701157668496;469,1.9446483702037063;818,1.7330784900091918;617,1.7713970643552233;28,2.8887012733278836;668,4.5072409422213875;334,5.516089912992801
611,0;711,0.03937839539700118;469,1.2831620437367222;862,2.424650442347893
983,0;573,0.65312654189989;624,1.5294627114002293;422,1.3361368724797813;974,3.5497979262360184;172,2.5035118414933524;594,4.386503445811372;274,1.9452845578967342;371,2.586622622279835;512,7.901880328846607;978,3.891598468009948;469,4.729268780910792;818,5.638242740486012;862,6.073010325522891;448,8.769385934789353;190,8.36758047722548;369,12.427923101247107;272,9.174716875555994;485,9.346959229982406;620,9.989140819124803;58,15.89279283231269;450,11.284527313137223;588,10.116655241225695;276,10.500030975535037;955,13.951911639115274;141,16.32342031866456;718,15.919399602502212;605,17.80749691040304;443,16.770212027381874;984,16.99740248436558;115,17.227979942572162;342,18.007240892794304;853,18.381219577534925;919,18.92587372032773;314,21.12989636029166;208,18.564978089953243
357,0;83,0.09844709743626592;647,0.3000021693138565;477,1.931966794512098
991,0;90,0.42406727788134596;441,0.8655234771945406;262,0.8355984976350315;942,1.596667617362959;413,0.9101869143009977;135,1.0057794015246748;479,1.854080479081457
995,0;647,0.41812485065621463;801,3.2006526087386806;477,0.5962677707708813
448,0;373,0.3855693004095344;643,0.7455722173588668;828,0.826282049882689;889,2.289072789844906;642,1.3590659453202472;946,2.7673018282529602;622,3.743252235426014;370,1.8836244566373492;16,2.4426543766918067;232,3.369061360879272;866,2.7710781097911625
971,0;585,0.25564387054639853;933,0.19455085759616916
742,0;891,1.8180731809168516
234,0;338,1.351553216573511;102,0.5575657257999224;290,0.7623060193419934;714,1.1331555954739558;361,2.1945384867592432;643,1.9654369539833567;812,2.648982370471635;339,2.1166169913364197;143,3.521434416083082;335,3.7795263529609047;470,3.872598368466098;278,5.4225064608512845;182,7.070143292887135;79,7.546224986610467;656,7.86787922829426;940,7.267115443209559;729,9.147097927398343;915,11.859406814996854;635,9.945290878560778;517,10.44126888009172;574,11.074711882225008;302,12.51664263470483
250,0;777,3.0493711940683323;408,3.3009496085235854
543,0;674,0.2127404740397957;285,1.656017442181163
339,0;113,0.11858040762332181;105,1.1144742870893614;550,1.9738235723508661
385,0;196,0.46821504576279294
134,0;270,1.6206648971850712
485,0;987,3.4621088127960786;705,5.029253981218237
547,0;810,0.2902732940811306;397,3.253658295179243;806,1.482270497516951;255,0.6475432922051059;877,4.332565353613523;909,4.934357724207512;261,5.651606385643562;853,7.846515932764944;919,13.88612783568394
961,0;361,2.0181804247880306
269,0;388,0.44495317462787165;365,1.5829538658716567;134,2.1504432940207288;332,2.232825550769311;956,2.275788527921107;270,3.227356022442155;1000,2.9837637129950814
158,0;476,3.268978603111674;684,0.2295760023410331;373,2.6288501246927845;802,3.3292556502299604;348,5.2959335259047915;250,3.5502029108920663;777,4.3352333616356065;408,5.107653855436929
963,0;359,0.48651128423848744;240,0.9227849266409756
455,0;94,0.11091712717175424;964,1.840431036150317;294,0.041521579150832925;721,0.22996400592384136;836,1.1838213191181552;642,0.2563733415629895;622,0.5068364167539923;370,0.7305365016878593
272,0;485,0.6001163358448525
784,0;652,1.6403909783373074
809,0;842,3.2006152379434045;395,3.4938962901844093;527,4.853263935941102
710,0;659,2.3440055704307383
344,0;687,1.0926458799719985;311,0.24490257416954644
853,0;314,1.1072969190129733
389,0;793,0.9213317296812956;536,0.6929492144154591;730,1.0178020719962297;801,1.6641009151033703;689,3.3606124729199087;901,3.6703522246681146
807,0;750,1.078607542763902;179,1.7690061306773626;922,0.23158428964703168;289,1.884921753893928;796,1.85942575953695;327,2.0706170013507004;68,2.4019210338446637;782,2.196245202106949;891,2.8918640332128307
357,0;83,1.2028182043454871;647,2.2740731925423026
834,0;761,2.512601182601048;34,0.7513480287028373;46,0.9464361404404434;4,0.8930433258326982
99,0;215,1.1261514673010111;963,1.9830919811143517;359,2.2651055110008866;240,2.8910564313025997;133,2.274945421424649;815,3.8055051818976433;424,4.99429630787356;415,4.013949407381511
738,0;108,0.9025219287492686
220,0;525,0.9032578135486514;532,1.6577692811286668;782,2.0811203469961925
705,0;540,0.4790405457845031
375,0;610,0.5187944954033984;882,0.9174009186318426;113,1.103168374023665;760,2.21030310364707;920,3.206202533028308;604,4.218205416836411;836,5.312584293188687
118,0;856,0.564221235506418;1018,2.219536467266947;706,3.972530913733226
202,0;833,0.1250360176461799;731,4.337328935390274;89,4.641783588174334;64,5.6111469075793865;467,4.7107254299108545
357,0;83,0.08199018930782839
514,0;481,0.03292718903133783;74,0.16135111240598377;68,0.9581381161877651;354,0.47848245753043195;880,0.4662361773965709;480,2.8118881330389107;566,0.5759574994900873;842,1.0938948712102408;214,0.6532767492407969;558,0.7632770736909567;107,1.0175294737799812;891,2.4092084496877275;984,3.728153778895847;605,3.0293115666333845;276,1.7378517339835922;565,3.7348161788325447;537,4.395583437442844;115,4.202289422734287;812,4.141790943995569;677,4.207490281271623;342,6.964223762988933;463,4.762554210403782;526,6.05273606308629;173,4.972093674123829;859,5.983228886019048;77,5.02416185128664;620,6.633027313063513;647,8.082909502497163;688,6.428853532893967;853,9.006991287671244;801,8.636937678119022;477,9.493624710690973;689,9.554801198438293;314,9.47207780421655;208,9.320487730781455;237,9.972523602477319;621,9.706252566489265;901,11.557910062204666;323,13.602235058700026
774,0;963,0.28322985813588364;240,5.122058714132654
834,0;761,0.41450445998888463;34,0.6516438455604316;46,4.290581906374865;4,1.2142326929861156
259,0;704,4.49190330122829;878,4.6949905037312;1008,5.840934360781026;681,6.399565569968586
655,0;492,2.482300604429014;383,2.912339339644193
1014,0;787,1.8964438928950422;322,0.24892617452915175;204,0.48745998961283454;526,0.8755692788695244;688,1.1662327303657465;382,3.293304276412319;871,2.7181294856921983;921,2.8871608572206284;801,4.530410408471107;689,5.3939784589612785;621,5.797382940644672
549,0;688,0.2682523759093942
275,0;329,0.08976486397013664;393,0.16274800815053528
861,0;407,0.27656865490195953
303,0;69,0.09963588069260591
917,0;982,1.8921867347677528
438,0;789,0.5922259794596741
864,0;720,0.8502310763262365;939,0.242483899068124;385,3.942026183569093;877,2.3382750410652444;909,2.5701094822551713;261,2.4220820745928475;94,2.726137422864479;126,2.5483161659336835;934,2.999108173239127;109,3.5482487989781553;784,4.7617482227208345;652,5.109608520492525
38,0;165,2.444269128430216
718,0;7,0.0958603470393904;605,1.3519663737273018;860,1.678563248189
945,0;898,1.534183869937282
477,0;237,1.41080137715927
767,0;812,3.0248661052230825;506,0.3998522996314376;324,2.046427956030956;462,2.1037944067377947;677,3.1383668158761067;463,7.909642766864203;246,8.841749171149083;526,8.017262672090395;173,9.383746726790234;651,11.302208029748677;688,9.020401372267699;77,10.056581204909216
350,0;951,1.0712486906496796;476,1.2761377153611997;895,1.45134519949449;348,1.4855882242631255;250,3.1846600965738263
786,0;820,0.5780574304837702;523,0.09671037730450557;506,0.5172547479434033;42,1.1829184821106244;779,3.2199048265088885
791,0;200,4.056494060560349
949,0;744,1.7953148539648447
82,0;889,0.2735548001155786;811,0.5373093940386052;81,1.8145937485964136;16,0.8423128621146665;1022,0.6527022788301304;577,1.5913640671970293;742,0.8952278771957524;891,1.8396190243740684;153,3.058178563305914;525,2.197832483985875;782,4.054396012928625
289,0;789,1.4913245294009614;327,0.3835552307213876;68,1.1889287549721195;57,1.4253075184167994;254,1.5489436331460458;685,1.805877147030929;521,2.2517726066773522
701,0;165,1.7334584637236643;28,1.3984952552409002;68,0.6665308280104577;719,4.99743413277062
216,0;906,2.536724993447972;457,3.5111900225330777;576,3.9009397863592343;525,5.033571808696243;782,5.122322033981137
796,0;782,0.6271012281505605
587,0;380,0.0375495201604945;56,0.30913638350188527;872,0.3088849015480937
976,0;294,0.13773033355004344
911,0;530,0.2893054125041542
0,0;794,0.13497267240397332;389,1.1348215874533856;451,1.0084902735608403;171,1.079704864059716;951,2.293942908247977;793,1.7356887418444136
920,0;604,1.2803036314935639
97,0;273,0.7590409575524258
804,0;674,0.24959132255915534;265,0.7403331188753759;285,1.1786196425364233;580,0.9939231720517192;559,3.4068047759357993;667,1.1015365899998877;811,4.835728595393983;651,3.828633550483705;817,3.5554799710943596;897,4.0387550254829;1022,5.767415269104514
428,0;836,2.8817505813137765
573,0;974,1.6695570393377817;978,2.5229225957712336
888,0;343,0.1482580342453601;903,0.5012199274180997;973,2.3779370678583085;749,4.831621048642516;344,6.895213593381544;687,7.63335925001653;311,9.279896440637392
350,0;951,0.33073304887701016
646,0;451,1.0500995999385898;100,1.1636651544092136
340,0;632,0.7323305539801477
712,0;82,2.3908634844680345;81,2.6379993315640244;476,2.6238254505392185;348,2.951215554477647;250,3.6529396842370088;461,3.054580791911112;630,4.542050561841406
826,0;134,2.209173963533662;429,2.7672350968766475;270,2.6893639380310703
435,0;849,0.7555016860378304;594,0.308154279770228;999,1.5442661115872791;818,1.1609501139630756;221,2.7277871188137057
374,0;671,0.7060776077719055;198,1.7643930454401582;399,0.29799891508827875;784,0.8794007517579875;82,0.8354317111418416;889,1.3792255428180273;811,2.7351451089998293;81,1.127144652023776;476,0.9174227343904876;802,1.0823049174826451;895,1.2320347029787824;348,1.0268497029453905;461,1.5675470559887275;16,1.4225751203268213;232,5.139142142977895;630,1.9421095493154807;1022,3.443398986759366
988,0;218,1.3981476430194777;851,3.8710330228836876
448,0;272,1.613490802273965;373,3.510839369136089
531,0;966,0.12625892159519547;58,0.3219238237488396
825,0;296,0.10868033238637066
74,0;68,0.3856031177958915;880,0.23769641583429016;719,0.6998621585057698;891,3.1942213825939434;47,3.2890273820224976;608,3.75456873292109;774,4.703065062953446;855,5.9384023307642835
57,0;254,0.47816591532905406
891,0;47,0.4242693527698852
736,0;704,0.6203318905601439;878,0.9170007800542561;1008,0.9425494019200188
63,0;48,2.387579824815824
63,0;48,0.28231440987303014
472,0;446,1.0952299396163292;600,0.5324941512863677
90,0;341,0.024433923335516444;441,0.46044816723988746;262,2.9726385106263318;521,0.6738201874558061;622,3.715885588832647;413,3.6613300901351975;959,5.23694433609711;735,3.9909675657777535;363,3.7144970650831226
599,0;281,0.1555569989301099;723,0.3251537830809671
706,0;220,0.3543184344870729
272,0;485,0.7439386752830044
15,0;461,0.03145129058659956;630,0.7512371998228994
531,0;533,0.09770099996969042;966,0.30268340230505647
262,0;942,1.780678095048176;407,0.7449257038973713;390,0.9072559265748242
338,0;505,0.7115522935698355;361,0.18906288777301683
692,0;536,0.11178353709937247;730,2.5680453545213355
205,0;463,2.0282800544440778;526,2.4157331172534233;173,2.5038716873940046;651,4.257977873645028;688,3.563472462878928;859,4.529436222305974;647,7.429761534242198;477,8.352704591678549;237,8.665102002537225;282,11.265790567624753
880,0;733,0.8331795864984767
48,0;513,0.7524920585062538;122,0.9221306348707198
704,0;452,3.115293218871171
598,0;58,0.7499518529185453;718,1.2911438740025902;151,0.8793180320288068;735,0.9381428132275683
420,0;816,0.6820377995830148;225,0.5482585330077323;342,0.5830232156891294
339,0;113,0.6748482519792058;50,1.6645288916615955
870,0;232,0.9973513435030146
546,0;516,1.439357532089131
1015,0;415,2.617239562534205
381,0;227,1.1113653599416244
97,0;273,1.607347576645485
914,0;946,0.2953408484167075
336,0;287,0.6231614511529202;528,0.2449493583367616;457,0.3627996238494324;576,1.3022902307560509;525,3.690112731994685;412,1.0460794043548605
411,0;158,0.5700680686766968;338,1.1430280113285596;361,4.4116353598589795
973,0;749,2.5061276342166185;344,2.9874658398689142;408,4.076658749699997;687,3.0988024549426956;311,3.665214183249725;439,4.326365817046604
71,0;166,0.8435543558568521;759,2.390594620121961
34,0;4,1.3860446130392856
459,0;757,0.0005672904798321597;324,0.2764984001116242;806,2.2685611327690247;121,0.29643214557181663;462,0.973444387862172;85,2.4758842262190837;528,2.8568370167536687
587,0;380,2.929135370178889;872,4.3189005993741905
90,0;59,0.30979260066525816;341,1.7595456275113;441,0.4111717915797126;262,3.4931349578935036;135,0.9095329976301337;521,2.7442836873442427;546,3.2758110246563943;516,3.8336383790297175;773,3.5013417876203463;942,6.141203699289672;789,4.537587892613628;56,5.351709037085216;311,5.491394159017582
830,0;76,0.1993973127136721;477,0.24885368021489163
385,0;989,0.38936823523802455
454,0;943,1.1531488805182752
166,0;759,2.1694534570667834
810,0;397,0.6029073369663464;806,0.3810404622356848;85,0.41471509314389043;528,1.6494008038601735;877,1.5998916297798966;909,3.468297840894999;21,2.163485097350606;549,3.3675538911373954;461,3.577489600606251;353,3.83612283519226;630,4.9531164829715255
356,0;788,1.0396200610105084;331,0.7093482562119852;41,0.7131493446710487;981,0.7752318574059444;463,0.7837355049603837;569,1.02187648260843;957,1.186184370115281;1017,1.0542300212002036;494,2.4396206400534606;531,2.621751568730804
464,0;73,0.23308925998294747;520,2.289392578226173;77,2.912253306361551;115,3.3917466477388625
661,0;270,0.827192471380872
375,0;988,0.5036164693850321;783,0.08744700157388638;610,3.2084324596703913;218,1.429017432080594;266,0.8337212806836501;125,2.0742261179633896;882,4.340958719868556;113,5.973782641555217;50,6.463402259062881
867,0;649,0.10819732349046043;701,0.8380759875766237;977,5.249600431835984;518,0.8704441384164493;165,2.6296373448022523;68,1.4347339040975637;621,8.883892169200228;614,6.757277747211952
197,0;600,0.23951023963083493;722,0.15155807266950147
303,0;583,2.0446771723190493
261,0;853,3.958050672151988;94,0.21910577670715597;836,1.0589720345511777;642,0.748317134456782;109,0.658628102382995;622,0.8164071043951091;617,5.217843649364653;28,6.610829832032756;680,6.115431232305184;413,6.559063893460245;401,6.1218765257422545;959,7.615077483167021;155,8.49338037087087;363,6.92408720393683;296,7.900997015390418;846,9.617874232234389
317,0;462,0.1618012906557608;941,0.8334257260546621;223,2.734324083499741
461,0;630,0.19755302732524568
650,0;1001,1.3947357977771977;926,0.2151111535954988
238,0;740,0.09384804116613946
559,0;811,0.8445201600670782;817,0.10130269043612128;966,0.6423790838707875;431,1.2071991091030205;58,1.0445924219215308;1022,1.2229089564633784;718,3.154014181253747;151,2.529906834128351;441,1.4217938102905627;582,1.7156741861918339;135,2.5055223910336037;605,3.4682229119024908
47,0;608,1.6862524016221982;317,2.3696193514627177
902,0;164,0.23697135465241512;728,0.5474976358304942;392,0.26639361380735527;641,0.28451179265803717;686,0.5755904764569194;555,1.2181542823598774;423,2.7204000138236326;601,2.557673295086171;481,0.6346546653481668;10,0.6216861480621784;74,1.0258341733661567;999,1.0040037439414975;533,1.7371897648346835;103,1.9185554738488197;294,4.598744161493882
510,0;237,0.9415462247753896
215,0;963,0.5141888221946772;359,0.9329296362663925;240,1.8022235137133453;20,1.2649584491390495;424,3.5086380172976064
201,0;819,0.3091316890279391;619,3.218088512916434;366,1.2852903102961823;451,2.441305502996941;277,3.7946560652601113
9,0;510,1.3604849996076838;809,2.3569883982481543
138,0;739,0.3186388261228886;705,0.49325023497389764;371,0.7520467547833162;993,1.2933923175540565;75,2.766394875845463;668,1.86838214652485;843,1.9686390962738238;334,3.3605168526312106;858,2.251896740836046;924,4.315188544382786;150,3.298814223721699;876,6.387811135217605;566,5.16608063876854;205,4.48817433721036;463,4.5722969654035435;899,6.4559581876663685;173,4.9434931048795825;77,5.242584515983292;511,7.438803720576973
906,0;32,0.727153188408797;949,2.1606460015373012
131,0;1000,2.4030953991110864
88,0;77,0.4348862765441151;603,5.958992458657175;186,6.250748807317389
303,0;521,0.4113414211642035;583,0.7419762833396623;546,0.5728392308605376
692,0;329,0.4941486069714703;86,5.262036517650688;705,7.509072047400312
7,0;860,0.04341689917839549
962,0;738,6.395588721978062
853,0;314,0.8236085578293694;208,0.6249612019961615;617,0.05626965456334496;28,0.1795782479755387
509,0;758,0.74652522616091
229,0;787,0.5103046140553287;871,0.8446034416144341;921,1.329332158875799;556,2.8052779679509623;290,2.705289848196966;801,3.1723366939850397;524,1.9810552570885824;983,2.898030819694437;617,2.9131700342181057;573,3.047737013302498;974,3.191124153848708;512,3.227304985071477;978,4.937160476301586;190,4.367705466297751
468,0;631,0.6031956691108702
76,0;477,0.6130307475460303
327,0;57,0.15216049451632493;782,0.010431052694530298;254,1.9859017196142466;685,2.624664420235387;521,2.7604286231449104;546,3.0910011937596464
582,0;286,1.09619046900003;129,1.7514287982574719;222,2.0398787766276474
245,0;797,0.36449439557757085;739,0.7685596782065338;705,1.2217222200883322;609,2.001575760634686
378,0;345,6.580772345742139;441,6.833963670565855;497,6.610083473248305;197,9.82721022592744;135,7.527434161032947;600,9.84615011137354;722,13.216826839853734
595,0;68,0.11632493697136671;719,0.8560240796976846;891,0.32249474092411407;47,0.332721074026476
376,0;966,2.116954943333516;58,2.9925471319031534;141,3.1001353463854984;718,4.124993846951258;151,3.5261873777755888;650,4.373566168232821;735,3.9406978133733928;163,4.493887976851223
777,0;408,0.7787280539895599;825,1.2303473767890036
344,0;687,0.8591221284978009;311,0.4650548002534722;439,1.5469316269132842;487,4.05499820938744;498,5.040839581413835;195,4.657502218572579;784,5.207862378111659;652,6.295280446205064
791,0;25,0.5328587062660973;200,3.6442162141246492;758,1.0750961128797356;941,5.056293473799659;128,5.368687332389436;160,6.264721977479293
203,0;211,1.0048671940502267
340,0;632,0.1749443788148719
332,0;1000,0.6588768629954014
974,0;512,0.9896854290343793;448,1.2039415213407554;373,3.134707611620537
840,0;411,2.0230158173026656
749,0;344,1.206402855097771;311,1.4455573704265672
931,0;907,0.22502173264856162;337,1.5904591240819315;175,0.5931511739908271;490,3.1137970583689567;794,0.6037582056082257;451,3.6085218741904233;573,3.1468076786950787;430,3.7349212080355647;974,4.107976853618238;171,5.618834645302703;100,3.7774981001004684;896,4.3782190250556;410,4.416346516522233;512,4.510958558005942;978,4.232960910202436;448,5.052971938774742;272,5.139008234232822;485,6.680628825239074;301,6.854024818740331;987,7.1330060445384715;472,7.713812208307171;705,11.222457559962331;540,11.538190095571338
336,0;528,1.9296301626549974;21,2.0679899089114393;779,4.035044837488632;549,4.360050429374274;297,5.540240884305931;597,6.519895380915505
1008,0;681,2.4695584220062945
380,0;872,2.7191567821438896;238,0.6464971097880795;740,4.139409007159601;770,3.9333253489976263;230,5.166771652990843;174,6.906902666775128
66,0;567,1.6674217208774236;584,1.7034071546668454;491,1.7971779494198523;1012,1.851848168273617
764,0;326,1.4675017236713777
440,0;602,2.109193381805702;722,3.1025717101794132
78,0;250,2.7132209281722743;777,3.352051258750913
261,0;853,1.175385305828001;126,0.6478731225108433;81,4.72513278387516;314,4.052738791461276;208,2.53025169346244;525,5.713007780432693;782,7.224121970376822
433,0;279,0.9154004352257706;661,1.2005029484879808;679,1.6734812591481494;780,1.8056426105240966;470,1.6739847375278518;23,4.102846257773555
704,0;452,0.40006153933967986
523,0;157,0.3835635852629196
894,0;141,0.3952659012573493;443,0.6538040665056851;650,2.2937473616916817;163,2.8325971641728938;178,4.111985211211243;487,6.051831932683288
322,0;204,0.34401583635382693;642,0.39246763724348543;526,0.5287199420925162;946,0.6254057862185632;370,2.023919058912549;651,1.4092320356523305;866,0.8095308813135703
509,0;285,1.0677192868951293;758,1.492487702447567;698,0.22247918504319114
395,0;952,1.454514017987782;527,1.7235469432446808;776,1.9370392949668616;167,2.7205043946292813
900,0;270,0.7278621112163026
637,0;109,0.16080398618804917;475,2.5189690467613914;748,0.2677729430984136;541,2.539679258232929;449,2.5944161333248994
463,0;246,0.08565156571323643
121,0;37,2.4333647597018695
368,0;9,0.4173665309750162
215,0;963,0.21596545919315013
651,0;897,0.6886852632926795
124,0;761,1.4481283222257813
892,0;952,1.912031536415685
443,0;72,2.157328712732262;984,0.08374692666035737;115,0.7843288118405185;808,0.23542705462975033;187,1.4539341640056862;342,1.438468475385396;853,3.106014908586708;724,2.14760275287915;919,3.121417689150665;314,3.1859060093159943;208,5.665353325028601
900,0;735,1.1759557890558128
88,0;77,0.021694693713293328;603,0.05102875492030303
697,0;437,0.011306427858870743;325,0.8064940879418988;681,1.0526412770881273;789,0.09206783494558507;217,1.983057518166313;192,3.1600469003499394;462,4.120569664771141
565,0;812,0.19227159981346112;219,0.33338007716526485;677,0.2418285909751449;463,1.474610236895465;880,1.8800069012927136;479,2.89492057518817;173,1.8723661078248977;859,2.8238550092317523;733,3.6298061974818334;620,2.8379921386128113;588,3.567043291119876;934,3.3580038062814292;206,3.7018026776206243;258,5.121038946513874;86,4.369464730459507
178,0;962,1.5593028636785908
443,0;72,0.7898664078031653;984,0.31682791925557036;115,0.6933353172966048;944,1.644833899425316;239,2.8932148774381377;590,3.4431732052438395;599,3.488371655857794;281,4.560036446285889
205,0;533,1.255204329819047;895,0.038073435754397845;463,0.7418246252254016;173,1.2748477846760542;77,1.340172431663806
841,0;576,0.6978999738440856
143,0;624,3.6181049593533166;742,3.4047282294648338;891,3.453963121486875;47,4.241002760160117;172,4.892015488525804;274,4.542033639876622;608,4.572115643117107;85,5.382144622940114;317,5.120798369380361;774,5.16217691954022;462,5.18106562032611;941,8.759058576651192;963,5.676073716932155;855,5.869846021858614;359,9.213650341596388;223,9.644316862581151;20,9.241291001754657;837,9.616141900846015;758,10.346752062950973;760,9.763947724049586;925,11.794613191085093;920,10.894673512745499
969,0;320,1.504044006836113;525,0.744615914255769;782,1.6503401132487234
874,0;818,1.5449689685211583
832,0;102,1.4777927908723394
971,0;585,1.1918929766276267
495,0;993,0.22186759308461346
366,0;451,1.504620018347415;171,3.465137660655527;301,4.133808946772557;472,5.272136052466326;703,5.41965552431672;880,7.8921292658593245;733,8.150388675845043
96,0;572,0.34675604917015135;307,0.8687776325574418;297,3.288632504846662;44,1.093204537446638;264,1.6440731168860774;738,1.3517202022278676;245,1.8322191154782266;108,2.1980533797367787;797,2.5595052526808266;420,2.2465429335612463;816,3.668603930844676;28,2.7366395565534916;955,4.848871040648614;597,3.721981702420408
582,0;286,0.5265683004260278;129,0.5867873491567416;116,0.7728775390757007
430,0;794,1.0128261049819054;896,0.015257977275767963;451,3.3887493515748255;171,3.6668555911653717;301,4.29956672101961
995,0;647,1.198357868407384;476,1.4266116425610886;477,1.2428428585560298;237,2.089154360331415;895,1.623893690063955;250,1.8622281331887913;777,2.512928229940797;282,5.315403704077504;408,4.138965791457519
47,0;608,0.839075363938489;317,0.9507099708764413;274,1.5074547883630662
178,0;487,0.328508345381619;195,1.4463697672829179
920,0;51,0.9291315006317433
842,0;395,0.07625221751431391
262,0;942,0.9116083022382234;407,6.751719946865989;390,7.076295325062906
252,0;677,2.0403946968258033;248,2.7699794076304904
704,0;452,0.2227549933283574
801,0;689,0.0034373594702524672;901,0.047690884234593216
351,0;886,1.2751577017824665
167,0;850,1.535207389870887;542,2.713863358919975;622,5.6358017674902054;107,3.5543688513167697;984,3.5636184038504073;276,5.334567497152884;366,3.6397226456069305;115,4.670814398888209;451,4.9814925838365225;337,4.110268933322639;537,6.644461156573179
490,0;573,1.126752726890005
338,0;505,1.3624338084638843;643,0.5483365406277521;812,1.2433061370210519;339,1.709576726708633;828,2.9471593423221876;219,1.9248002654628285;826,2.719729849722164;677,3.9106961809202216;113,1.7430041073841724;760,1.961771162745685;479,2.2756754829635204;920,2.0663655746090193;836,2.7987410366289462;51,2.143716093143067;206,2.3706366045230562;134,5.856525152237856;889,3.4443008645604554;642,3.392566220300277;315,6.584172874884541;622,4.367524504235416;248,4.419117486150526;956,7.154084983545231;429,6.9015608235729395;571,6.712439034191194;1016,7.583529050904242;126,7.453857743153833;496,9.25994035634502;81,7.927996282003853;353,9.404766699059545;104,10.146972390728036;704,10.755475272132504;878,12.306331927670655
577,0;153,0.5428411396300907
911,0;530,1.7767192459585235
481,0;74,0.19516898488622464;999,3.3055763858833487;68,2.0732491619242364;880,1.673090128966746;891,2.2063223293711647
734,0;29,0.2623093811119858;296,1.3595993290972628
845,0;342,0.39709273051312544
241,0;703,1.774976037511024;880,4.123511638711464;733,5.970337057580606
169,0;955,1.644684785240084
994,0;215,0.03510560651371153;963,0.04310094052722056
481,0;74,0.1591001250234602;999,0.3705631312657222;880,0.20366449291956973;221,2.4105984844424277
927,0;74,1.064790237475728;289,0.9973654294774186;789,1.1095997424717108;68,1.2243006049083043;354,1.1074654329381883;214,1.4725177496456074;173,2.9426355704825573;719,1.9642783432857707;891,1.984949558739696;413,2.21451781366962;479,3.2293784516181168;959,2.7657434387041477;155,2.2234392517433372;363,6.91918590273268;859,3.3409795539316884;620,4.406504243649923;588,7.893377928131673;86,8.347621537387527;705,8.352065981289902;540,9.495952325612944
754,0;416,0.30172278380765416;410,0.6629861771964003
793,0;801,0.09231319892488662
453,0;150,0.38217232848683946;141,0.5403068205464732;876,0.5080286058167465;443,1.6126929887911086
334,0;916,0.6067625840941798;566,0.05802105709201673;836,1.27537746841585;772,3.381811390285836;241,0.7044879342112842;703,4.847848604944971;530,3.4797583028195502
250,0;777,2.3513601103041766;408,2.7841524232832127;825,3.4560519363007423;854,4.971399721993105
642,0;315,0.48347452320571344;946,1.562459786451114;622,0.034539884216619604
289,0;327,3.862701740799218;68,0.10911260162295099;891,1.7609830634946053
417,0;692,0.1365134549874444;329,0.8432816564727941;858,1.1269806803912972
931,0;907,1.5524553146579643;337,2.04148098931799;738,3.0289985996511146
113,0;105,2.2473498060713997;550,4.380272837780485
826,0;134,6.196418885852838;429,7.314764461228912;571,7.16615627382188;224,7.527495426456948;126,8.383107277006667;1006,8.174261567599672
725,0;531,0.40985508167214063;966,1.4164283988170734;58,2.8273171075716697;718,3.9365222647865217;7,3.969558238611168;605,5.542260008392063;860,6.061546654397091
433,0;279,0.9953006131937839
520,0;77,1.04800227560334
119,0;666,1.1805276836574752
797,0;961,3.1213983213634573
364,0;227,2.946192925697731;556,0.8011068515785235;983,2.674106926283824;650,3.343044237166288;926,3.5125787564752105
67,0;287,0.3844086404640718;172,2.541006613797403
977,0;621,0.07150967974113633;614,0.44207115891135634
105,0;550,0.057897824509876177
502,0;404,0.44033416695814803;226,0.6666994152328445;144,1.0346994101972595
574,0;302,0.6564196554584857
341,0;993,0.45016136445507027
834,0;761,1.4085785722477837
473,0;181,1.2352123679188
396,0;716,0.5216075974328412;286,0.6913944436249315;511,4.141606552191443;133,0.8874221422059547;116,2.4069912951497336;323,2.6138486870848667;672,2.4968359898738157;203,4.9569209175288425;812,5.447244865642729;211,6.17114460213016;219,5.590572159281441;677,6.210716009589641;278,5.72842557132742;880,7.408295012375919;479,6.124762956862142;463,10.078012695721235;602,7.968109960283883;248,6.259621455895874;733,7.532361891080851;161,8.963841726676028;722,8.47950698474093;246,10.470651486866233;526,10.520514129090143;173,10.54531707041554;688,11.669560200923431;382,10.706263615647362;859,13.311697275343281;577,11.399584151614519;927,11.631385194365865;289,11.862706328922648;789,13.435031809848214;68,12.40470756257697;891,12.663419043478063;620,13.788121752183551;647,13.64859103852791;476,15.694485680725657;477,17.426507632791658;58,14.543186817727817;450,14.236240034356285;934,13.898474840342855;258,13.979097483336064;467,14.356974666158456;727,14.611212140332485;530,14.018266805326176;718,15.356829991601769;151,15.605114222015581;605,15.93034807884265;802,16.690973185995208;348,16.948526327721503;461,18.06812536569758
102,0;711,0.3694945471205885;469,1.259080774817884;540,0.9562038684821057;862,1.9666732522191133
