0,0
1,1
2,2
3,3
4,4
5,5
6,6
7,7
8,8
9,9
10,10
11,11
12,12
13,13
14,14
15,15
16,16
17,17
18,18
19,19
20,20
21,21
22,22
23,23
24,24
25,25
26,26
27,27
28,28
29,29
30,30
31,31
32,32
33,33
34,34
35,35
36,36
37,37
38,38
39,39
40,40
41,41
42,42
43,43
44,44
45,45
46,46
47,47
48,48
49,49
50,50
51,51
52,52
53,53
54,54
55,55
56,56
57,57
58,58
59,59
60,60
61,61
62,62
63,63
64,64
65,65
66,66
67,67
68,68
69,69
70,70
71,71
72,72
73,73
74,74
75,75
76,76
77,77
78,78
79,79
80,80
81,81
82,82
83,83
84,84
85,85
86,86
87,87
88,88
89,89
90,90
91,91
92,92
93,93
94,94
95,95
96,96
97,97
98,98
99,99
100,100
101,101
102,102
103,103
104,104
105,105
106,106
107,107
108,108
109,109
110,110
111,111
112,112
113,113
114,114
115,115
116,116
117,117
118,118
119,119
120,120
121,121
122,122
123,123
124,124
125,125
126,126
127,127
128,128
129,129
130,130
131,131
132,132
133,133
134,134
135,135
136,136
137,137
138,138
139,139
140,140
141,141
142,142
143,143
144,144
145,145
146,146
147,147
148,148
149,149
150,150
151,151
152,152
153,153
154,154
155,155
156,156
157,157
158,158
159,159
160,160
161,161
162,162
163,163
164,164
165,165
166,166
167,167
168,168
169,169
170,170
171,171
172,172
173,173
174,174
175,175
176,176
177,177
178,178
179,179
180,180
181,181
182,182
183,183
184,184
185,185
186,186
187,187
188,188
189,189
190,190
191,191
192,192
193,193
194,194
195,195
196,196
197,197
198,198
199,199
200,200
201,201
202,202
203,203
204,204
205,205
206,206
207,207
208,208
209,209
210,210
211,211
212,212
213,213
214,214
215,215
216,216
217,217
218,218
219,219
220,220
221,221
222,222
223,223
224,224
225,225
226,226
227,227
228,228
229,229
230,230
231,231
232,232
233,233
234,234
235,235
236,236
237,237
238,238
239,239
240,240
241,241
242,242
243,243
244,244
245,245
246,246
247,247
248,248
249,249
250,250
251,251
252,252
253,253
254,254
255,255
256,256
257,257
258,258
259,259
260,260
261,261
262,262
263,263
264,264
265,265
266,266
267,267
268,268
269,269
270,270
271,271
272,272
273,273
274,274
275,275
276,276
277,277
278,278
279,279
280,280
281,281
282,282
283,283
284,284
285,285
286,286
287,287
288,288
289,289
290,290
291,291
292,292
293,293
294,294
295,295
296,296
297,297
298,298
299,299
300,300
301,301
302,302
303,303
304,304
305,305
306,306
307,307
308,308
309,309
310,310
311,311
312,312
313,313
314,314
315,315
316,316
317,317
318,318
319,319
320,320
321,321
322,322
323,323
324,324
325,325
326,326
327,327
328,328
329,329
330,330
331,331
332,332
333,333
334,334
335,335
336,336
337,337
338,338
339,339
340,340
341,341
342,342
343,343
344,344
345,345
346,346
347,347
348,348
349,349
350,350
351,351
352,352
353,353
354,354
355,355
356,356
357,357
358,358
359,359
360,360
361,361
362,362
363,363
364,364
365,365
366,366
367,367
368,368
369,369
370,370
371,371
372,372
373,373
374,374
375,375
376,376
377,377
378,378
379,379
380,380
381,381
382,382
383,383
384,384
385,385
386,386
387,387
388,388
389,389
390,390
391,391
392,392
393,393
394,394
395,395
396,396
397,397
398,398
399,399
400,400
401,401
402,402
403,403
404,404
405,405
406,406
407,407
408,408
409,409
410,410
411,411
412,412
413,413
414,414
415,415
416,416
417,417
418,418
419,419
420,420
421,421
422,422
423,423
424,424
425,425
426,426
427,427
428,428
429,429
430,430
431,431
432,432
433,433
434,434
435,435
436,436
437,437
438,438
439,439
440,440
441,441
442,442
443,443
444,444
445,445
446,446
447,447
448,448
449,449
450,450
451,451
452,452
453,453
454,454
455,455
456,456
457,457
458,458
459,459
460,460
461,461
462,462
463,463
464,464
465,465
466,466
467,467
468,468
469,469
470,470
471,471
472,472
473,473
474,474
475,475
476,476
477,477
478,478
479,479
480,480
481,481
482,482
483,483
484,484
485,485
486,486
487,487
488,488
489,489
490,490
491,491
492,492
493,493
494,494
495,495
496,496
497,497
498,498
499,499
500,500
501,501
502,502
503,503
504,504
505,505
506,506
507,507
508,508
509,509
510,510
511,511
512,512
513,513
514,514
515,515
516,516
517,517
518,518
519,519
520,520
521,521
522,522
523,523
524,524
525,525
526,526
527,527
528,528
529,529
530,530
531,531
532,532
533,533
534,534
535,535
536,536
537,537
538,538
539,539
540,540
541,541
542,542
543,543
544,544
545,545
546,546
547,547
548,548
549,549
550,550
551,551
552,552
553,553
554,554
555,555
556,556
557,557
558,558
559,559
560,560
561,561
562,562
563,563
564,564
565,565
566,566
567,567
568,568
569,569
570,570
571,571
572,572
573,573
574,574
575,575
576,576
577,577
578,578
579,579
580,580
581,581
582,582
583,583
584,584
585,585
586,586
587,587
588,588
589,589
590,590
591,591
592,592
593,593
594,594
595,595
596,596
597,597
598,598
599,599
600,600
601,601
602,602
603,603
604,604
605,605
606,606
607,607
608,608
609,609
610,610
611,611
612,612
613,613
614,614
615,615
616,616
617,617
618,618
619,619
620,620
621,621
622,622
623,623
624,624
625,625
626,626
627,627
628,628
629,629
630,630
631,631
632,632
633,633
634,634
635,635
636,636
637,637
638,638
639,639
640,640
641,641
642,642
643,643
644,644
645,645
646,646
647,647
648,648
649,649
650,650
651,651
652,652
653,653
654,654
655,655
656,656
657,657
658,658
659,659
660,660
661,661
662,662
663,663
664,664
665,665
666,666
667,667
668,668
669,669
670,670
671,671
672,672
673,673
674,674
675,675
676,676
677,677
678,678
679,679
680,680
681,681
682,682
683,683
684,684
685,685
686,686
687,687
688,688
689,689
690,690
691,691
692,692
693,693
694,694
695,695
696,696
697,697
698,698
699,699
700,700
701,701
702,702
703,703
704,704
705,705
706,706
707,707
708,708
709,709
710,710
711,711
712,712
713,713
714,714
715,715
716,716
717,717
718,718
719,719
720,720
721,721
722,722
723,723
724,724
725,725
726,726
727,727
728,728
729,729
730,730
731,731
732,732
733,733
734,734
735,735
736,736
737,737
738,738
739,739
740,740
741,741
742,742
743,743
744,744
745,745
746,746
747,747
748,748
749,749
750,750
751,751
752,752
753,753
754,754
755,755
756,756
757,757
758,758
759,759
760,760
761,761
762,762
763,763
764,764
765,765
766,766
767,767
768,768
769,769
770,770
771,771
772,772
773,773
774,774
775,775
776,776
777,777
778,778
779,779
780,780
781,781
782,782
783,783
784,784
785,785
786,786
787,787
788,788
789,789
790,790
791,791
792,792
793,793
794,794
795,795
796,796
797,797
798,798
799,799
800,800
801,801
802,802
803,803
804,804
805,805
806,806
807,807
808,808
809,809
810,810
811,811
812,812
813,813
814,814
815,815
816,816
817,817
818,818
819,819
820,820
821,821
822,822
823,823
824,824
825,825
826,826
827,827
828,828
829,829
830,830
831,831
832,832
833,833
834,834
835,835
836,836
837,837
838,838
839,839
840,840
841,841
842,842
843,843
844,844
845,845
846,846
847,847
848,848
849,849
850,850
851,851
852,852
853,853
854,854
855,855
856,856
857,857
858,858
859,859
860,860
861,861
862,862
863,863
864,864
865,865
866,866
867,867
868,868
869,869
870,870
871,871
872,872
873,873
874,874
875,875
876,876
877,877
878,878
879,879
880,880
881,881
882,882
883,883
884,884
885,885
886,886
887,887
888,888
889,889
890,890
891,891
892,892
893,893
894,894
895,895
896,896
897,897
898,898
899,899
900,900
901,901
902,902
903,903
904,904
905,905
906,906
907,907
908,908
909,909
910,910
911,911
912,912
913,913
914,914
915,915
916,916
917,917
918,918
919,919
920,920
921,921
922,922
923,923
924,924
925,925
926,926
927,927
928,928
929,929
930,930
931,931
932,932
933,933
934,934
935,935
936,936
937,937
938,938
939,939
940,940
941,941
942,942
943,943
944,944
945,945
946,946
947,947
948,948
949,949
950,950
951,951
952,952
953,953
954,954
955,955
956,956
957,957
958,958
959,959
960,960
961,961
962,962
963,963
964,964
965,965
966,966
967,967
968,968
969,969
970,970
971,971
972,972
973,973
974,974
975,975
976,976
977,977
978,978
979,979
980,980
981,981
982,982
983,983
984,984
985,985
986,986
987,987
988,988
989,989
990,990
991,991
992,992
993,993
994,994
995,995
996,996
997,997
998,998
999,999
1000,1000
1001,1001
1002,1002
1003,1003
1004,1004
1005,1005
1006,1006
1007,1007
1008,1008
1009,1009
1010,1010
1011,1011
1012,1012
1013,1013
1014,1014
1015,1015
1016,1016
1017,1017
1018,1018
1019,1019
1020,1020
1021,1021
1022,1022
1023,1023

0,794
0,389
2,1012
3,196
3,140
4,822
6,403
6,558
7,61
8,211
9,510
9,646
11,112
11,828
12,301
14,659
16,742
18,337
19,914
20,758
21,779
21,549
21,461
22,952
23,116
23,661
25,758
25,611
27,829
27,918
28,624
29,296
29,491
30,490
30,205
30,890
32,949
33,875
34,4
34,46
34,170
36,382
36,616
37,772
38,165
41,981
41,416
41,343
42,779
43,721
44,245
44,738
44,338
44,873
46,610
47,608
48,513
48,405
48,126
51,105
53,399
53,74
55,7
56,311
57,254
58,718
58,141
58,151
58,647
60,23
61,93
62,434
62,890
63,48
63,405
63,854
64,467
64,735
64,325
66,567
66,351
66,376
67,287
67,121
68,891
68,719
68,820
69,583
70,225
71,166
71,590
72,944
73,520
74,68
74,354
74,880
75,150
76,477
76,761
76,46
77,603
77,115
78,250
78,349
78,924
79,656
80,346
81,525
82,476
82,889
82,811
82,81
83,647
84,562
84,309
85,528
86,705
88,914
89,64
89,1011
90,59
90,341
90,441
90,262
90,351
92,93
93,964
93,496
93,750
93,350
94,642
94,836
94,109
95,893
95,841
96,640
96,572
97,273
98,253
98,914
98,714
99,576
100,843
102,290
102,711
103,398
104,704
104,997
105,550
106,232
107,366
107,276
107,605
107,984
108,420
108,337
109,748
110,544
111,24
112,574
113,105
113,50
113,760
114,86
115,342
115,808
115,603
116,323
116,672
116,371
118,856
119,297
120,698
121,37
121,520
122,493
122,937
123,121
123,334
123,546
124,534
124,761
126,934
126,666
127,567
127,972
128,160
128,686
131,1000
133,240
133,48
133,129
134,63
134,429
134,956
134,571
134,270
135,548
137,74
137,371
138,739
139,422
141,650
141,443
141,1010
141,151
142,319
143,742
143,624
143,335
144,644
146,331
147,761
149,199
150,876
150,1002
150,274
151,735
151,987
152,389
152,109
152,978
153,595
153,582
153,610
155,846
155,401
155,384
158,338
158,684
158,476
158,848
159,953
159,361
160,822
161,96
163,395
163,853
163,178
164,728
164,686
164,641
164,392
164,423
164,146
166,17
166,759
167,850
168,941
170,76
170,119
171,301
171,951
172,871
172,371
172,824
173,859
173,77
173,153
174,423
175,794
175,490
176,500
177,962
177,454
177,14
178,962
178,487
178,1001
178,926
182,79
182,940
186,391
186,64
186,182
187,724
187,449
188,980
190,369
190,139
190,847
190,272
191,820
192,462
192,932
194,542
196,18
196,25
197,600
197,722
198,213
198,62
199,928
199,164
200,941
200,128
201,819
201,406
201,1019
201,443
202,833
203,211
204,642
204,526
204,330
205,895
205,463
205,533
205,899
206,959
206,782
208,794
208,314
213,399
214,558
214,720
215,963
216,906
217,192
218,851
218,125
219,880
219,479
219,278
220,532
220,831
220,525
222,531
223,760
223,925
223,456
224,1006
226,10
228,370
228,415
229,839
229,787
230,75
230,174
231,200
231,921
232,161
233,477
234,338
234,102
236,88
237,282
238,740
238,872
239,678
239,590
240,815
240,424
241,121
245,797
245,739
247,551
247,43
248,354
248,486
248,479
249,243
249,310
249,384
250,777
252,677
253,818
254,685
256,977
257,24
258,530
258,727
258,63
258,433
261,126
261,853
261,94
261,1007
262,942
262,407
262,773
262,413
262,622
264,128
264,1012
265,462
265,580
267,743
270,235
271,611
272,485
274,85
275,393
276,537
276,565
276,345
277,576
278,182
279,679
279,661
280,150
280,606
281,723
281,573
283,817
284,925
286,129
286,133
286,116
287,412
289,327
289,789
289,68
290,714
293,804
294,721
294,948
294,220
295,300
296,846
296,603
297,955
297,597
297,457
299,532
299,660
300,410
301,472
303,69
304,200
304,216
305,532
307,264
307,44
307,491
310,893
310,294
312,450
313,6
314,617
314,919
314,28
315,340
317,462
317,941
318,461
319,558
321,659
322,204
323,789
323,621
323,812
324,462
324,458
325,972
325,23
325,322
325,606
326,142
327,57
327,782
328,41
330,311
331,41
332,1000
334,916
334,566
335,470
336,938
336,528
337,342
338,361
338,643
338,505
339,143
339,113
340,805
340,632
341,993
341,521
342,853
343,903
344,408
345,441
345,497
346,861
347,373
348,461
348,250
349,841
350,951
350,542
351,470
351,886
351,410
352,1007
352,541
353,104
353,590
354,214
354,842
354,480
354,566
354,780
355,693
356,331
356,788
357,83
358,697
358,815
359,20
359,133
359,837
360,2
361,356
363,296
364,84
364,227
364,556
365,134
365,332
365,775
366,451
366,337
368,9
368,646
369,653
369,955
370,463
370,677
371,993
371,75
371,705
373,643
373,201
374,198
374,784
374,671
375,153
375,783
376,966
377,235
379,669
380,238
381,227
382,577
382,927
384,240
385,989
385,196
385,784
385,25
387,590
388,365
389,793
389,536
391,364
391,212
391,64
392,555
394,205
395,952
395,527
395,808
396,286
396,716
396,625
398,991
399,792
399,642
399,247
400,950
401,266
401,621
403,901
403,839
404,144
405,862
405,847
406,619
406,685
406,533
406,819
407,390
408,825
408,279
410,896
411,158
412,570
412,172
413,155
413,363
413,959
413,479
413,735
413,774
414,458
414,278
415,837
416,410
418,294
420,28
420,816
420,225
421,797
422,71
422,152
422,84
422,974
423,728
424,971
424,207
425,560
426,437
428,836
429,126
429,571
430,794
430,896
430,410
431,582
434,599
434,582
437,789
437,681
438,789
439,487
440,602
441,135
441,59
442,755
442,106
443,984
444,372
445,414
446,337
448,272
448,373
448,978
450,702
451,171
451,100
451,194
453,150
454,943
455,964
455,94
456,823
457,562
457,525
457,576
458,927
459,324
461,630
462,285
463,173
463,526
463,246
463,779
463,506
463,895
464,554
464,548
464,73
465,424
466,618
466,658
468,631
468,800
469,862
470,278
470,284
470,23
470,113
472,703
472,446
472,600
473,181
474,391
475,541
476,895
476,250
476,802
476,348
476,621
476,68
477,237
478,759
479,206
480,720
480,277
481,74
481,601
481,999
483,738
484,236
485,620
486,296
486,763
487,195
487,498
490,573
490,430
490,392
491,1012
491,160
491,873
492,383
493,683
494,531
494,642
495,973
495,993
496,353
496,117
496,63
496,270
496,946
496,133
497,197
498,784
498,108
499,204
500,150
502,404
503,431
503,252
506,68
506,324
506,42
507,864
509,758
510,809
511,812
512,190
512,448
513,122
514,384
514,481
517,413
518,28
519,179
520,536
520,77
521,546
522,999
523,157
524,315
525,782
525,231
526,651
526,688
526,382
527,776
527,74
528,21
530,467
531,533
531,966
532,833
533,335
535,853
536,730
539,843
540,979
541,449
541,261
541,976
542,107
542,915
543,674
544,115
545,491
546,516
548,495
549,297
549,688
550,599
551,641
552,944
554,135
555,103
555,232
556,983
556,617
557,931
558,345
558,107
559,811
559,651
560,215
560,167
562,613
562,99
562,270
565,812
565,323
566,842
567,584
567,126
567,511
568,296
569,813
569,370
570,151
571,1016
571,224
573,974
573,422
573,134
573,430
574,302
574,308
576,560
577,153
577,441
577,897
578,684
580,667
580,559
581,240
582,286
583,700
584,307
584,491
584,777
585,438
585,660
586,797
586,492
586,103
588,276
588,86
589,437
590,599
590,714
590,1003
591,558
593,991
594,469
594,818
595,68
598,58
599,281
599,956
601,81
602,722
603,186
604,51
605,860
606,351
607,226
607,534
608,274
608,317
608,774
608,719
609,514
610,882
610,674
611,711
611,354
611,527
613,797
613,525
613,270
614,992
615,359
616,798
617,28
617,680
617,208
617,718
618,467
619,248
619,277
619,168
620,58
620,450
620,934
620,588
620,569
622,329
623,937
623,698
624,172
624,274
624,594
625,496
626,388
628,617
628,595
631,216
632,941
633,702
634,153
634,625
635,112
635,517
635,148
637,152
639,501
640,307
642,622
642,315
642,370
642,946
642,854
643,812
643,828
643,339
644,359
646,451
647,801
647,476
647,477
648,867
649,694
649,680
650,926
650,163
650,1001
650,178
650,143
651,897
651,534
653,39
654,529
655,492
656,358
656,53
656,729
657,670
657,284
658,841
658,635
658,818
659,961
661,78
661,1020
661,270
662,577
663,1005
666,752
667,955
668,334
668,843
669,272
672,203
674,265
675,352
676,311
677,248
677,602
677,463
677,222
677,219
678,476
679,470
679,23
679,780
680,742
680,401
680,413
680,864
681,217
683,165
684,373
684,581
685,521
687,439
689,901
689,621
689,348
691,199
693,796
694,476
694,256
694,977
695,787
696,953
697,426
698,514
698,767
700,324
701,165
701,68
701,518
702,98
702,1003
702,623
702,590
703,880
704,452
704,878
704,964
705,540
708,94
708,917
710,731
710,659
711,540
711,469
711,985
712,82
712,92
713,382
714,105
715,430
716,511
718,605
718,7
718,934
719,413
719,178
719,680
720,877
721,882
724,603
724,895
724,115
724,449
726,413
728,310
728,481
728,10
731,470
731,325
731,424
731,89
732,789
733,161
733,68
733,232
733,278
734,29
735,317
738,108
739,137
739,609
742,891
742,294
742,581
742,105
743,882
745,304
747,419
749,344
749,800
750,289
750,496
751,158
751,343
752,578
752,982
752,436
752,131
753,358
754,416
755,679
756,712
757,806
757,121
757,247
760,920
760,985
761,666
762,271
764,326
765,300
767,823
767,506
767,271
768,957
770,230
772,530
773,56
773,789
773,990
774,855
775,825
776,167
777,408
778,640
780,886
784,834
784,652
784,196
785,806
786,506
787,871
787,325
787,113
788,1017
789,173
789,681
790,921
791,200
791,25
792,41
793,801
794,451
794,467
794,249
796,782
796,783
797,961
797,738
799,749
801,689
802,984
804,674
805,63
805,632
806,85
807,750
807,922
808,187
809,842
810,806
811,1022
812,219
812,677
812,826
812,578
812,828
812,339
813,586
814,924
815,886
815,540
816,962
817,431
817,966
818,23
818,914
819,366
819,847
820,857
820,6
821,12
822,854
822,720
823,804
823,46
823,812
824,408
824,372
824,430
825,296
825,854
825,134
826,134
826,839
826,370
827,30
827,890
828,642
828,889
829,942
830,76
832,784
832,102
833,731
833,31
834,761
834,34
835,589
836,703
836,261
837,210
838,712
839,339
839,893
839,98
840,411
841,855
841,576
842,395
842,237
842,214
842,68
843,858
843,719
843,924
844,824
846,567
847,1023
848,350
848,756
850,542
850,622
852,399
853,919
853,617
853,314
853,208
853,126
854,104
855,963
856,1018
859,647
859,620
859,894
861,407
864,939
865,791
867,649
867,701
867,379
868,930
869,233
869,77
870,555
871,362
871,290
871,556
871,921
872,770
873,4
873,360
874,818
875,185
875,325
875,702
876,210
877,261
877,909
878,1008
880,733
880,826
881,373
882,113
882,762
882,574
884,1015
886,415
886,480
887,647
887,956
888,343
889,16
889,232
890,643
891,47
891,928
891,952
891,155
891,28
891,566
893,30
893,146
893,935
893,894
894,141
895,533
895,408
895,348
895,952
895,802
896,245
898,173
900,270
901,323
901,565
902,164
903,973
903,463
904,123
905,708
905,832
906,32
906,457
907,175
907,738
907,420
908,287
909,353
910,703
911,530
912,285
913,372
914,496
914,946
914,77
914,1003
915,766
915,843
916,241
916,971
916,836
916,37
918,723
918,20
919,126
920,51
920,604
920,836
920,219
921,801
921,524
921,742
924,155
924,30
924,205
925,1014
925,1021
926,895
926,7
927,289
927,74
928,53
928,423
929,988
931,907
931,540
931,467
932,987
932,462
934,258
934,467
934,81
936,646
937,134
937,573
938,633
938,661
938,287
939,385
939,700
940,79
941,223
941,526
942,249
943,939
944,239
945,898
946,571
946,866
946,231
947,972
949,744
950,74
951,476
952,27
952,941
952,270
954,447
954,62
955,76
956,133
956,496
956,1003
957,494
958,470
959,384
959,296
960,340
960,945
961,361
962,738
962,49
962,57
963,359
963,240
963,907
964,16
964,275
966,58
969,525
969,320
971,585
971,933
972,931
972,218
972,974
972,64
973,1001
973,749
973,752
974,512
974,978
976,294
977,614
978,512
978,190
979,963
980,67
980,59
980,542
981,463
981,569
983,650
983,573
984,808
984,115
984,72
985,500
987,705
988,266
988,218
990,948
991,249
991,90
992,570
992,369
993,668
994,215
996,52
999,533
999,221
999,963
999,557
1002,680
1003,623
1003,98
1005,488
1007,875
1007,941
1008,681
1009,628
1011,606
1012,422
1012,160
1012,44
1014,322
1014,787
1015,415
1016,318
1017,957
1017,982
1018,455
1018,706
1019,11
1019,456
1019,610
1019,115
1020,720
1020,773
1020,920
1021,535
1021,231
1022,577
1023,61
1023,626
1023,168
