0,0
1,1
2,2
3,3
4,4
5,5
6,6
7,7
8,8
9,9
10,10
11,11
12,12
13,13
14,14
15,15
16,16
17,17
18,18
19,19
20,20
21,21
22,22
23,23
24,24
25,25
26,26
27,27
28,28
29,29
30,30
31,31
32,32
33,33
34,34
35,35
36,36
37,37
38,38
39,39
40,40
41,41
42,42
43,43
44,44
45,45
46,46
47,47
48,48
49,49
50,50
51,51
52,52
53,53
54,54
55,55
56,56
57,57
58,58
59,59
60,60
61,61
62,62
63,63
64,64
65,65
66,66
67,67
68,68
69,69
70,70
71,71
72,72
73,73
74,74
75,75
76,76
77,77
78,78
79,79
80,80
81,81
82,82
83,83
84,84
85,85
86,86
87,87
88,88
89,89
90,90
91,91
92,92
93,93
94,94
95,95
96,96
97,97
98,98
99,99
100,100
101,101
102,102
103,103
104,104
105,105
106,106
107,107
108,108
109,109
110,110
111,111
112,112
113,113
114,114
115,115
116,116
117,117
118,118
119,119
120,120
121,121
122,122
123,123
124,124
125,125
126,126
127,127
128,128
129,129
130,130
131,131
132,132
133,133
134,134
135,135
136,136
137,137
138,138
139,139
140,140
141,141
142,142
143,143
144,144
145,145
146,146
147,147
148,148
149,149
150,150
151,151
152,152
153,153
154,154
155,155
156,156
157,157
158,158
159,159
160,160
161,161
162,162
163,163
164,164
165,165
166,166
167,167
168,168
169,169
170,170
171,171
172,172
173,173
174,174
175,175
176,176
177,177
178,178
179,179
180,180
181,181
182,182
183,183
184,184
185,185
186,186
187,187
188,188
189,189
190,190
191,191
192,192
193,193
194,194
195,195
196,196
197,197
198,198
199,199
200,200
201,201
202,202
203,203
204,204
205,205
206,206
207,207
208,208
209,209
210,210
211,211
212,212
213,213
214,214
215,215
216,216
217,217
218,218
219,219
220,220
221,221
222,222
223,223
224,224
225,225
226,226
227,227
228,228
229,229
230,230
231,231
232,232
233,233
234,234
235,235
236,236
237,237
238,238
239,239
240,240
241,241
242,242
243,243
244,244
245,245
246,246
247,247
248,248
249,249
250,250
251,251
252,252
253,253
254,254
255,255
256,256
257,257
258,258
259,259
260,260
261,261
262,262
263,263
264,264
265,265
266,266
267,267
268,268
269,269
270,270
271,271
272,272
273,273
274,274
275,275
276,276
277,277
278,278
279,279
280,280
281,281
282,282
283,283
284,284
285,285
286,286
287,287
288,288
289,289
290,290
291,291
292,292
293,293
294,294
295,295
296,296
297,297
298,298
299,299
300,300
301,301
302,302
303,303
304,304
305,305
306,306
307,307
308,308
309,309
310,310
311,311
312,312
313,313
314,314
315,315
316,316
317,317
318,318
319,319
320,320
321,321
322,322
323,323
324,324
325,325
326,326
327,327
328,328
329,329
330,330
331,331
332,332
333,333
334,334
335,335
336,336
337,337
338,338
339,339
340,340
341,341
342,342
343,343
344,344
345,345
346,346
347,347
348,348
349,349
350,350
351,351
352,352
353,353
354,354
355,355
356,356
357,357
358,358
359,359
360,360
361,361
362,362
363,363
364,364
365,365
366,366
367,367
368,368
369,369
370,370
371,371
372,372
373,373
374,374
375,375
376,376
377,377
378,378
379,379
380,380
381,381
382,382
383,383
384,384
385,385
386,386
387,387
388,388
389,389
390,390
391,391
392,392
393,393
394,394
395,395
396,396
397,397
398,398
399,399
400,400
401,401
402,402
403,403
404,404
405,405
406,406
407,407
408,408
409,409
410,410
411,411
412,412
413,413
414,414
415,415
416,416
417,417
418,418
419,419
420,420
421,421
422,422
423,423
424,424
425,425
426,426
427,427
428,428
429,429
430,430
431,431
432,432
433,433
434,434
435,435
436,436
437,437
438,438
439,439
440,440
441,441
442,442
443,443
444,444
445,445
446,446
447,447
448,448
449,449
450,450
451,451
452,452
453,453
454,454
455,455
456,456
457,457
458,458
459,459
460,460
461,461
462,462
463,463
464,464
465,465
466,466
467,467
468,468
469,469
470,470
471,471
472,472
473,473
474,474
475,475
476,476
477,477
478,478
479,479
480,480
481,481
482,482
483,483
484,484
485,485
486,486
487,487
488,488
489,489
490,490
491,491
492,492
493,493
494,494
495,495
496,496
497,497
498,498
499,499
500,500
501,501
502,502
503,503
504,504
505,505
506,506
507,507
508,508
509,509
510,510
511,511
512,512
513,513
514,514
515,515
516,516
517,517
518,518
519,519
520,520
521,521
522,522
523,523
524,524
525,525
526,526
527,527
528,528
529,529
530,530
531,531
532,532
533,533
534,534
535,535
536,536
537,537
538,538
539,539
540,540
541,541
542,542
543,543
544,544
545,545
546,546
547,547
548,548
549,549
550,550
551,551
552,552
553,553
554,554
555,555
556,556
557,557
558,558
559,559
560,560
561,561
562,562
563,563
564,564
565,565
566,566
567,567
568,568
569,569
570,570
571,571
572,572
573,573
574,574
575,575
576,576
577,577
578,578
579,579
580,580
581,581
582,582
583,583
584,584
585,585
586,586
587,587
588,588
589,589
590,590
591,591
592,592
593,593
594,594
595,595
596,596
597,597
598,598
599,599
600,600
601,601
602,602
603,603
604,604
605,605
606,606
607,607
608,608
609,609
610,610
611,611
612,612
613,613
614,614
615,615
616,616
617,617
618,618
619,619
620,620
621,621
622,622
623,623
624,624
625,625
626,626
627,627
628,628
629,629
630,630
631,631
632,632
633,633
634,634
635,635
636,636
637,637
638,638
639,639
640,640
641,641
642,642
643,643
644,644
645,645
646,646
647,647
648,648
649,649
650,650
651,651
652,652
653,653
654,654
655,655
656,656
657,657
658,658
659,659
660,660
661,661
662,662
663,663
664,664
665,665
666,666
667,667
668,668
669,669
670,670
671,671
672,672
673,673
674,674
675,675
676,676
677,677
678,678
679,679
680,680
681,681
682,682
683,683
684,684
685,685
686,686
687,687
688,688
689,689
690,690
691,691
692,692
693,693
694,694
695,695
696,696
697,697
698,698
699,699
700,700
701,701
702,702
703,703
704,704
705,705
706,706
707,707
708,708
709,709
710,710
711,711
712,712
713,713
714,714
715,715
716,716
717,717
718,718
719,719
720,720
721,721
722,722
723,723
724,724
725,725
726,726
727,727
728,728
729,729
730,730
731,731
732,732
733,733
734,734
735,735
736,736
737,737
738,738
739,739
740,740
741,741
742,742
743,743
744,744
745,745
746,746
747,747
748,748
749,749
750,750
751,751
752,752
753,753
754,754
755,755
756,756
757,757
758,758
759,759
760,760
761,761
762,762
763,763
764,764
765,765
766,766
767,767
768,768
769,769
770,770
771,771
772,772
773,773
774,774
775,775
776,776
777,777
778,778
779,779
780,780
781,781
782,782
783,783
784,784
785,785
786,786
787,787
788,788
789,789
790,790
791,791
792,792
793,793
794,794
795,795
796,796
797,797
798,798
799,799
800,800
801,801
802,802
803,803
804,804
805,805
806,806
807,807
808,808
809,809
810,810
811,811
812,812
813,813
814,814
815,815
816,816
817,817
818,818
819,819
820,820
821,821
822,822
823,823
824,824
825,825
826,826
827,827
828,828
829,829
830,830
831,831
832,832
833,833
834,834
835,835
836,836
837,837
838,838
839,839
840,840
841,841
842,842
843,843
844,844
845,845
846,846
847,847
848,848
849,849
850,850
851,851
852,852
853,853
854,854
855,855
856,856
857,857
858,858
859,859
860,860
861,861
862,862
863,863
864,864
865,865
866,866
867,867
868,868
869,869
870,870
871,871
872,872
873,873
874,874
875,875
876,876
877,877
878,878
879,879
880,880
881,881
882,882
883,883
884,884
885,885
886,886
887,887
888,888
889,889
890,890
891,891
892,892
893,893
894,894
895,895
896,896
897,897
898,898
899,899
900,900
901,901
902,902
903,903
904,904
905,905
906,906
907,907
908,908
909,909
910,910
911,911
912,912
913,913
914,914
915,915
916,916
917,917
918,918
919,919
920,920
921,921
922,922
923,923
924,924
925,925
926,926
927,927
928,928
929,929
930,930
931,931
932,932
933,933
934,934
935,935
936,936
937,937
938,938
939,939
940,940
941,941
942,942
943,943
944,944
945,945
946,946
947,947
948,948
949,949
950,950
951,951
952,952
953,953
954,954
955,955
956,956
957,957
958,958
959,959
960,960
961,961
962,962
963,963
964,964
965,965
966,966
967,967
968,968
969,969
970,970
971,971
972,972
973,973
974,974
975,975
976,976
977,977
978,978
979,979
980,980
981,981
982,982
983,983
984,984
985,985
986,986
987,987
988,988
989,989
990,990
991,991
992,992
993,993
994,994
995,995
996,996
997,997
998,998
999,999
1000,1000
1001,1001
1002,1002
1003,1003
1004,1004
1005,1005
1006,1006
1007,1007
1008,1008
1009,1009
1010,1010
1011,1011
1012,1012
1013,1013
1014,1014
1015,1015
1016,1016
1017,1017
1018,1018
1019,1019
1020,1020
1021,1021
1022,1022
1023,1023

0,389
6,403
7,398
9,510
10,310
15,461
16,742
18,337
19,117
21,779
21,461
21,549
22,952
23,116
25,611
25,758
25,941
27,829
27,918
29,296
29,491
30,490
32,949
32,457
33,875
34,46
34,4
36,382
36,616
36,798
38,165
41,416
41,343
41,981
43,721
44,338
44,738
44,245
47,608
48,513
49,962
49,14
53,74
55,61
55,7
56,311
57,254
58,141
60,23
61,985
61,93
62,656
62,890
63,405
63,48
64,606
65,179
67,287
68,719
68,891
68,165
70,504
71,166
72,944
74,68
74,880
74,354
74,50
75,720
75,150
77,115
77,603
77,7
78,349
78,924
81,525
81,811
82,81
82,889
82,476
83,647
85,528
86,705
89,64
89,470
89,1011
89,467
90,441
90,341
92,82
92,93
93,750
93,964
93,496
94,836
94,109
94,642
96,640
96,572
97,273
98,914
98,253
98,901
99,215
101,944
102,711
102,290
103,398
103,797
103,232
104,704
105,955
107,605
107,276
107,366
107,984
108,420
108,816
109,748
113,50
113,760
113,105
115,342
115,603
116,323
116,371
116,672
117,905
120,698
120,767
121,37
122,493
122,937
123,334
124,534
126,934
126,81
126,853
126,909
127,666
131,1000
134,63
134,429
134,571
134,956
134,270
138,739
139,422
139,152
141,443
141,650
143,624
143,335
143,742
144,644
148,413
149,199
150,876
151,735
152,978
153,595
153,625
155,846
155,437
158,848
158,338
160,822
161,96
162,797
163,853
163,395
164,728
165,977
166,17
166,759
167,850
168,277
169,955
171,951
172,371
172,871
173,77
173,859
175,467
175,490
175,794
177,49
178,962
178,94
179,796
180,33
182,940
182,656
182,79
182,233
184,891
185,23
186,391
186,64
187,724
187,449
190,369
193,287
193,1013
196,18
201,443
201,819
203,211
204,330
205,895
205,463
205,899
205,533
209,555
212,364
214,558
215,963
216,906
218,851
218,125
219,880
219,479
220,831
220,532
221,594
223,925
223,760
224,461
224,1006
226,69
230,75
232,16
234,102
234,338
237,282
239,416
240,424
240,815
241,438
243,90
245,739
245,797
245,87
247,43
247,551
247,806
248,354
248,486
248,804
249,310
249,59
250,777
252,677
252,952
253,818
254,685
256,680
258,433
258,727
258,63
259,704
261,126
261,94
262,773
262,413
265,580
271,611
272,485
274,85
275,393
276,565
276,537
276,718
277,576
277,941
278,182
278,585
279,679
279,661
281,723
281,678
284,339
285,462
286,133
286,116
287,412
289,327
289,789
289,68
290,714
290,801
297,597
299,833
300,410
301,472
303,583
307,44
307,264
308,574
310,262
310,337
310,893
315,340
315,526
316,704
317,462
317,941
322,204
324,458
324,462
325,972
327,782
327,57
329,858
330,642
331,41
334,566
335,470
337,451
338,505
338,361
338,643
339,113
339,143
340,805
340,632
341,993
342,853
343,903
344,311
344,408
344,687
345,441
345,497
347,578
348,461
350,951
350,542
351,886
351,410
351,470
352,1007
353,104
354,842
354,566
354,214
354,480
354,296
355,693
356,788
356,331
358,815
358,77
359,837
359,133
359,20
361,360
363,942
364,84
364,556
365,134
366,337
368,9
369,955
369,653
371,993
371,75
371,946
371,556
371,129
373,643
375,610
375,153
375,988
376,1010
376,966
380,872
382,927
382,577
382,951
384,240
385,196
385,989
385,784
385,25
388,365
389,536
389,793
391,212
392,555
394,205
395,952
395,527
397,877
398,243
398,351
398,991
399,642
399,792
400,950
401,266
403,839
404,144
405,847
405,862
407,390
408,825
408,841
408,439
411,158
412,570
413,155
413,363
413,959
413,735
413,479
416,590
416,410
417,692
420,225
421,797
422,71
425,560
429,126
430,794
430,410
430,896
431,582
433,279
433,530
435,999
438,703
441,135
441,847
443,72
443,984
446,600
448,272
448,373
449,976
451,100
451,171
453,141
454,943
455,964
457,525
458,927
461,630
461,256
463,526
463,173
469,862
470,278
472,446
474,391
475,541
476,895
476,802
476,250
476,348
477,237
477,276
479,206
480,720
481,999
481,74
485,620
487,498
487,195
490,430
490,573
491,160
491,307
492,383
494,642
496,353
496,775
497,197
498,784
500,150
501,757
503,252
505,663
505,873
506,324
506,42
509,758
510,237
512,448
512,190
513,122
514,384
514,481
519,179
521,546
522,963
523,157
525,782
526,688
526,651
527,776
527,74
528,21
528,457
531,966
531,533
535,853
536,730
536,329
536,794
541,261
541,449
542,915
542,107
544,115
546,516
549,688
551,641
554,135
554,973
555,103
556,617
556,983
557,979
557,931
558,107
558,744
558,345
559,817
559,534
559,651
562,613
562,270
565,812
565,323
566,916
567,584
570,151
571,1016
571,224
572,307
572,297
573,974
573,422
576,560
578,373
580,667
580,339
580,559
582,286
582,441
583,700
583,521
584,491
586,103
588,86
588,246
589,155
590,714
590,599
591,558
594,469
594,818
596,632
597,955
599,281
602,722
603,186
606,351
607,534
608,774
608,317
609,514
610,882
610,582
611,527
611,711
611,354
613,797
613,99
614,992
616,441
617,680
617,28
617,227
619,168
620,588
620,450
620,987
623,698
623,937
624,172
624,274
624,594
624,824
625,496
626,388
629,379
633,702
634,153
635,308
635,148
635,112
635,915
639,501
642,315
642,946
642,622
642,370
643,339
643,812
643,828
644,359
644,226
647,477
647,801
647,476
649,694
649,701
650,178
650,926
651,897
653,39
655,492
656,358
656,729
656,53
657,670
659,961
660,540
661,1020
661,270
661,78
661,633
663,376
666,752
666,972
670,284
671,82
672,203
672,789
674,285
674,265
674,250
676,311
677,602
677,248
677,463
678,476
679,780
679,23
679,470
680,401
680,413
680,742
680,864
682,312
683,165
685,521
688,382
689,901
692,536
693,796
694,476
698,514
700,324
701,68
702,1003
702,98
702,623
702,590
703,880
704,452
704,878
704,720
705,540
706,220
707,940
708,997
711,985
711,469
711,540
712,92
714,105
715,430
719,413
720,877
720,277
721,882
726,413
726,931
728,10
729,635
730,86
731,89
733,161
734,29
736,316
738,108
739,74
739,137
739,609
739,371
742,891
746,908
749,344
749,1001
750,289
752,982
752,131
756,712
757,247
757,121
758,61
760,920
760,550
762,271
767,823
767,812
768,957
770,230
773,789
773,990
773,56
774,963
776,167
777,408
778,95
780,886
781,478
784,834
785,806
786,523
786,820
787,871
788,982
788,1017
788,957
789,173
791,25
791,200
793,801
794,451
795,401
796,782
796,783
797,961
798,633
799,749
800,216
801,689
802,984
804,674
805,63
806,85
806,397
807,750
807,179
808,187
810,806
810,255
811,1022
812,219
812,826
812,677
813,586
814,924
815,886
815,540
815,415
816,928
817,431
817,811
818,23
819,366
819,847
820,857
822,854
823,46
823,271
823,506
824,408
824,372
825,854
825,296
826,134
828,642
829,942
831,525
833,731
833,31
834,34
834,761
835,589
837,210
839,893
839,98
840,411
841,855
841,576
842,395
843,924
843,719
843,858
844,824
846,567
847,1023
848,356
848,476
848,350
848,756
850,542
850,622
851,735
852,247
853,208
853,617
853,919
853,314
854,104
859,647
859,620
862,683
865,791
867,649
869,182
870,555
871,921
872,770
875,185
875,325
875,702
877,261
878,1008
880,733
880,278
882,762
882,113
886,855
887,956
888,343
889,232
890,643
890,771
891,47
892,252
893,894
893,30
893,146
893,339
893,935
894,141
894,272
895,58
895,684
896,245
898,340
901,565
901,621
902,164
903,973
903,800
903,779
904,123
905,708
906,32
907,738
907,175
907,249
908,193
909,353
910,703
912,285
913,372
914,496
915,766
915,843
915,517
916,241
916,772
920,51
920,836
920,773
920,604
920,270
921,290
921,524
923,846
924,30
924,205
924,250
924,155
925,1014
926,163
926,1001
926,487
927,74
927,289
928,423
928,53
928,399
930,220
931,907
931,563
934,258
934,467
937,573
937,134
938,661
939,700
939,385
941,223
943,939
944,239
944,210
945,898
946,571
946,866
947,972
949,744
949,562
951,476
952,941
952,27
954,62
954,447
956,496
956,133
957,494
958,470
959,296
959,384
960,945
961,361
962,738
963,359
963,240
963,274
963,557
966,58
968,388
969,320
971,660
972,931
972,218
972,974
972,126
973,749
974,978
974,512
976,799
977,614
977,621
978,420
978,389
979,660
980,542
980,67
982,578
982,569
983,650
983,624
983,573
984,808
984,115
985,500
986,131
987,705
988,218
988,266
990,407
991,249
992,570
992,369
993,668
994,215
995,647
996,52
997,178
998,937
999,221
999,533
999,109
1004,494
1005,848
1007,875
1007,941
1009,628
1011,971
1012,422
1013,345
1014,787
1015,415
1016,318
1018,706
1018,455
1020,920
1021,535
1023,626
1023,61
