0,0
1,1
2,2
3,3
4,4
5,5
6,6
7,7
8,8
9,9
10,10
11,11
12,12
13,13
14,14
15,15
16,16
17,17
18,18
19,19
20,20
21,21
22,22
23,23
24,24
25,25
26,26
27,27
28,28
29,29
30,30
31,31
32,32
33,33
34,34
35,35
36,36
37,37
38,38
39,39
40,40
41,41
42,42
43,43
44,44
45,45
46,46
47,47
48,48
49,49
50,50
51,51
52,52
53,53
54,54
55,55
56,56
57,57
58,58
59,59
60,60
61,61
62,62
63,63
64,64
65,65
66,66
67,67
68,68
69,69
70,70
71,71
72,72
73,73
74,74
75,75
76,76
77,77
78,78
79,79
80,80
81,81
82,82
83,83
84,84
85,85
86,86
87,87
88,88
89,89
90,90
91,91
92,92
93,93
94,94
95,95
96,96
97,97
98,98
99,99
100,100
101,101
102,102
103,103
104,104
105,105
106,106
107,107
108,108
109,109
110,110
111,111
112,112
113,113
114,114
115,115
116,116
117,117
118,118
119,119
120,120
121,121
122,122
123,123
124,124
125,125
126,126
127,127
128,128
129,129
130,130
131,131
132,132
133,133
134,134
135,135
136,136
137,137
138,138
139,139
140,140
141,141
142,142
143,143
144,144
145,145
146,146
147,147
148,148
149,149
150,150
151,151
152,152
153,153
154,154
155,155
156,156
157,157
158,158
159,159
160,160
161,161
162,162
163,163
164,164
165,165
166,166
167,167
168,168
169,169
170,170
171,171
172,172
173,173
174,174
175,175
176,176
177,177
178,178
179,179
180,180
181,181
182,182
183,183
184,184
185,185
186,186
187,187
188,188
189,189
190,190
191,191
192,192
193,193
194,194
195,195
196,196
197,197
198,198
199,199
200,200
201,201
202,202
203,203
204,204
205,205
206,206
207,207
208,208
209,209
210,210
211,211
212,212
213,213
214,214
215,215
216,216
217,217
218,218
219,219
220,220
221,221
222,222
223,223
224,224
225,225
226,226
227,227
228,228
229,229
230,230
231,231
232,232
233,233
234,234
235,235
236,236
237,237
238,238
239,239
240,240
241,241
242,242
243,243
244,244
245,245
246,246
247,247
248,248
249,249
250,250
251,251
252,252
253,253
254,254
255,255
256,256
257,257
258,258
259,259
260,260
261,261
262,262
263,263
264,264
265,265
266,266
267,267
268,268
269,269
270,270
271,271
272,272
273,273
274,274
275,275
276,276
277,277
278,278
279,279
280,280
281,281
282,282
283,283
284,284
285,285
286,286
287,287
288,288
289,289
290,290
291,291
292,292
293,293
294,294
295,295
296,296
297,297
298,298
299,299
300,300
301,301
302,302
303,303
304,304
305,305
306,306
307,307
308,308
309,309
310,310
311,311
312,312
313,313
314,314
315,315
316,316
317,317
318,318
319,319
320,320
321,321
322,322
323,323
324,324
325,325
326,326
327,327
328,328
329,329
330,330
331,331
332,332
333,333
334,334
335,335
336,336
337,337
338,338
339,339
340,340
341,341
342,342
343,343
344,344
345,345
346,346
347,347
348,348
349,349
350,350
351,351
352,352
353,353
354,354
355,355
356,356
357,357
358,358
359,359
360,360
361,361
362,362
363,363
364,364
365,365
366,366
367,367
368,368
369,369
370,370
371,371
372,372
373,373
374,374
375,375
376,376
377,377
378,378
379,379
380,380
381,381
382,382
383,383
384,384
385,385
386,386
387,387
388,388
389,389
390,390
391,391
392,392
393,393
394,394
395,395
396,396
397,397
398,398
399,399
400,400
401,401
402,402
403,403
404,404
405,405
406,406
407,407
408,408
409,409
410,410
411,411
412,412
413,413
414,414
415,415
416,416
417,417
418,418
419,419
420,420
421,421
422,422
423,423
424,424
425,425
426,426
427,427
428,428
429,429
430,430
431,431
432,432
433,433
434,434
435,435
436,436
437,437
438,438
439,439
440,440
441,441
442,442
443,443
444,444
445,445
446,446
447,447
448,448
449,449
450,450
451,451
452,452
453,453
454,454
455,455
456,456
457,457
458,458
459,459
460,460
461,461
462,462
463,463
464,464
465,465
466,466
467,467
468,468
469,469
470,470
471,471
472,472
473,473
474,474
475,475
476,476
477,477
478,478
479,479
480,480
481,481
482,482
483,483
484,484
485,485
486,486
487,487
488,488
489,489
490,490
491,491
492,492
493,493
494,494
495,495
496,496
497,497
498,498
499,499
500,500
501,501
502,502
503,503
504,504
505,505
506,506
507,507
508,508
509,509
510,510
511,511
512,512
513,513
514,514
515,515
516,516
517,517
518,518
519,519
520,520
521,521
522,522
523,523
524,524
525,525
526,526
527,527
528,528
529,529
530,530
531,531
532,532
533,533
534,534
535,535
536,536
537,537
538,538
539,539
540,540
541,541
542,542
543,543
544,544
545,545
546,546
547,547
548,548
549,549
550,550
551,551
552,552
553,553
554,554
555,555
556,556
557,557
558,558
559,559
560,560
561,561
562,562
563,563
564,564
565,565
566,566
567,567
568,568
569,569
570,570
571,571
572,572
573,573
574,574
575,575
576,576
577,577
578,578
579,579
580,580
581,581
582,582
583,583
584,584
585,585
586,586
587,587
588,588
589,589
590,590
591,591
592,592
593,593
594,594
595,595
596,596
597,597
598,598
599,599
600,600
601,601
602,602
603,603
604,604
605,605
606,606
607,607
608,608
609,609
610,610
611,611
612,612
613,613
614,614
615,615
616,616
617,617
618,618
619,619
620,620
621,621
622,622
623,623
624,624
625,625
626,626
627,627
628,628
629,629
630,630
631,631
632,632
633,633
634,634
635,635
636,636
637,637
638,638
639,639
640,640
641,641
642,642
643,643
644,644
645,645
646,646
647,647
648,648
649,649
650,650
651,651
652,652
653,653
654,654
655,655
656,656
657,657
658,658
659,659
660,660
661,661
662,662
663,663
664,664
665,665
666,666
667,667
668,668
669,669
670,670
671,671
672,672
673,673
674,674
675,675
676,676
677,677
678,678
679,679
680,680
681,681
682,682
683,683
684,684
685,685
686,686
687,687
688,688
689,689
690,690
691,691
692,692
693,693
694,694
695,695
696,696
697,697
698,698
699,699
700,700
701,701
702,702
703,703
704,704
705,705
706,706
707,707
708,708
709,709
710,710
711,711
712,712
713,713
714,714
715,715
716,716
717,717
718,718
719,719
720,720
721,721
722,722
723,723
724,724
725,725
726,726
727,727
728,728
729,729
730,730
731,731
732,732
733,733
734,734
735,735
736,736
737,737
738,738
739,739
740,740
741,741
742,742
743,743
744,744
745,745
746,746
747,747
748,748
749,749
750,750
751,751
752,752
753,753
754,754
755,755
756,756
757,757
758,758
759,759
760,760
761,761
762,762
763,763
764,764
765,765
766,766
767,767
768,768
769,769
770,770
771,771
772,772
773,773
774,774
775,775
776,776
777,777
778,778
779,779
780,780
781,781
782,782
783,783
784,784
785,785
786,786
787,787
788,788
789,789
790,790
791,791
792,792
793,793
794,794
795,795
796,796
797,797
798,798
799,799
800,800
801,801
802,802
803,803
804,804
805,805
806,806
807,807
808,808
809,809
810,810
811,811
812,812
813,813
814,814
815,815
816,816
817,817
818,818
819,819
820,820
821,821
822,822
823,823
824,824
825,825
826,826
827,827
828,828
829,829
830,830
831,831
832,832
833,833
834,834
835,835
836,836
837,837
838,838
839,839
840,840
841,841
842,842
843,843
844,844
845,845
846,846
847,847
848,848
849,849
850,850
851,851
852,852
853,853
854,854
855,855
856,856
857,857
858,858
859,859
860,860
861,861
862,862
863,863
864,864
865,865
866,866
867,867
868,868
869,869
870,870
871,871
872,872
873,873
874,874
875,875
876,876
877,877
878,878
879,879
880,880
881,881
882,882
883,883
884,884
885,885
886,886
887,887
888,888
889,889
890,890
891,891
892,892
893,893
894,894
895,895
896,896
897,897
898,898
899,899
900,900
901,901
902,902
903,903
904,904
905,905
906,906
907,907
908,908
909,909
910,910
911,911
912,912
913,913
914,914
915,915
916,916
917,917
918,918
919,919
920,920
921,921
922,922
923,923
924,924
925,925
926,926
927,927
928,928
929,929
930,930
931,931
932,932
933,933
934,934
935,935
936,936
937,937
938,938
939,939
940,940
941,941
942,942
943,943
944,944
945,945
946,946
947,947
948,948
949,949
950,950
951,951
952,952
953,953
954,954
955,955
956,956
957,957
958,958
959,959
960,960
961,961
962,962
963,963
964,964
965,965
966,966
967,967
968,968
969,969
970,970
971,971
972,972
973,973
974,974
975,975
976,976
977,977
978,978
979,979
980,980
981,981
982,982
983,983
984,984
985,985
986,986
987,987
988,988
989,989
990,990
991,991
992,992
993,993
994,994
995,995
996,996
997,997
998,998
999,999
1000,1000
1001,1001
1002,1002
1003,1003
1004,1004
1005,1005
1006,1006
1007,1007
1008,1008
1009,1009
1010,1010
1011,1011
1012,1012
1013,1013
1014,1014
1015,1015
1016,1016
1017,1017
1018,1018
1019,1019
1020,1020
1021,1021
1022,1022
1023,1023

0,389
3,196
4,46
4,160
6,403
6,558
6,33
7,860
7,443
8,211
9,981
11,112
11,828
12,344
14,454
15,461
18,337
19,914
19,117
21,779
21,461
21,549
22,952
22,7
23,116
25,758
25,611
27,829
27,918
28,742
29,296
30,490
30,250
30,146
34,4
34,46
34,170
36,951
37,842
37,334
41,343
41,416
41,981
42,779
43,721
44,338
44,738
44,663
47,608
48,513
48,496
49,14
51,836
53,74
53,685
53,108
55,7
55,93
55,398
55,61
56,311
56,604
57,254
58,718
58,151
58,141
58,588
59,7
60,23
62,656
62,434
63,48
63,405
63,165
63,433
63,677
64,391
67,172
68,891
68,719
69,521
69,583
70,504
71,166
72,944
73,520
74,354
74,880
74,68
74,776
75,150
77,603
77,115
77,836
77,859
78,924
78,349
78,250
80,346
81,525
82,476
82,889
82,81
83,647
84,562
84,895
85,528
86,705
86,450
89,467
89,64
89,1011
90,262
90,341
90,59
92,93
93,750
93,964
94,836
94,642
94,109
95,893
96,572
96,677
96,516
98,253
98,914
99,215
100,171
100,984
101,944
101,416
102,290
103,398
104,704
105,550
105,984
106,232
106,215
107,605
107,366
107,984
107,276
107,733
108,420
109,748
109,275
113,50
113,105
113,760
113,284
115,342
115,603
115,441
115,599
115,261
116,323
116,672
116,371
117,997
117,905
118,856
119,666
120,698
120,767
121,37
121,324
121,59
122,493
122,937
123,121
123,520
123,546
124,534
126,934
126,81
128,686
129,222
131,1000
134,63
134,429
134,571
134,956
134,270
134,683
135,951
137,609
139,152
139,422
141,650
141,443
142,319
143,335
143,624
143,742
144,644
146,331
147,43
148,413
148,574
150,876
150,606
150,211
151,735
151,441
151,369
152,978
152,389
153,595
153,988
155,846
155,401
155,206
155,296
155,324
155,463
158,848
160,822
160,307
161,96
162,797
163,853
163,395
164,686
164,728
164,392
164,641
164,146
165,379
166,759
167,850
168,941
170,297
170,76
170,985
170,4
171,301
171,951
171,406
171,100
172,371
172,287
173,859
173,77
173,530
173,371
173,1016
175,467
177,49
178,487
178,962
179,796
180,820
182,940
182,656
182,79
182,659
183,416
185,23
186,64
186,391
186,461
187,449
188,393
190,369
191,939
192,987
193,1013
196,18
196,25
197,600
197,722
198,62
198,213
199,928
200,128
200,941
201,443
201,1019
201,406
201,819
203,211
204,526
205,533
205,895
205,463
205,899
205,349
208,258
208,909
208,617
209,555
210,20
214,558
214,167
215,963
216,906
217,192
218,125
218,851
218,783
219,479
219,278
219,880
219,677
219,826
219,927
220,831
220,532
221,886
222,531
222,371
223,760
223,925
223,27
224,1006
225,342
226,144
231,200
232,724
232,315
237,282
238,740
239,590
239,678
240,424
240,815
240,133
240,266
241,703
241,438
243,351
244,409
245,739
245,797
246,248
247,551
247,43
248,486
248,354
248,896
249,310
249,942
249,738
250,777
250,461
250,802
250,282
250,895
250,614
252,677
253,818
254,685
258,727
258,530
258,433
258,63
258,974
261,853
261,126
261,107
261,789
262,407
262,773
264,44
265,580
266,314
269,388
270,528
270,576
270,530
271,611
272,485
272,470
274,85
275,393
276,565
277,576
277,622
277,168
278,182
279,679
279,661
280,150
281,723
281,623
282,451
284,925
286,129
286,133
286,116
287,412
288,941
289,789
289,327
292,55
294,721
294,821
295,300
296,491
296,160
296,854
296,526
296,984
297,597
297,955
299,532
300,410
301,472
303,69
305,532
307,264
307,44
307,128
307,491
308,841
310,893
311,380
311,789
313,6
314,395
315,340
315,622
315,108
317,941
317,462
318,461
318,109
319,558
321,659
322,535
324,458
324,462
324,806
325,972
326,966
327,57
327,782
327,68
328,822
330,311
331,41
332,1000
333,993
334,916
334,520
335,470
335,667
336,938
337,218
337,249
337,853
338,245
338,505
338,643
338,361
339,143
339,113
339,559
340,805
340,632
341,993
341,521
342,853
342,208
343,903
343,573
344,687
344,408
345,441
345,497
346,861
348,461
348,633
348,889
348,266
349,841
350,951
350,756
351,410
351,470
351,886
352,1007
352,449
353,104
353,571
354,480
354,566
354,842
354,214
354,804
354,880
354,68
355,693
357,83
358,815
358,53
358,79
359,837
359,133
359,20
362,290
364,84
364,556
364,227
364,876
365,332
365,775
366,451
366,443
368,646
368,9
369,653
371,993
371,75
372,594
373,643
373,981
374,671
374,198
374,784
375,153
377,235
379,669
379,649
379,272
380,872
381,227
382,927
382,577
382,812
382,651
384,240
384,363
384,576
384,574
384,735
385,989
385,784
385,196
388,365
389,793
389,536
391,212
391,364
391,859
392,423
392,555
392,728
393,121
393,964
394,205
395,527
395,952
395,342
396,716
397,255
397,877
398,243
398,991
398,860
399,792
399,642
399,225
401,266
401,864
401,694
401,28
403,901
403,839
404,226
405,847
405,862
406,335
406,533
407,390
407,622
408,825
408,687
410,470
411,158
412,570
413,155
413,959
413,735
413,363
413,479
413,818
413,359
413,915
414,458
415,540
416,410
417,692
420,816
420,225
420,28
421,797
422,71
422,526
423,310
423,668
429,126
429,573
430,410
431,582
431,58
433,279
434,599
434,582
435,594
435,999
436,684
437,681
437,789
439,487
440,602
441,135
441,59
442,106
443,72
443,984
444,372
444,178
445,414
446,600
448,272
448,373
448,190
450,58
451,171
451,100
451,337
452,878
453,141
454,943
455,294
455,94
456,823
457,562
457,525
457,1020
458,927
458,178
459,757
460,1011
461,630
461,877
462,932
462,571
463,246
463,526
463,173
463,826
465,424
465,207
466,467
467,424
467,325
467,794
467,658
468,800
469,862
469,849
469,550
470,278
470,443
471,544
472,703
472,446
474,391
476,250
476,802
476,348
476,895
477,237
477,141
477,476
478,759
479,206
479,134
479,843
480,277
480,720
480,891
480,395
481,999
481,74
481,42
485,987
485,620
485,651
486,763
486,296
487,498
487,195
490,573
491,160
491,1012
491,873
491,858
492,103
494,642
494,531
495,993
495,752
495,392
496,353
497,197
498,784
498,921
500,150
504,225
506,812
507,864
509,285
511,812
511,533
512,448
513,122
514,481
514,384
517,148
519,179
520,77
520,536
521,546
521,262
522,999
524,789
525,782
525,320
525,467
526,382
526,688
526,651
526,246
526,448
527,74
527,776
528,21
528,457
530,703
530,525
531,966
531,533
533,155
533,53
534,226
535,760
536,730
536,794
536,77
539,843
539,297
540,359
540,413
540,415
540,886
540,53
540,999
542,915
543,674
544,115
546,516
546,520
547,810
549,297
549,688
549,461
551,641
554,973
555,103
556,983
558,107
558,345
559,777
560,527
560,56
562,99
562,270
562,576
562,613
565,812
565,537
566,794
566,115
566,47
567,584
567,266
569,813
569,702
570,151
571,224
571,1016
571,463
571,622
572,297
572,307
572,640
573,974
573,422
573,617
573,48
574,302
574,358
576,560
576,395
576,155
577,153
577,688
578,684
580,667
580,462
580,339
582,286
583,700
584,307
584,491
585,933
586,492
587,56
588,86
589,437
589,155
590,599
590,714
591,744
593,991
594,469
594,818
594,109
595,68
595,617
597,955
598,58
599,281
601,81
602,722
602,335
603,186
604,720
604,525
605,842
605,566
606,351
607,534
608,774
608,733
609,514
609,797
610,882
610,46
610,11
611,527
611,711
613,797
614,992
616,847
617,680
617,28
617,208
619,277
620,450
620,588
620,934
620,477
620,318
620,246
620,749
621,47
622,441
622,315
622,542
622,247
623,698
623,937
624,274
624,172
624,824
624,594
624,602
625,496
626,388
628,595
633,702
633,802
634,625
635,148
635,574
635,517
635,308
635,112
637,109
641,481
642,622
642,315
642,370
642,946
642,53
642,792
643,812
643,339
643,828
644,359
646,451
646,237
647,477
647,476
647,801
648,867
649,680
649,694
650,163
650,926
650,1001
650,178
651,373
652,18
652,857
653,955
655,492
656,358
656,53
656,729
656,531
657,339
658,635
659,284
659,961
661,1020
661,270
661,78
661,287
663,1005
666,752
667,955
668,843
668,334
668,262
671,82
672,789
672,203
672,323
674,265
674,250
674,285
675,352
675,541
677,602
677,463
677,248
677,430
677,826
677,173
677,219
678,476
679,23
679,470
679,780
680,401
680,742
680,413
680,650
681,217
684,373
684,581
685,521
685,479
686,160
687,439
687,311
687,882
687,408
688,642
688,602
688,68
689,901
691,57
691,199
692,86
692,536
693,796
694,476
694,977
695,787
696,953
697,325
698,506
698,514
700,324
701,518
701,165
702,623
702,1003
703,880
704,452
704,878
705,540
705,276
705,74
706,220
706,455
707,940
708,94
710,731
711,985
711,469
712,92
713,382
714,105
714,711
718,7
718,647
719,413
719,354
719,766
719,815
720,877
720,982
720,422
720,773
720,277
721,882
721,525
721,790
721,12
722,463
722,927
724,603
724,250
725,62
727,279
728,10
728,146
729,635
729,915
730,77
731,89
731,470
732,789
733,161
733,317
733,688
733,602
734,29
735,64
735,155
735,891
735,443
738,108
738,1012
738,399
739,137
739,609
739,705
739,371
742,891
742,413
742,401
742,266
744,558
745,216
747,419
749,344
749,135
750,289
752,578
752,436
752,982
752,131
753,358
756,712
756,338
757,121
758,784
759,17
759,307
760,920
760,762
761,34
761,671
762,271
763,354
764,142
768,1015
771,906
772,921
773,990
773,56
773,789
774,855
774,963
775,825
776,167
776,354
777,408
777,811
777,342
779,973
780,886
780,490
781,478
784,652
784,834
784,354
784,714
784,102
787,871
789,173
789,990
790,498
791,200
791,25
791,61
792,41
793,801
794,451
796,782
796,783
797,961
797,643
799,294
800,216
801,689
801,971
802,984
802,620
802,237
802,702
804,674
805,63
806,85
808,187
808,250
808,115
809,121
810,397
810,806
811,1022
811,525
812,677
812,219
812,826
812,324
812,823
812,30
812,366
813,586
813,623
815,540
815,886
815,415
816,928
816,962
816,225
817,326
818,23
818,893
819,847
820,857
820,6
820,385
821,749
822,720
822,854
824,372
824,408
824,871
825,296
825,854
825,577
828,889
828,642
829,942
832,784
832,102
834,761
834,34
835,589
836,738
836,730
837,210
837,758
838,712
839,98
840,411
841,576
841,855
842,395
842,480
842,940
843,719
843,924
843,858
843,75
843,635
844,824
845,342
846,567
846,735
846,959
846,205
847,1023
847,366
847,862
848,350
848,356
850,542
851,108
852,247
852,399
852,936
853,208
853,617
853,919
853,314
853,348
853,353
854,104
856,1018
857,700
858,959
859,620
859,647
859,948
860,750
861,407
862,742
862,496
865,791
866,1016
866,315
867,701
870,232
871,362
871,921
871,556
872,238
872,770
873,4
873,360
874,818
875,185
877,261
877,909
878,1008
880,733
880,941
880,480
881,201
881,373
881,170
882,762
882,113
887,956
888,343
889,232
889,16
889,811
890,164
891,47
891,155
891,782
891,254
893,146
893,30
893,935
893,894
893,841
895,899
895,533
898,173
899,511
901,565
901,323
901,558
902,164
903,800
903,779
904,123
905,917
905,178
905,708
905,832
906,32
906,457
907,249
907,420
907,738
907,337
909,353
911,530
914,496
914,946
915,766
915,843
916,971
916,241
916,772
916,836
916,566
917,982
918,723
919,208
920,604
920,836
920,51
921,801
921,524
924,155
924,205
924,30
924,719
925,1021
925,1014
926,163
927,74
927,289
927,462
928,53
928,399
928,423
928,890
928,962
930,220
931,907
931,974
934,467
934,258
934,81
935,272
936,646
937,134
937,573
937,590
938,661
939,820
940,214
941,223
941,875
941,462
944,239
946,866
946,571
947,735
949,744
950,780
951,476
952,941
952,27
955,688
956,496
956,63
957,494
958,470
959,384
959,296
959,155
960,945
961,361
962,738
963,240
963,359
966,431
969,525
970,368
971,585
971,933
972,931
972,218
973,749
973,1001
973,935
973,906
974,512
974,978
974,422
975,385
976,799
977,621
977,614
978,680
980,67
980,542
981,463
981,569
981,343
982,832
983,573
983,624
984,808
984,115
984,605
984,72
984,952
985,500
985,469
987,705
987,462
988,266
988,218
990,948
990,413
991,90
991,249
992,369
992,570
993,668
993,423
994,106
995,647
996,52
997,473
999,221
999,533
1002,680
1003,590
1004,960
1005,848
1005,720
1006,866
1007,941
1008,681
1009,628
1011,606
1012,422
1013,345
1014,697
1015,415
1015,957
1016,318
1016,224
1017,957
1018,706
1018,16
1019,456
1019,610
1019,11
1020,773
1020,720
1020,920
1021,322
1022,577
1023,626
1023,61
