0,0
1,1
2,2
3,3
4,4
5,5
6,6
7,7
8,8
9,9
10,10
11,11
12,12
13,13
14,14
15,15
16,16
17,17
18,18
19,19
20,20
21,21
22,22
23,23
24,24
25,25
26,26
27,27
28,28
29,29
30,30
31,31
32,32
33,33
34,34
35,35
36,36
37,37
38,38
39,39
40,40
41,41
42,42
43,43
44,44
45,45
46,46
47,47
48,48
49,49
50,50
51,51
52,52
53,53
54,54
55,55
56,56
57,57
58,58
59,59
60,60
61,61
62,62
63,63
64,64
65,65
66,66
67,67
68,68
69,69
70,70
71,71
72,72
73,73
74,74
75,75
76,76
77,77
78,78
79,79
80,80
81,81
82,82
83,83
84,84
85,85
86,86
87,87
88,88
89,89
90,90
91,91
92,92
93,93
94,94
95,95
96,96
97,97
98,98
99,99
100,100
101,101
102,102
103,103
104,104
105,105
106,106
107,107
108,108
109,109
110,110
111,111
112,112
113,113
114,114
115,115
116,116
117,117
118,118
119,119
120,120
121,121
122,122
123,123
124,124
125,125
126,126
127,127
128,128
129,129
130,130
131,131
132,132
133,133
134,134
135,135
136,136
137,137
138,138
139,139
140,140
141,141
142,142
143,143
144,144
145,145
146,146
147,147
148,148
149,149
150,150
151,151
152,152
153,153
154,154
155,155
156,156
157,157
158,158
159,159
160,160
161,161
162,162
163,163
164,164
165,165
166,166
167,167
168,168
169,169
170,170
171,171
172,172
173,173
174,174
175,175
176,176
177,177
178,178
179,179
180,180
181,181
182,182
183,183
184,184
185,185
186,186
187,187
188,188
189,189
190,190
191,191
192,192
193,193
194,194
195,195
196,196
197,197
198,198
199,199
200,200
201,201
202,202
203,203
204,204
205,205
206,206
207,207
208,208
209,209
210,210
211,211
212,212
213,213
214,214
215,215
216,216
217,217
218,218
219,219
220,220
221,221
222,222
223,223
224,224
225,225
226,226
227,227
228,228
229,229
230,230
231,231
232,232
233,233
234,234
235,235
236,236
237,237
238,238
239,239
240,240
241,241
242,242
243,243
244,244
245,245
246,246
247,247
248,248
249,249
250,250
251,251
252,252
253,253
254,254
255,255
256,256
257,257
258,258
259,259
260,260
261,261
262,262
263,263
264,264
265,265
266,266
267,267
268,268
269,269
270,270
271,271
272,272
273,273
274,274
275,275
276,276
277,277
278,278
279,279
280,280
281,281
282,282
283,283
284,284
285,285
286,286
287,287
288,288
289,289
290,290
291,291
292,292
293,293
294,294
295,295
296,296
297,297
298,298
299,299
300,300
301,301
302,302
303,303
304,304
305,305
306,306
307,307
308,308
309,309
310,310
311,311
312,312
313,313
314,314
315,315
316,316
317,317
318,318
319,319
320,320
321,321
322,322
323,323
324,324
325,325
326,326
327,327
328,328
329,329
330,330
331,331
332,332
333,333
334,334
335,335
336,336
337,337
338,338
339,339
340,340
341,341
342,342
343,343
344,344
345,345
346,346
347,347
348,348
349,349
350,350
351,351
352,352
353,353
354,354
355,355
356,356
357,357
358,358
359,359
360,360
361,361
362,362
363,363
364,364
365,365
366,366
367,367
368,368
369,369
370,370
371,371
372,372
373,373
374,374
375,375
376,376
377,377
378,378
379,379
380,380
381,381
382,382
383,383
384,384
385,385
386,386
387,387
388,388
389,389
390,390
391,391
392,392
393,393
394,394
395,395
396,396
397,397
398,398
399,399
400,400
401,401
402,402
403,403
404,404
405,405
406,406
407,407
408,408
409,409
410,410
411,411
412,412
413,413
414,414
415,415
416,416
417,417
418,418
419,419
420,420
421,421
422,422
423,423
424,424
425,425
426,426
427,427
428,428
429,429
430,430
431,431
432,432
433,433
434,434
435,435
436,436
437,437
438,438
439,439
440,440
441,441
442,442
443,443
444,444
445,445
446,446
447,447
448,448
449,449
450,450
451,451
452,452
453,453
454,454
455,455
456,456
457,457
458,458
459,459
460,460
461,461
462,462
463,463
464,464
465,465
466,466
467,467
468,468
469,469
470,470
471,471
472,472
473,473
474,474
475,475
476,476
477,477
478,478
479,479
480,480
481,481
482,482
483,483
484,484
485,485
486,486
487,487
488,488
489,489
490,490
491,491
492,492
493,493
494,494
495,495
496,496
497,497
498,498
499,499
500,500
501,501
502,502
503,503
504,504
505,505
506,506
507,507
508,508
509,509
510,510
511,511
512,512
513,513
514,514
515,515
516,516
517,517
518,518
519,519
520,520
521,521
522,522
523,523
524,524
525,525
526,526
527,527
528,528
529,529
530,530
531,531
532,532
533,533
534,534
535,535
536,536
537,537
538,538
539,539
540,540
541,541
542,542
543,543
544,544
545,545
546,546
547,547
548,548
549,549
550,550
551,551
552,552
553,553
554,554
555,555
556,556
557,557
558,558
559,559
560,560
561,561
562,562
563,563
564,564
565,565
566,566
567,567
568,568
569,569
570,570
571,571
572,572
573,573
574,574
575,575
576,576
577,577
578,578
579,579
580,580
581,581
582,582
583,583
584,584
585,585
586,586
587,587
588,588
589,589
590,590
591,591
592,592
593,593
594,594
595,595
596,596
597,597
598,598
599,599
600,600
601,601
602,602
603,603
604,604
605,605
606,606
607,607
608,608
609,609
610,610
611,611
612,612
613,613
614,614
615,615
616,616
617,617
618,618
619,619
620,620
621,621
622,622
623,623
624,624
625,625
626,626
627,627
628,628
629,629
630,630
631,631
632,632
633,633
634,634
635,635
636,636
637,637
638,638
639,639
640,640
641,641
642,642
643,643
644,644
645,645
646,646
647,647
648,648
649,649
650,650
651,651
652,652
653,653
654,654
655,655
656,656
657,657
658,658
659,659
660,660
661,661
662,662
663,663
664,664
665,665
666,666
667,667
668,668
669,669
670,670
671,671
672,672
673,673
674,674
675,675
676,676
677,677
678,678
679,679
680,680
681,681
682,682
683,683
684,684
685,685
686,686
687,687
688,688
689,689
690,690
691,691
692,692
693,693
694,694
695,695
696,696
697,697
698,698
699,699
700,700
701,701
702,702
703,703
704,704
705,705
706,706
707,707
708,708
709,709
710,710
711,711
712,712
713,713
714,714
715,715
716,716
717,717
718,718
719,719
720,720
721,721
722,722
723,723
724,724
725,725
726,726
727,727
728,728
729,729
730,730
731,731
732,732
733,733
734,734
735,735
736,736
737,737
738,738
739,739
740,740
741,741
742,742
743,743
744,744
745,745
746,746
747,747
748,748
749,749
750,750
751,751
752,752
753,753
754,754
755,755
756,756
757,757
758,758
759,759
760,760
761,761
762,762
763,763
764,764
765,765
766,766
767,767
768,768
769,769
770,770
771,771
772,772
773,773
774,774
775,775
776,776
777,777
778,778
779,779
780,780
781,781
782,782
783,783
784,784
785,785
786,786
787,787
788,788
789,789
790,790
791,791
792,792
793,793
794,794
795,795
796,796
797,797
798,798
799,799
800,800
801,801
802,802
803,803
804,804
805,805
806,806
807,807
808,808
809,809
810,810
811,811
812,812
813,813
814,814
815,815
816,816
817,817
818,818
819,819
820,820
821,821
822,822
823,823
824,824
825,825
826,826
827,827
828,828
829,829
830,830
831,831
832,832
833,833
834,834
835,835
836,836
837,837
838,838
839,839
840,840
841,841
842,842
843,843
844,844
845,845
846,846
847,847
848,848
849,849
850,850
851,851
852,852
853,853
854,854
855,855
856,856
857,857
858,858
859,859
860,860
861,861
862,862
863,863
864,864
865,865
866,866
867,867
868,868
869,869
870,870
871,871
872,872
873,873
874,874
875,875
876,876
877,877
878,878
879,879
880,880
881,881
882,882
883,883
884,884
885,885
886,886
887,887
888,888
889,889
890,890
891,891
892,892
893,893
894,894
895,895
896,896
897,897
898,898
899,899
900,900
901,901
902,902
903,903
904,904
905,905
906,906
907,907
908,908
909,909
910,910
911,911
912,912
913,913
914,914
915,915
916,916
917,917
918,918
919,919
920,920
921,921
922,922
923,923
924,924
925,925
926,926
927,927
928,928
929,929
930,930
931,931
932,932
933,933
934,934
935,935
936,936
937,937
938,938
939,939
940,940
941,941
942,942
943,943
944,944
945,945
946,946
947,947
948,948
949,949
950,950
951,951
952,952
953,953
954,954
955,955
956,956
957,957
958,958
959,959
960,960
961,961
962,962
963,963
964,964
965,965
966,966
967,967
968,968
969,969
970,970
971,971
972,972
973,973
974,974
975,975
976,976
977,977
978,978
979,979
980,980
981,981
982,982
983,983
984,984
985,985
986,986
987,987
988,988
989,989
990,990
991,991
992,992
993,993
994,994
995,995
996,996
997,997
998,998
999,999
1000,1000
1001,1001
1002,1002
1003,1003
1004,1004
1005,1005
1006,1006
1007,1007
1008,1008
1009,1009
1010,1010
1011,1011
1012,1012
1013,1013
1014,1014
1015,1015
1016,1016
1017,1017
1018,1018
1019,1019
1020,1020
1021,1021
1022,1022
1023,1023

0,194
0,794
6,403
6,558
9,510
14,659
16,742
16,748
16,461
19,117
20,758
21,461
23,116
23,851
26,830
27,918
27,223
28,518
28,51
28,208
30,490
30,935
30,600
32,949
34,342
41,981
41,416
41,343
42,324
45,343
47,608
47,704
47,480
48,126
48,880
50,897
50,105
50,143
51,604
53,74
56,311
56,990
56,261
56,789
57,254
58,718
60,23
61,985
61,626
62,656
63,48
63,429
63,405
63,496
63,433
64,391
64,556
64,250
65,179
68,719
68,891
68,42
68,165
68,354
68,789
70,225
72,944
72,984
74,354
74,880
74,68
74,919
74,289
77,603
77,115
77,828
78,349
78,633
79,656
81,934
81,525
81,405
82,811
82,476
84,309
84,895
85,528
85,296
86,705
88,77
90,441
92,93
93,964
93,750
93,496
94,836
94,329
94,706
95,841
96,572
96,640
98,914
98,871
98,974
98,599
99,270
100,894
104,704
104,862
105,550
105,50
107,276
107,984
107,366
107,605
108,420
109,836
111,819
113,50
113,760
113,105
113,578
113,647
113,891
115,342
115,808
115,603
115,788
116,323
116,222
117,997
118,856
121,334
122,493
123,121
124,534
124,761
125,851
125,974
126,81
128,686
129,222
129,116
133,20
134,63
134,270
134,956
135,973
135,926
139,972
141,650
141,443
141,151
143,742
143,335
143,331
143,415
144,644
146,339
148,413
150,876
151,735
151,650
152,389
155,846
155,401
155,256
158,476
158,338
158,848
160,822
161,96
163,853
163,178
164,686
165,719
167,850
168,941
169,955
171,301
171,951
172,113
173,859
173,526
173,354
178,487
178,962
178,853
180,820
182,79
182,656
182,940
185,23
186,391
186,64
186,476
187,724
187,449
187,490
187,342
190,369
192,987
192,932
194,542
194,100
195,498
195,919
197,722
197,600
197,984
200,941
200,128
201,443
204,330
204,526
205,899
208,395
208,200
208,617
212,227
214,480
214,558
214,527
214,57
214,363
214,47
215,963
217,192
218,125
218,851
218,590
219,880
219,278
220,532
220,16
222,371
222,672
223,760
223,918
224,622
225,342
225,504
225,761
227,64
229,787
230,75
231,200
231,208
236,88
237,282
239,678
239,187
240,815
240,424
240,359
240,401
240,133
241,836
246,569
246,760
247,551
248,354
248,463
248,486
249,310
249,90
250,777
250,895
250,240
250,688
250,265
250,348
254,685
254,173
256,485
257,24
258,530
258,727
258,886
261,853
261,909
264,297
264,128
265,462
266,884
270,797
270,525
270,1020
270,63
271,611
272,485
272,694
272,669
274,85
274,172
275,329
275,393
276,565
277,168
277,576
278,826
279,679
281,714
281,623
285,250
285,422
286,116
286,129
286,133
289,327
289,789
289,68
289,74
290,714
294,721
296,854
296,687
296,760
296,354
296,846
297,597
297,955
301,951
301,476
307,264
309,617
310,893
313,6
314,617
314,919
314,680
315,340
315,735
316,878
317,462
317,720
319,558
322,204
323,993
323,129
324,458
324,779
325,972
325,426
327,782
327,57
327,842
327,68
328,41
329,858
330,642
331,742
332,134
333,993
334,546
334,916
335,470
335,113
338,505
338,643
338,848
339,143
339,113
339,886
339,505
339,496
339,107
340,632
340,805
342,853
342,46
342,808
342,603
343,903
343,158
343,981
344,408
345,497
345,366
346,861
347,373
348,461
348,16
348,777
348,802
349,841
350,542
351,886
353,946
353,104
353,261
354,566
354,214
354,842
354,327
354,68
354,859
356,788
356,115
358,815
359,133
359,837
359,240
361,215
362,372
363,479
363,959
363,155
363,735
364,556
364,920
364,212
365,775
365,332
366,984
366,497
368,9
369,955
369,653
370,315
370,622
370,224
370,64
371,323
372,408
373,643
373,581
379,272
379,669
382,927
384,240
388,365
388,756
389,793
389,978
389,536
391,364
391,212
391,64
391,370
392,423
393,94
394,205
395,952
395,527
395,487
395,720
396,625
397,877
399,792
400,950
401,266
401,567
401,742
403,901
403,558
405,847
408,825
408,469
408,802
411,158
413,363
413,959
413,155
413,479
413,735
413,864
413,315
413,880
415,424
415,742
415,540
416,343
416,981
418,948
420,834
422,71
424,207
424,811
426,972
429,48
430,410
430,794
433,279
433,405
441,135
441,893
442,106
443,984
443,72
443,197
444,372
448,373
448,272
448,190
449,1017
450,959
451,100
451,171
451,441
451,194
455,94
455,275
457,562
457,525
458,927
458,462
461,630
461,549
461,339
461,408
462,580
462,927
463,526
463,173
463,246
463,533
463,854
465,207
465,424
467,815
467,433
468,800
469,862
469,335
470,104
470,780
472,600
475,541
476,250
476,348
476,802
476,50
476,957
477,689
479,206
479,567
479,480
479,363
479,877
480,720
480,277
480,395
480,719
482,155
483,738
485,620
485,669
486,763
487,498
487,195
490,430
490,724
491,1012
493,683
495,752
496,353
496,1003
496,429
497,197
497,451
498,784
498,573
498,982
498,617
500,150
500,527
504,342
505,677
506,68
509,698
512,190
512,448
513,126
514,384
519,179
521,546
523,157
525,782
525,831
525,613
526,77
526,382
526,859
527,776
527,27
528,457
528,21
530,588
530,727
531,966
531,533
532,525
533,173
534,153
535,853
536,86
539,297
540,730
540,985
540,258
541,449
542,107
542,915
543,674
549,457
551,641
552,944
554,135
556,84
556,983
558,345
558,107
558,839
559,651
562,270
562,613
563,516
565,812
566,413
566,842
567,584
567,934
569,702
569,813
569,903
570,151
570,369
571,224
571,594
571,370
572,307
573,422
573,650
574,302
576,560
577,534
578,982
578,105
580,559
580,667
581,643
582,286
584,491
586,797
590,599
590,98
590,1003
594,824
597,955
597,858
599,281
599,185
599,813
600,808
602,722
603,186
603,642
604,680
605,1001
605,366
605,540
607,534
608,274
608,880
611,711
612,788
613,99
614,992
616,441
616,847
617,680
617,28
617,919
617,208
617,314
617,195
619,277
620,934
620,450
622,186
623,937
623,98
624,891
624,571
625,496
626,388
626,985
631,216
633,702
633,1020
640,572
642,370
642,622
642,946
643,339
643,812
643,356
643,684
647,801
647,246
648,867
649,379
650,1001
650,163
650,178
650,926
650,735
651,811
651,143
653,955
655,661
656,53
656,729
656,358
656,940
659,284
661,270
661,1020
661,78
661,530
667,955
667,559
668,75
669,272
669,620
671,82
672,203
672,531
673,1012
674,285
677,248
677,602
678,476
679,780
679,470
680,413
680,742
680,401
681,217
684,373
684,812
685,521
686,160
687,439
688,364
689,901
692,536
693,796
694,256
694,680
697,325
700,324
701,68
701,28
702,590
702,1003
702,98
702,623
703,880
704,316
704,452
704,825
705,540
706,220
706,109
707,940
708,178
711,540
712,92
712,982
714,723
718,605
718,141
718,467
719,413
719,608
720,877
720,773
720,479
722,600
724,573
724,590
727,433
727,63
727,467
729,915
729,53
733,161
733,354
735,317
735,155
735,163
736,704
738,784
742,891
742,624
742,413
743,574
749,344
750,964
751,343
752,982
752,578
756,712
756,684
758,210
758,133
760,920
760,925
760,603
760,47
761,34
761,534
762,271
763,296
766,843
766,187
767,506
767,812
772,241
773,56
773,789
773,990
775,825
776,167
776,480
777,408
777,461
778,640
780,661
780,470
782,576
782,57
782,789
784,834
784,108
785,806
787,839
788,982
788,957
788,712
788,342
789,173
789,354
789,56
789,990
792,642
793,801
794,451
796,782
797,961
800,216
800,631
801,477
801,524
802,984
802,895
802,815
802,250
805,63
805,632
806,85
808,187
808,915
808,72
809,842
810,397
811,1022
811,889
811,802
812,219
812,345
812,339
813,281
813,702
815,415
815,540
815,886
815,348
815,605
818,23
819,847
820,6
822,720
822,463
824,274
825,296
825,85
826,134
827,890
828,651
829,942
830,76
833,971
834,761
834,225
836,703
836,642
836,16
836,604
837,758
837,133
839,339
839,893
839,98
840,411
841,855
841,576
842,395
842,214
842,719
843,858
843,924
843,597
844,430
845,342
846,567
846,384
846,479
847,1023
847,862
847,411
848,684
848,756
848,356
848,350
848,1023
848,338
850,622
851,125
851,512
853,919
853,617
853,314
853,208
853,395
853,605
853,982
854,104
854,526
856,1018
858,719
859,647
859,526
862,47
864,155
866,571
867,701
867,649
871,921
871,914
873,360
874,818
875,325
877,909
877,261
877,56
878,1008
880,733
880,513
880,829
880,214
880,566
882,762
884,1015
884,988
886,530
886,143
889,476
891,47
891,362
891,1022
891,760
891,719
891,214
893,30
893,146
893,100
894,141
895,472
895,309
897,391
898,173
899,463
900,270
901,237
901,565
903,973
903,813
905,708
906,32
909,353
910,703
911,530
912,285
914,496
914,893
915,766
915,107
916,772
916,971
917,982
917,487
918,20
918,74
918,723
919,231
919,218
919,104
919,208
919,314
919,28
919,880
919,617
920,604
920,836
920,556
921,801
924,858
925,1021
925,1014
926,722
926,163
927,74
927,289
929,988
929,884
929,919
932,987
933,585
934,258
934,467
934,58
935,490
938,661
939,700
940,79
941,223
941,27
941,875
944,239
946,571
946,866
946,143
947,139
949,744
950,74
951,476
951,301
952,27
952,941
952,214
952,527
955,843
955,39
956,63
957,314
957,982
957,250
959,296
959,155
959,363
960,945
961,361
962,917
963,359
963,240
966,58
969,231
970,368
971,933
972,218
972,974
972,702
973,800
973,749
974,978
974,512
974,218
974,851
976,294
978,512
978,793
978,218
981,569
981,463
981,982
982,1017
982,822
982,993
982,82
982,738
982,808
983,573
983,650
984,808
984,115
984,461
984,356
984,30
985,500
985,626
987,705
987,462
988,266
988,1015
990,948
990,877
991,249
992,570
993,668
994,215
999,533
1001,135
1001,617
1003,599
1003,353
1003,590
1004,960
1005,848
1007,941
1007,875
1008,681
1012,422
1012,912
1012,160
1014,322
1015,415
1015,919
1017,957
1018,16
1018,706
1018,455
1020,720
1020,702
1021,535
1022,577
1022,1017
1023,61
1023,626
