0,0
1,1
2,2
3,3
4,4
5,5
6,6
7,7
8,8
9,9
10,10
11,11
12,12
13,13
14,14
15,15
16,16
17,17
18,18
19,19
20,20
21,21
22,22
23,23
24,24
25,25
26,26
27,27
28,28
29,29
30,30
31,31
32,32
33,33
34,34
35,35
36,36
37,37
38,38
39,39
40,40
41,41
42,42
43,43
44,44
45,45
46,46
47,47
48,48
49,49
50,50
51,51
52,52
53,53
54,54
55,55
56,56
57,57
58,58
59,59
60,60
61,61
62,62
63,63
64,64
65,65
66,66
67,67
68,68
69,69
70,70
71,71
72,72
73,73
74,74
75,75
76,76
77,77
78,78
79,79
80,80
81,81
82,82
83,83
84,84
85,85
86,86
87,87
88,88
89,89
90,90
91,91
92,92
93,93
94,94
95,95
96,96
97,97
98,98
99,99
100,100
101,101
102,102
103,103
104,104
105,105
106,106
107,107
108,108
109,109
110,110
111,111
112,112
113,113
114,114
115,115
116,116
117,117
118,118
119,119
120,120
121,121
122,122
123,123
124,124
125,125
126,126
127,127
128,128
129,129
130,130
131,131
132,132
133,133
134,134
135,135
136,136
137,137
138,138
139,139
140,140
141,141
142,142
143,143
144,144
145,145
146,146
147,147
148,148
149,149
150,150
151,151
152,152
153,153
154,154
155,155
156,156
157,157
158,158
159,159
160,160
161,161
162,162
163,163
164,164
165,165
166,166
167,167
168,168
169,169
170,170
171,171
172,172
173,173
174,174
175,175
176,176
177,177
178,178
179,179
180,180
181,181
182,182
183,183
184,184
185,185
186,186
187,187
188,188
189,189
190,190
191,191
192,192
193,193
194,194
195,195
196,196
197,197
198,198
199,199
200,200
201,201
202,202
203,203
204,204
205,205
206,206
207,207
208,208
209,209
210,210
211,211
212,212
213,213
214,214
215,215
216,216
217,217
218,218
219,219
220,220
221,221
222,222
223,223
224,224
225,225
226,226
227,227
228,228
229,229
230,230
231,231
232,232
233,233
234,234
235,235
236,236
237,237
238,238
239,239
240,240
241,241
242,242
243,243
244,244
245,245
246,246
247,247
248,248
249,249
250,250
251,251
252,252
253,253
254,254
255,255
256,256
257,257
258,258
259,259
260,260
261,261
262,262
263,263
264,264
265,265
266,266
267,267
268,268
269,269
270,270
271,271
272,272
273,273
274,274
275,275
276,276
277,277
278,278
279,279
280,280
281,281
282,282
283,283
284,284
285,285
286,286
287,287
288,288
289,289
290,290
291,291
292,292
293,293
294,294
295,295
296,296
297,297
298,298
299,299
300,300
301,301
302,302
303,303
304,304
305,305
306,306
307,307
308,308
309,309
310,310
311,311
312,312
313,313
314,314
315,315
316,316
317,317
318,318
319,319
320,320
321,321
322,322
323,323
324,324
325,325
326,326
327,327
328,328
329,329
330,330
331,331
332,332
333,333
334,334
335,335
336,336
337,337
338,338
339,339
340,340
341,341
342,342
343,343
344,344
345,345
346,346
347,347
348,348
349,349
350,350
351,351
352,352
353,353
354,354
355,355
356,356
357,357
358,358
359,359
360,360
361,361
362,362
363,363
364,364
365,365
366,366
367,367
368,368
369,369
370,370
371,371
372,372
373,373
374,374
375,375
376,376
377,377
378,378
379,379
380,380
381,381
382,382
383,383
384,384
385,385
386,386
387,387
388,388
389,389
390,390
391,391
392,392
393,393
394,394
395,395
396,396
397,397
398,398
399,399
400,400
401,401
402,402
403,403
404,404
405,405
406,406
407,407
408,408
409,409
410,410
411,411
412,412
413,413
414,414
415,415
416,416
417,417
418,418
419,419
420,420
421,421
422,422
423,423
424,424
425,425
426,426
427,427
428,428
429,429
430,430
431,431
432,432
433,433
434,434
435,435
436,436
437,437
438,438
439,439
440,440
441,441
442,442
443,443
444,444
445,445
446,446
447,447
448,448
449,449
450,450
451,451
452,452
453,453
454,454
455,455
456,456
457,457
458,458
459,459
460,460
461,461
462,462
463,463
464,464
465,465
466,466
467,467
468,468
469,469
470,470
471,471
472,472
473,473
474,474
475,475
476,476
477,477
478,478
479,479
480,480
481,481
482,482
483,483
484,484
485,485
486,486
487,487
488,488
489,489
490,490
491,491
492,492
493,493
494,494
495,495
496,496
497,497
498,498
499,499
500,500
501,501
502,502
503,503
504,504
505,505
506,506
507,507
508,508
509,509
510,510
511,511
512,512
513,513
514,514
515,515
516,516
517,517
518,518
519,519
520,520
521,521
522,522
523,523
524,524
525,525
526,526
527,527
528,528
529,529
530,530
531,531
532,532
533,533
534,534
535,535
536,536
537,537
538,538
539,539
540,540
541,541
542,542
543,543
544,544
545,545
546,546
547,547
548,548
549,549
550,550
551,551
552,552
553,553
554,554
555,555
556,556
557,557
558,558
559,559
560,560
561,561
562,562
563,563
564,564
565,565
566,566
567,567
568,568
569,569
570,570
571,571
572,572
573,573
574,574
575,575
576,576
577,577
578,578
579,579
580,580
581,581
582,582
583,583
584,584
585,585
586,586
587,587
588,588
589,589
590,590
591,591
592,592
593,593
594,594
595,595
596,596
597,597
598,598
599,599
600,600
601,601
602,602
603,603
604,604
605,605
606,606
607,607
608,608
609,609
610,610
611,611
612,612
613,613
614,614
615,615
616,616
617,617
618,618
619,619
620,620
621,621
622,622
623,623
624,624
625,625
626,626
627,627
628,628
629,629
630,630
631,631
632,632
633,633
634,634
635,635
636,636
637,637
638,638
639,639
640,640
641,641
642,642
643,643
644,644
645,645
646,646
647,647
648,648
649,649
650,650
651,651
652,652
653,653
654,654
655,655
656,656
657,657
658,658
659,659
660,660
661,661
662,662
663,663
664,664
665,665
666,666
667,667
668,668
669,669
670,670
671,671
672,672
673,673
674,674
675,675
676,676
677,677
678,678
679,679
680,680
681,681
682,682
683,683
684,684
685,685
686,686
687,687
688,688
689,689
690,690
691,691
692,692
693,693
694,694
695,695
696,696
697,697
698,698
699,699
700,700
701,701
702,702
703,703
704,704
705,705
706,706
707,707
708,708
709,709
710,710
711,711
712,712
713,713
714,714
715,715
716,716
717,717
718,718
719,719
720,720
721,721
722,722
723,723
724,724
725,725
726,726
727,727
728,728
729,729
730,730
731,731
732,732
733,733
734,734
735,735
736,736
737,737
738,738
739,739
740,740
741,741
742,742
743,743
744,744
745,745
746,746
747,747
748,748
749,749
750,750
751,751
752,752
753,753
754,754
755,755
756,756
757,757
758,758
759,759
760,760
761,761
762,762
763,763
764,764
765,765
766,766
767,767
768,768
769,769
770,770
771,771
772,772
773,773
774,774
775,775
776,776
777,777
778,778
779,779
780,780
781,781
782,782
783,783
784,784
785,785
786,786
787,787
788,788
789,789
790,790
791,791
792,792
793,793
794,794
795,795
796,796
797,797
798,798
799,799
800,800
801,801
802,802
803,803
804,804
805,805
806,806
807,807
808,808
809,809
810,810
811,811
812,812
813,813
814,814
815,815
816,816
817,817
818,818
819,819
820,820
821,821
822,822
823,823
824,824
825,825
826,826
827,827
828,828
829,829
830,830
831,831
832,832
833,833
834,834
835,835
836,836
837,837
838,838
839,839
840,840
841,841
842,842
843,843
844,844
845,845
846,846
847,847
848,848
849,849
850,850
851,851
852,852
853,853
854,854
855,855
856,856
857,857
858,858
859,859
860,860
861,861
862,862
863,863
864,864
865,865
866,866
867,867
868,868
869,869
870,870
871,871
872,872
873,873
874,874
875,875
876,876
877,877
878,878
879,879
880,880
881,881
882,882
883,883
884,884
885,885
886,886
887,887
888,888
889,889
890,890
891,891
892,892
893,893
894,894
895,895
896,896
897,897
898,898
899,899
900,900
901,901
902,902
903,903
904,904
905,905
906,906
907,907
908,908
909,909
910,910
911,911
912,912
913,913
914,914
915,915
916,916
917,917
918,918
919,919
920,920
921,921
922,922
923,923
924,924
925,925
926,926
927,927
928,928
929,929
930,930
931,931
932,932
933,933
934,934
935,935
936,936
937,937
938,938
939,939
940,940
941,941
942,942
943,943
944,944
945,945
946,946
947,947
948,948
949,949
950,950
951,951
952,952
953,953
954,954
955,955
956,956
957,957
958,958
959,959
960,960
961,961
962,962
963,963
964,964
965,965
966,966
967,967
968,968
969,969
970,970
971,971
972,972
973,973
974,974
975,975
976,976
977,977
978,978
979,979
980,980
981,981
982,982
983,983
984,984
985,985
986,986
987,987
988,988
989,989
990,990
991,991
992,992
993,993
994,994
995,995
996,996
997,997
998,998
999,999
1000,1000
1001,1001
1002,1002
1003,1003
1004,1004
1005,1005
1006,1006
1007,1007
1008,1008
1009,1009
1010,1010
1011,1011
1012,1012
1013,1013
1014,1014
1015,1015
1016,1016
1017,1017
1018,1018
1019,1019
1020,1020
1021,1021
1022,1022
1023,1023

6,558
7,860
11,70
11,112
12,301
16,742
18,337
21,461
21,779
23,116
25,758
27,829
27,918
30,490
32,949
34,46
34,170
34,4
41,343
41,416
41,981
44,738
44,245
44,338
44,663
47,608
48,513
53,74
56,311
57,254
58,141
58,718
58,151
61,985
62,434
62,656
63,405
63,48
68,891
68,719
70,225
71,166
72,944
74,880
74,354
74,68
75,150
76,477
77,115
77,603
78,349
81,525
82,476
82,811
82,81
84,562
84,895
85,528
86,705
88,914
88,77
89,1011
90,341
90,441
90,262
90,59
92,93
93,496
93,750
93,964
94,642
94,836
94,109
96,640
98,914
98,253
99,215
103,398
104,704
105,550
107,276
107,984
107,605
107,366
108,420
109,748
113,760
113,50
113,105
115,342
116,371
116,672
116,323
119,666
121,37
126,934
126,81
128,686
128,160
131,1000
134,429
134,956
134,571
134,63
134,270
137,74
139,152
141,650
141,443
143,335
143,742
143,624
146,331
148,413
150,876
151,735
152,389
153,595
155,846
158,684
158,338
158,848
160,822
161,96
163,395
163,853
164,686
164,392
164,728
166,17
167,850
170,119
170,297
170,76
171,951
171,301
172,871
172,371
173,77
173,859
175,490
175,467
175,794
178,962
178,487
179,796
182,940
182,656
182,79
186,64
186,391
187,724
187,449
192,462
192,932
192,987
193,1013
197,600
197,722
198,62
199,164
199,928
200,128
201,443
201,406
201,819
201,1019
203,211
205,533
205,899
205,895
205,463
214,558
216,906
218,125
218,851
219,278
219,880
219,479
220,831
220,525
220,532
223,925
223,760
224,1006
225,342
230,174
231,200
237,282
240,424
240,815
241,703
245,739
245,797
248,354
248,486
249,310
250,777
252,677
253,818
254,685
258,530
258,727
258,63
258,433
261,94
261,853
261,126
262,622
262,773
262,942
265,580
265,462
271,611
272,485
274,85
275,329
276,537
276,565
277,576
278,182
279,661
279,679
280,1002
286,129
289,789
289,327
289,68
290,714
294,721
297,955
297,597
301,472
304,613
307,264
307,44
310,893
315,340
317,462
318,461
324,462
324,458
325,972
327,57
327,782
329,858
331,41
334,916
334,566
335,470
338,505
338,643
338,361
339,113
339,143
340,805
340,632
341,521
341,993
342,853
343,903
344,408
344,311
344,687
345,441
345,497
346,861
348,461
350,542
351,886
351,470
351,410
352,1007
353,104
354,566
354,842
354,480
354,214
358,815
359,20
359,837
359,133
360,2
364,556
364,227
364,84
365,775
365,332
366,451
366,337
371,993
371,75
373,643
376,966
379,272
380,872
382,927
382,577
384,240
385,25
385,784
388,365
389,793
389,536
391,364
391,212
392,555
395,952
395,527
398,991
398,243
398,351
399,642
399,792
401,266
403,839
405,862
405,847
406,533
408,825
413,155
413,479
413,735
413,363
413,959
416,410
420,225
420,816
420,28
422,71
429,126
430,896
430,410
430,794
431,441
431,582
433,279
434,599
434,582
439,487
441,135
443,72
443,984
448,272
448,373
451,171
451,100
455,964
455,94
457,562
457,576
457,525
458,927
461,630
463,526
463,246
463,173
469,862
470,278
472,446
472,600
476,802
476,250
476,348
476,895
477,237
479,206
480,277
480,720
481,74
481,999
485,620
485,987
486,763
486,296
487,498
487,195
490,573
490,430
491,160
491,873
491,1012
492,383
493,683
494,531
494,642
496,353
497,197
498,784
500,150
511,812
512,448
512,190
513,122
514,481
514,384
520,536
520,77
521,546
522,557
525,782
526,651
526,688
526,382
527,776
527,74
528,457
528,21
531,533
531,966
536,730
541,449
541,976
542,915
542,107
544,115
546,516
549,297
551,641
555,103
556,617
556,983
558,107
558,345
559,817
559,651
559,811
562,270
562,613
562,99
565,812
567,584
569,702
569,813
570,151
571,224
571,1016
573,422
573,974
574,302
576,560
577,153
580,559
580,667
581,240
582,286
586,103
586,492
586,797
588,276
588,86
590,714
590,599
594,818
594,469
599,281
602,722
603,186
606,351
608,774
608,274
608,317
609,514
611,527
611,711
611,354
613,797
617,680
617,28
619,168
619,248
620,934
620,588
620,58
620,450
623,698
623,937
624,824
624,594
624,172
624,274
626,388
635,112
635,308
635,148
635,517
635,574
642,622
642,946
642,315
642,370
643,828
643,339
643,812
647,801
647,476
647,477
649,864
650,163
650,1001
650,178
650,926
651,897
656,729
656,53
656,358
659,284
659,961
661,270
661,1020
661,78
666,752
667,955
668,334
668,843
672,203
672,789
674,285
674,265
674,250
677,248
677,602
677,463
679,780
679,23
680,413
680,742
680,401
681,217
683,165
684,581
684,373
685,521
687,439
689,901
689,621
698,514
700,324
702,623
702,1003
702,98
702,590
703,880
704,878
704,452
705,540
706,220
711,985
711,540
711,469
714,105
718,7
718,605
719,413
720,877
721,882
724,603
729,635
729,915
731,89
731,424
731,470
731,325
733,161
738,108
739,371
739,705
739,609
739,137
742,891
749,344
750,289
752,131
752,982
752,578
754,416
756,712
756,92
760,920
762,271
768,957
772,530
773,56
773,990
773,789
774,855
774,963
775,825
776,167
777,408
784,652
784,834
787,871
788,957
788,982
789,173
792,41
794,451
796,783
796,782
797,961
799,821
800,216
801,689
802,984
804,674
805,63
806,85
807,922
808,187
809,121
811,1022
812,826
812,677
812,219
815,886
815,415
815,540
816,928
816,962
817,326
817,431
817,966
818,23
819,366
821,12
822,720
822,854
823,46
824,408
824,372
825,296
825,854
826,134
828,642
828,889
829,942
830,76
833,971
834,34
834,761
837,758
837,210
839,98
839,339
839,893
841,855
841,576
842,395
843,858
843,719
843,924
846,567
847,1023
848,350
848,756
850,622
850,542
853,617
853,919
853,208
853,314
854,104
856,1018
859,647
859,620
864,720
864,939
867,701
871,921
871,290
871,362
871,556
872,770
873,360
873,4
875,185
877,261
877,909
878,1008
880,733
881,170
882,762
882,113
889,232
889,16
890,643
891,47
893,146
893,894
893,935
893,30
893,272
894,141
896,245
899,511
901,323
901,565
903,973
903,800
903,779
906,457
906,32
907,738
907,175
907,420
907,337
907,249
908,287
909,353
914,496
914,946
915,766
915,843
916,241
916,772
916,836
918,20
918,723
920,604
920,51
920,836
921,524
921,801
924,155
924,205
924,30
925,1014
925,1021
927,74
927,289
928,399
928,53
928,423
931,907
934,258
934,467
937,573
937,134
939,700
939,385
941,223
944,239
946,866
946,571
951,476
952,27
952,941
954,447
954,890
956,133
956,496
957,494
959,384
959,296
960,340
961,361
962,738
963,240
963,359
966,58
971,585
971,933
972,218
972,931
972,974
973,749
973,1001
974,512
974,978
976,294
981,569
983,573
983,650
983,624
984,808
984,115
985,500
987,705
990,948
991,90
991,249
993,668
999,533
999,221
1005,848
1012,422
1013,345
1014,697
1014,322
1016,318
1018,706
1018,455
1019,11
1020,773
1020,920
1020,720
1021,231
1023,61
1023,626
