0,0
1,1
2,2
3,3
4,4
5,5
6,6
7,7
8,8
9,9
10,10
11,11
12,12
13,13
14,14
15,15
16,16
17,17
18,18
19,19
20,20
21,21
22,22
23,23
24,24
25,25
26,26
27,27
28,28
29,29
30,30
31,31
32,32
33,33
34,34
35,35
36,36
37,37
38,38
39,39
40,40
41,41
42,42
43,43
44,44
45,45
46,46
47,47
48,48
49,49
50,50
51,51
52,52
53,53
54,54
55,55
56,56
57,57
58,58
59,59
60,60
61,61
62,62
63,63
64,64
65,65
66,66
67,67
68,68
69,69
70,70
71,71
72,72
73,73
74,74
75,75
76,76
77,77
78,78
79,79
80,80
81,81
82,82
83,83
84,84
85,85
86,86
87,87
88,88
89,89
90,90
91,91
92,92
93,93
94,94
95,95
96,96
97,97
98,98
99,99
100,100
101,101
102,102
103,103
104,104
105,105
106,106
107,107
108,108
109,109
110,110
111,111
112,112
113,113
114,114
115,115
116,116
117,117
118,118
119,119
120,120
121,121
122,122
123,123
124,124
125,125
126,126
127,127
128,128
129,129
130,130
131,131
132,132
133,133
134,134
135,135
136,136
137,137
138,138
139,139
140,140
141,141
142,142
143,143
144,144
145,145
146,146
147,147
148,148
149,149
150,150
151,151
152,152
153,153
154,154
155,155
156,156
157,157
158,158
159,159
160,160
161,161
162,162
163,163
164,164
165,165
166,166
167,167
168,168
169,169
170,170
171,171
172,172
173,173
174,174
175,175
176,176
177,177
178,178
179,179
180,180
181,181
182,182
183,183
184,184
185,185
186,186
187,187
188,188
189,189
190,190
191,191
192,192
193,193
194,194
195,195
196,196
197,197
198,198
199,199
200,200
201,201
202,202
203,203
204,204
205,205
206,206
207,207
208,208
209,209
210,210
211,211
212,212
213,213
214,214
215,215
216,216
217,217
218,218
219,219
220,220
221,221
222,222
223,223
224,224
225,225
226,226
227,227
228,228
229,229
230,230
231,231
232,232
233,233
234,234
235,235
236,236
237,237
238,238
239,239
240,240
241,241
242,242
243,243
244,244
245,245
246,246
247,247
248,248
249,249
250,250
251,251
252,252
253,253
254,254
255,255
256,256
257,257
258,258
259,259
260,260
261,261
262,262
263,263
264,264
265,265
266,266
267,267
268,268
269,269
270,270
271,271
272,272
273,273
274,274
275,275
276,276
277,277
278,278
279,279
280,280
281,281
282,282
283,283
284,284
285,285
286,286
287,287
288,288
289,289
290,290
291,291
292,292
293,293
294,294
295,295
296,296
297,297
298,298
299,299
300,300
301,301
302,302
303,303
304,304
305,305
306,306
307,307
308,308
309,309
310,310
311,311
312,312
313,313
314,314
315,315
316,316
317,317
318,318
319,319
320,320
321,321
322,322
323,323
324,324
325,325
326,326
327,327
328,328
329,329
330,330
331,331
332,332
333,333
334,334
335,335
336,336
337,337
338,338
339,339
340,340
341,341
342,342
343,343
344,344
345,345
346,346
347,347
348,348
349,349
350,350
351,351
352,352
353,353
354,354
355,355
356,356
357,357
358,358
359,359
360,360
361,361
362,362
363,363
364,364
365,365
366,366
367,367
368,368
369,369
370,370
371,371
372,372
373,373
374,374
375,375
376,376
377,377
378,378
379,379
380,380
381,381
382,382
383,383
384,384
385,385
386,386
387,387
388,388
389,389
390,390
391,391
392,392
393,393
394,394
395,395
396,396
397,397
398,398
399,399
400,400
401,401
402,402
403,403
404,404
405,405
406,406
407,407
408,408
409,409
410,410
411,411
412,412
413,413
414,414
415,415
416,416
417,417
418,418
419,419
420,420
421,421
422,422
423,423
424,424
425,425
426,426
427,427
428,428
429,429
430,430
431,431
432,432
433,433
434,434
435,435
436,436
437,437
438,438
439,439
440,440
441,441
442,442
443,443
444,444
445,445
446,446
447,447
448,448
449,449
450,450
451,451
452,452
453,453
454,454
455,455
456,456
457,457
458,458
459,459
460,460
461,461
462,462
463,463
464,464
465,465
466,466
467,467
468,468
469,469
470,470
471,471
472,472
473,473
474,474
475,475
476,476
477,477
478,478
479,479
480,480
481,481
482,482
483,483
484,484
485,485
486,486
487,487
488,488
489,489
490,490
491,491
492,492
493,493
494,494
495,495
496,496
497,497
498,498
499,499
500,500
501,501
502,502
503,503
504,504
505,505
506,506
507,507
508,508
509,509
510,510
511,511
512,512
513,513
514,514
515,515
516,516
517,517
518,518
519,519
520,520
521,521
522,522
523,523
524,524
525,525
526,526
527,527
528,528
529,529
530,530
531,531
532,532
533,533
534,534
535,535
536,536
537,537
538,538
539,539
540,540
541,541
542,542
543,543
544,544
545,545
546,546
547,547
548,548
549,549
550,550
551,551
552,552
553,553
554,554
555,555
556,556
557,557
558,558
559,559
560,560
561,561
562,562
563,563
564,564
565,565
566,566
567,567
568,568
569,569
570,570
571,571
572,572
573,573
574,574
575,575
576,576
577,577
578,578
579,579
580,580
581,581
582,582
583,583
584,584
585,585
586,586
587,587
588,588
589,589
590,590
591,591
592,592
593,593
594,594
595,595
596,596
597,597
598,598
599,599
600,600
601,601
602,602
603,603
604,604
605,605
606,606
607,607
608,608
609,609
610,610
611,611
612,612
613,613
614,614
615,615
616,616
617,617
618,618
619,619
620,620
621,621
622,622
623,623
624,624
625,625
626,626
627,627
628,628
629,629
630,630
631,631
632,632
633,633
634,634
635,635
636,636
637,637
638,638
639,639
640,640
641,641
642,642
643,643
644,644
645,645
646,646
647,647
648,648
649,649
650,650
651,651
652,652
653,653
654,654
655,655
656,656
657,657
658,658
659,659
660,660
661,661
662,662
663,663
664,664
665,665
666,666
667,667
668,668
669,669
670,670
671,671
672,672
673,673
674,674
675,675
676,676
677,677
678,678
679,679
680,680
681,681
682,682
683,683
684,684
685,685
686,686
687,687
688,688
689,689
690,690
691,691
692,692
693,693
694,694
695,695
696,696
697,697
698,698
699,699
700,700
701,701
702,702
703,703
704,704
705,705
706,706
707,707
708,708
709,709
710,710
711,711
712,712
713,713
714,714
715,715
716,716
717,717
718,718
719,719
720,720
721,721
722,722
723,723
724,724
725,725
726,726
727,727
728,728
729,729
730,730
731,731
732,732
733,733
734,734
735,735
736,736
737,737
738,738
739,739
740,740
741,741
742,742
743,743
744,744
745,745
746,746
747,747
748,748
749,749
750,750
751,751
752,752
753,753
754,754
755,755
756,756
757,757
758,758
759,759
760,760
761,761
762,762
763,763
764,764
765,765
766,766
767,767
768,768
769,769
770,770
771,771
772,772
773,773
774,774
775,775
776,776
777,777
778,778
779,779
780,780
781,781
782,782
783,783
784,784
785,785
786,786
787,787
788,788
789,789
790,790
791,791
792,792
793,793
794,794
795,795
796,796
797,797
798,798
799,799
800,800
801,801
802,802
803,803
804,804
805,805
806,806
807,807
808,808
809,809
810,810
811,811
812,812
813,813
814,814
815,815
816,816
817,817
818,818
819,819
820,820
821,821
822,822
823,823
824,824
825,825
826,826
827,827
828,828
829,829
830,830
831,831
832,832
833,833
834,834
835,835
836,836
837,837
838,838
839,839
840,840
841,841
842,842
843,843
844,844
845,845
846,846
847,847
848,848
849,849
850,850
851,851
852,852
853,853
854,854
855,855
856,856
857,857
858,858
859,859
860,860
861,861
862,862
863,863
864,864
865,865
866,866
867,867
868,868
869,869
870,870
871,871
872,872
873,873
874,874
875,875
876,876
877,877
878,878
879,879
880,880
881,881
882,882
883,883
884,884
885,885
886,886
887,887
888,888
889,889
890,890
891,891
892,892
893,893
894,894
895,895
896,896
897,897
898,898
899,899
900,900
901,901
902,902
903,903
904,904
905,905
906,906
907,907
908,908
909,909
910,910
911,911
912,912
913,913
914,914
915,915
916,916
917,917
918,918
919,919
920,920
921,921
922,922
923,923
924,924
925,925
926,926
927,927
928,928
929,929
930,930
931,931
932,932
933,933
934,934
935,935
936,936
937,937
938,938
939,939
940,940
941,941
942,942
943,943
944,944
945,945
946,946
947,947
948,948
949,949
950,950
951,951
952,952
953,953
954,954
955,955
956,956
957,957
958,958
959,959
960,960
961,961
962,962
963,963
964,964
965,965
966,966
967,967
968,968
969,969
970,970
971,971
972,972
973,973
974,974
975,975
976,976
977,977
978,978
979,979
980,980
981,981
982,982
983,983
984,984
985,985
986,986
987,987
988,988
989,989
990,990
991,991
992,992
993,993
994,994
995,995
996,996
997,997
998,998
999,999
1000,1000
1001,1001
1002,1002
1003,1003
1004,1004
1005,1005
1006,1006
1007,1007
1008,1008
1009,1009
1010,1010
1011,1011
1012,1012
1013,1013
1014,1014
1015,1015
1016,1016
1017,1017
1018,1018
1019,1019
1020,1020
1021,1021
1022,1022
1023,1023

0,194
2,4
2,815
3,140
4,360
7,860
7,93
7,141
9,510
9,646
11,828
11,112
12,301
14,659
16,742
18,337
21,549
22,952
22,7
23,116
23,914
24,474
25,611
27,829
27,918
27,760
28,816
28,413
28,680
29,296
30,490
30,959
32,949
32,224
33,875
34,170
34,4
37,247
37,842
41,343
41,416
41,981
42,779
42,324
43,721
43,551
44,663
47,608
47,297
48,513
48,270
48,405
48,632
50,670
50,762
53,74
55,7
55,61
55,398
56,311
56,51
56,75
57,254
58,151
58,718
58,141
58,934
59,441
60,23
61,626
62,656
62,434
62,213
63,48
63,405
63,1001
64,391
66,376
67,287
68,891
68,719
68,327
68,820
68,880
68,941
68,315
69,144
71,166
71,921
72,487
74,68
74,880
74,354
74,780
74,788
75,150
75,174
75,335
76,477
76,666
76,119
77,115
77,603
77,859
78,250
80,346
82,811
82,476
82,889
84,895
84,309
85,528
85,941
85,172
86,705
88,914
89,467
89,1011
89,470
90,341
92,93
92,982
93,750
93,964
93,496
93,58
94,109
94,836
95,893
96,640
96,572
96,891
98,253
99,215
102,711
102,219
104,704
105,550
105,920
105,271
105,335
106,755
107,984
107,605
107,276
107,566
108,420
108,573
109,748
109,934
110,544
111,139
111,24
113,105
113,760
113,50
113,762
114,86
115,342
115,808
116,672
116,323
116,371
116,470
116,920
118,856
119,76
121,37
122,493
122,937
124,534
126,934
126,208
127,666
128,686
128,160
128,47
131,1000
131,738
133,210
133,270
134,270
134,571
134,956
134,429
134,63
134,493
137,705
138,739
139,422
139,152
140,196
141,443
141,650
141,988
141,735
143,742
143,624
144,644
144,226
146,331
147,790
148,574
150,876
151,735
151,443
152,389
152,978
152,422
153,595
155,846
155,517
155,363
155,959
158,684
158,848
158,338
159,361
159,953
160,822
161,96
163,1001
163,395
165,422
166,759
166,617
167,850
168,941
170,76
170,119
171,301
171,100
171,951
171,896
172,371
172,824
172,871
173,859
173,77
173,68
173,526
173,327
174,423
175,467
176,500
178,487
178,962
178,917
178,853
179,796
180,33
182,940
182,79
185,23
186,391
186,64
187,449
187,724
187,565
188,393
188,980
188,121
188,804
188,59
190,369
190,143
192,987
193,1013
194,794
194,542
195,832
196,18
197,722
197,600
197,107
198,62
200,941
200,128
201,819
201,443
201,406
203,211
204,642
204,526
204,330
205,533
205,899
205,895
206,278
206,703
206,205
208,859
208,395
208,680
208,384
214,558
215,963
216,906
216,688
217,192
218,851
218,125
219,880
219,505
219,677
220,525
220,532
220,831
220,16
220,742
223,760
223,925
223,160
224,1006
224,48
225,342
225,962
225,609
226,644
228,370
229,787
230,75
230,238
231,200
232,339
232,16
234,338
236,88
237,282
238,740
238,56
239,590
239,678
240,424
240,815
240,274
240,359
241,703
241,836
241,413
244,409
245,797
245,739
245,951
245,451
246,382
247,43
248,486
248,354
249,310
250,777
250,1020
250,895
250,984
250,780
252,677
253,818
254,685
254,90
257,24
258,433
258,530
258,727
258,63
258,972
259,704
261,94
261,853
261,126
265,46
265,580
265,250
267,743
270,430
270,775
270,630
271,611
272,485
272,190
274,85
274,335
274,272
274,594
275,706
276,537
276,565
277,576
277,337
278,182
278,414
278,886
279,679
279,661
279,752
279,530
281,723
284,925
284,171
285,534
287,412
289,68
289,327
289,789
289,353
290,714
290,985
292,55
294,721
296,173
296,735
296,479
297,597
297,955
299,833
301,472
303,583
305,532
307,264
307,128
307,240
307,44
309,270
310,893
312,450
314,208
314,617
314,187
315,340
315,370
315,622
315,946
317,941
317,532
317,774
318,461
319,558
321,659
322,204
323,353
324,462
325,972
325,89
327,57
327,782
329,858
330,526
331,41
331,68
332,1000
332,775
333,993
334,566
334,843
335,470
335,824
335,85
337,249
337,847
338,361
338,643
338,505
339,143
339,113
339,812
339,811
339,462
339,190
340,805
340,632
340,216
341,993
341,441
341,521
342,853
343,903
343,158
344,687
345,497
345,441
346,861
347,373
348,461
348,250
348,802
349,841
350,951
351,886
351,470
351,410
353,104
353,853
354,842
354,566
354,214
354,480
354,358
355,693
356,331
356,788
356,481
356,93
357,83
358,815
358,842
359,837
359,133
359,20
359,240
359,424
360,2
360,307
361,848
361,750
363,512
363,155
364,84
364,556
365,775
365,332
365,134
366,337
366,451
366,277
366,619
368,9
369,653
369,955
369,959
370,571
370,415
371,75
371,993
371,609
371,137
371,372
371,108
371,323
372,178
373,643
373,476
373,955
376,966
376,1010
376,567
376,264
380,238
380,872
382,927
382,577
384,155
384,530
388,365
389,536
389,978
391,212
391,576
392,423
393,766
394,205
395,527
395,952
395,366
395,68
395,1001
395,327
396,716
397,877
398,351
399,792
399,642
401,28
401,413
401,742
403,901
404,144
404,226
404,69
405,847
405,862
405,513
406,533
406,335
407,390
408,825
408,594
410,733
411,158
412,570
413,959
413,155
413,363
413,735
413,479
413,857
413,919
414,458
414,178
415,957
416,410
417,692
420,816
420,225
420,28
420,175
422,71
422,362
423,150
423,311
424,528
424,20
429,126
430,794
430,896
431,441
431,582
433,279
434,599
435,594
436,684
437,789
437,155
439,487
439,311
440,602
441,135
442,106
443,984
443,72
443,218
443,988
444,372
445,278
448,373
448,272
448,931
450,7
451,171
451,284
452,878
455,275
455,294
457,576
457,525
457,562
458,927
458,656
458,719
460,827
461,630
461,224
462,285
463,526
463,246
463,296
465,207
465,424
467,748
467,433
467,337
468,800
468,631
469,862
470,278
470,1020
470,296
470,23
472,600
472,703
472,446
473,181
474,391
475,109
476,802
476,250
476,348
476,895
476,301
477,237
477,297
479,206
479,959
479,846
479,826
480,277
480,720
480,527
480,566
480,395
481,999
481,74
485,620
485,987
485,978
486,763
486,296
486,246
487,498
487,195
488,356
490,430
490,567
491,1012
491,873
492,383
493,683
494,531
494,642
494,945
496,353
496,991
496,116
497,197
497,744
498,784
500,150
500,276
501,757
503,252
503,431
505,677
506,68
506,42
510,809
511,463
511,895
512,448
512,190
513,122
513,134
513,1023
513,847
517,479
521,546
522,557
523,820
525,782
525,891
525,831
525,560
526,688
526,382
526,651
526,642
527,776
527,74
527,573
528,457
528,837
530,279
530,433
530,467
530,479
531,533
531,966
531,92
531,642
532,525
533,511
533,685
533,335
534,761
535,853
536,730
537,605
537,808
539,843
540,931
541,261
541,449
541,976
542,915
542,107
543,674
547,810
549,297
550,760
551,641
554,973
555,103
556,983
556,617
556,469
556,362
557,540
557,660
558,345
558,107
558,891
559,339
559,817
559,651
560,364
560,562
560,782
560,353
562,613
562,99
562,309
565,537
566,842
566,722
566,720
567,584
567,126
567,351
568,296
570,151
571,224
571,1016
571,526
571,906
572,297
572,307
573,422
573,974
573,1020
574,413
576,560
576,32
576,272
576,345
576,920
577,153
580,559
581,240
581,848
582,286
583,69
583,700
584,491
584,307
584,384
585,933
587,56
587,380
588,86
589,437
590,714
590,599
591,558
591,744
592,423
594,469
594,818
594,849
594,871
594,105
595,68
597,317
599,281
599,656
600,703
600,446
600,722
602,722
602,248
603,186
603,685
605,450
605,858
606,351
608,774
608,317
608,274
608,735
609,993
610,11
611,354
611,527
611,711
611,758
612,788
613,797
614,992
615,359
617,680
617,28
617,595
617,983
617,94
619,277
619,168
619,808
619,366
620,58
620,588
620,450
620,647
621,901
622,315
622,720
622,340
623,1003
623,937
624,172
624,274
624,594
626,388
628,617
631,800
634,625
634,153
635,148
635,308
636,540
637,152
637,475
638,501
642,622
642,315
642,370
642,946
642,463
643,339
643,828
643,41
643,684
646,451
647,477
647,801
647,476
650,163
650,926
650,178
651,311
651,897
652,195
653,448
653,955
656,358
656,53
656,729
656,582
657,284
657,339
657,430
659,961
659,284
659,118
661,1020
661,78
661,270
661,679
661,907
662,577
663,1005
663,376
663,738
666,567
668,334
670,925
671,82
672,203
672,323
674,265
674,250
674,980
675,352
676,311
677,602
677,248
677,463
678,476
679,470
679,780
679,23
679,131
680,401
680,413
680,742
680,17
681,217
683,165
684,373
684,581
685,521
685,859
685,819
686,223
687,439
688,866
688,382
689,621
691,57
692,536
693,796
696,953
697,325
700,324
702,623
703,880
703,438
704,878
704,452
704,316
705,540
706,220
706,964
706,16
707,940
711,985
711,290
711,540
712,82
714,105
714,540
718,605
718,7
718,151
719,413
719,916
719,297
719,924
719,984
719,733
720,877
720,277
721,882
722,226
722,214
722,486
723,829
724,603
724,680
725,531
725,62
726,931
727,530
729,915
731,470
731,325
731,933
732,789
733,161
733,826
734,29
735,919
735,924
735,782
735,718
735,597
735,155
735,443
736,704
738,108
738,420
739,371
741,736
742,891
742,413
742,532
743,574
743,882
745,216
749,344
750,289
750,249
750,922
750,643
751,343
752,436
752,661
753,358
754,416
755,679
756,92
756,350
756,376
756,356
757,121
759,978
760,854
760,697
760,105
760,829
762,271
762,113
762,550
763,463
764,319
766,984
768,1015
770,230
772,530
772,241
773,777
774,963
774,855
775,825
775,956
776,167
777,408
777,56
777,270
777,801
779,68
779,973
780,886
780,470
782,846
784,652
784,834
785,806
786,820
786,523
786,506
788,1017
788,476
789,173
790,921
791,200
792,41
794,451
796,783
796,782
797,961
799,821
800,216
800,946
801,689
802,984
802,250
802,348
804,674
804,980
805,63
806,85
807,750
808,187
808,115
809,121
810,255
811,1022
812,677
812,219
812,826
812,485
812,361
814,924
815,886
815,540
815,415
816,962
816,28
817,431
818,23
819,366
819,619
819,521
820,857
820,458
821,12
821,109
823,804
823,610
824,408
824,371
825,296
825,854
825,848
825,332
826,102
826,134
826,161
827,1011
828,889
828,642
828,289
829,942
831,532
833,731
833,31
833,971
834,761
834,34
835,589
836,821
837,758
837,20
837,133
839,893
840,411
841,855
842,395
842,480
842,289
842,214
842,296
843,719
843,924
843,858
843,635
843,107
845,272
846,567
846,30
846,891
847,248
847,1023
848,356
848,756
848,488
848,514
848,296
850,542
850,622
850,214
853,208
853,617
853,314
853,919
854,104
854,720
854,296
855,576
856,1018
857,157
858,719
859,620
859,782
860,61
861,407
862,617
862,818
866,340
871,556
871,362
872,770
873,4
873,360
874,818
875,185
877,261
877,909
877,576
878,1008
880,733
880,479
880,413
880,68
882,762
882,113
884,141
886,243
886,373
886,540
886,424
886,410
887,956
887,647
888,343
889,16
889,232
889,642
890,643
891,47
891,266
891,903
891,422
891,155
892,252
893,146
893,935
893,30
893,841
895,562
895,812
895,955
896,245
898,173
898,340
900,235
901,323
903,800
903,779
903,973
905,178
906,32
906,457
906,48
907,175
907,738
907,337
908,287
908,193
909,353
911,530
912,285
914,496
915,766
915,843
915,393
916,772
916,241
916,971
917,982
918,20
918,723
919,846
919,314
920,836
920,51
920,604
920,773
920,886
921,498
921,801
923,87
924,205
924,155
925,1014
925,1021
926,415
927,74
927,289
929,141
929,884
931,907
931,979
931,974
933,424
934,258
934,467
934,81
935,272
935,339
936,646
937,573
937,134
938,661
940,1020
941,223
941,128
941,774
945,898
946,866
946,315
946,526
946,651
947,735
949,744
949,525
950,74
951,476
952,941
952,27
954,62
955,653
955,272
956,133
956,496
956,429
957,494
957,982
958,470
959,296
959,384
959,208
961,361
961,284
962,738
963,240
963,359
964,94
964,338
964,220
966,58
968,388
971,585
971,933
971,731
971,772
972,974
972,931
973,1001
973,749
973,622
974,512
974,978
974,218
974,680
974,433
976,799
978,987
980,542
980,67
980,393
982,331
983,573
983,650
984,808
984,115
984,500
984,722
986,131
987,705
987,932
987,369
987,560
988,266
988,1015
991,90
992,570
993,74
993,668
993,59
993,361
994,106
995,647
996,52
999,533
999,221
1000,490
1000,775
1001,800
1001,926
1001,749
1001,571
1004,494
1004,960
1005,848
1005,245
1006,513
1008,681
1011,606
1011,467
1012,422
1013,345
1013,412
1014,322
1014,27
1015,415
1016,318
1017,957
1018,706
1018,455
1019,823
1020,920
1020,349
1020,720
1020,224
1020,250
1021,231
1022,577
1022,667
1023,61
