0,0
1,1
2,2
3,3
4,4
5,5
6,6
7,7
8,8
9,9
10,10
11,11
12,12
13,13
14,14
15,15
16,16
17,17
18,18
19,19
20,20
21,21
22,22
23,23
24,24
25,25
26,26
27,27
28,28
29,29
30,30
31,31
32,32
33,33
34,34
35,35
36,36
37,37
38,38
39,39
40,40
41,41
42,42
43,43
44,44
45,45
46,46
47,47
48,48
49,49
50,50
51,51
52,52
53,53
54,54
55,55
56,56
57,57
58,58
59,59
60,60
61,61
62,62
63,63
64,64
65,65
66,66
67,67
68,68
69,69
70,70
71,71
72,72
73,73
74,74
75,75
76,76
77,77
78,78
79,79
80,80
81,81
82,82
83,83
84,84
85,85
86,86
87,87
88,88
89,89
90,90
91,91
92,92
93,93
94,94
95,95
96,96
97,97
98,98
99,99
100,100
101,101
102,102
103,103
104,104
105,105
106,106
107,107
108,108
109,109
110,110
111,111
112,112
113,113
114,114
115,115
116,116
117,117
118,118
119,119
120,120
121,121
122,122
123,123
124,124
125,125
126,126
127,127
128,128
129,129
130,130
131,131
132,132
133,133
134,134
135,135
136,136
137,137
138,138
139,139
140,140
141,141
142,142
143,143
144,144
145,145
146,146
147,147
148,148
149,149
150,150
151,151
152,152
153,153
154,154
155,155
156,156
157,157
158,158
159,159
160,160
161,161
162,162
163,163
164,164
165,165
166,166
167,167
168,168
169,169
170,170
171,171
172,172
173,173
174,174
175,175
176,176
177,177
178,178
179,179
180,180
181,181
182,182
183,183
184,184
185,185
186,186
187,187
188,188
189,189
190,190
191,191
192,192
193,193
194,194
195,195
196,196
197,197
198,198
199,199
200,200
201,201
202,202
203,203
204,204
205,205
206,206
207,207
208,208
209,209
210,210
211,211
212,212
213,213
214,214
215,215
216,216
217,217
218,218
219,219
220,220
221,221
222,222
223,223
224,224
225,225
226,226
227,227
228,228
229,229
230,230
231,231
232,232
233,233
234,234
235,235
236,236
237,237
238,238
239,239
240,240
241,241
242,242
243,243
244,244
245,245
246,246
247,247
248,248
249,249
250,250
251,251
252,252
253,253
254,254
255,255
256,256
257,257
258,258
259,259
260,260
261,261
262,262
263,263
264,264
265,265
266,266
267,267
268,268
269,269
270,270
271,271
272,272
273,273
274,274
275,275
276,276
277,277
278,278
279,279
280,280
281,281
282,282
283,283
284,284
285,285
286,286
287,287
288,288
289,289
290,290
291,291
292,292
293,293
294,294
295,295
296,296
297,297
298,298
299,299
300,300
301,301
302,302
303,303
304,304
305,305
306,306
307,307
308,308
309,309
310,310
311,311
312,312
313,313
314,314
315,315
316,316
317,317
318,318
319,319
320,320
321,321
322,322
323,323
324,324
325,325
326,326
327,327
328,328
329,329
330,330
331,331
332,332
333,333
334,334
335,335
336,336
337,337
338,338
339,339
340,340
341,341
342,342
343,343
344,344
345,345
346,346
347,347
348,348
349,349
350,350
351,351
352,352
353,353
354,354
355,355
356,356
357,357
358,358
359,359
360,360
361,361
362,362
363,363
364,364
365,365
366,366
367,367
368,368
369,369
370,370
371,371
372,372
373,373
374,374
375,375
376,376
377,377
378,378
379,379
380,380
381,381
382,382
383,383
384,384
385,385
386,386
387,387
388,388
389,389
390,390
391,391
392,392
393,393
394,394
395,395
396,396
397,397
398,398
399,399
400,400
401,401
402,402
403,403
404,404
405,405
406,406
407,407
408,408
409,409
410,410
411,411
412,412
413,413
414,414
415,415
416,416
417,417
418,418
419,419
420,420
421,421
422,422
423,423
424,424
425,425
426,426
427,427
428,428
429,429
430,430
431,431
432,432
433,433
434,434
435,435
436,436
437,437
438,438
439,439
440,440
441,441
442,442
443,443
444,444
445,445
446,446
447,447
448,448
449,449
450,450
451,451
452,452
453,453
454,454
455,455
456,456
457,457
458,458
459,459
460,460
461,461
462,462
463,463
464,464
465,465
466,466
467,467
468,468
469,469
470,470
471,471
472,472
473,473
474,474
475,475
476,476
477,477
478,478
479,479
480,480
481,481
482,482
483,483
484,484
485,485
486,486
487,487
488,488
489,489
490,490
491,491
492,492
493,493
494,494
495,495
496,496
497,497
498,498
499,499
500,500
501,501
502,502
503,503
504,504
505,505
506,506
507,507
508,508
509,509
510,510
511,511
512,512
513,513
514,514
515,515
516,516
517,517
518,518
519,519
520,520
521,521
522,522
523,523
524,524
525,525
526,526
527,527
528,528
529,529
530,530
531,531
532,532
533,533
534,534
535,535
536,536
537,537
538,538
539,539
540,540
541,541
542,542
543,543
544,544
545,545
546,546
547,547
548,548
549,549
550,550
551,551
552,552
553,553
554,554
555,555
556,556
557,557
558,558
559,559
560,560
561,561
562,562
563,563
564,564
565,565
566,566
567,567
568,568
569,569
570,570
571,571
572,572
573,573
574,574
575,575
576,576
577,577
578,578
579,579
580,580
581,581
582,582
583,583
584,584
585,585
586,586
587,587
588,588
589,589
590,590
591,591
592,592
593,593
594,594
595,595
596,596
597,597
598,598
599,599
600,600
601,601
602,602
603,603
604,604
605,605
606,606
607,607
608,608
609,609
610,610
611,611
612,612
613,613
614,614
615,615
616,616
617,617
618,618
619,619
620,620
621,621
622,622
623,623
624,624
625,625
626,626
627,627
628,628
629,629
630,630
631,631
632,632
633,633
634,634
635,635
636,636
637,637
638,638
639,639
640,640
641,641
642,642
643,643
644,644
645,645
646,646
647,647
648,648
649,649
650,650
651,651
652,652
653,653
654,654
655,655
656,656
657,657
658,658
659,659
660,660
661,661
662,662
663,663
664,664
665,665
666,666
667,667
668,668
669,669
670,670
671,671
672,672
673,673
674,674
675,675
676,676
677,677
678,678
679,679
680,680
681,681
682,682
683,683
684,684
685,685
686,686
687,687
688,688
689,689
690,690
691,691
692,692
693,693
694,694
695,695
696,696
697,697
698,698
699,699
700,700
701,701
702,702
703,703
704,704
705,705
706,706
707,707
708,708
709,709
710,710
711,711
712,712
713,713
714,714
715,715
716,716
717,717
718,718
719,719
720,720
721,721
722,722
723,723
724,724
725,725
726,726
727,727
728,728
729,729
730,730
731,731
732,732
733,733
734,734
735,735
736,736
737,737
738,738
739,739
740,740
741,741
742,742
743,743
744,744
745,745
746,746
747,747
748,748
749,749
750,750
751,751
752,752
753,753
754,754
755,755
756,756
757,757
758,758
759,759
760,760
761,761
762,762
763,763
764,764
765,765
766,766
767,767
768,768
769,769
770,770
771,771
772,772
773,773
774,774
775,775
776,776
777,777
778,778
779,779
780,780
781,781
782,782
783,783
784,784
785,785
786,786
787,787
788,788
789,789
790,790
791,791
792,792
793,793
794,794
795,795
796,796
797,797
798,798
799,799
800,800
801,801
802,802
803,803
804,804
805,805
806,806
807,807
808,808
809,809
810,810
811,811
812,812
813,813
814,814
815,815
816,816
817,817
818,818
819,819
820,820
821,821
822,822
823,823
824,824
825,825
826,826
827,827
828,828
829,829
830,830
831,831
832,832
833,833
834,834
835,835
836,836
837,837
838,838
839,839
840,840
841,841
842,842
843,843
844,844
845,845
846,846
847,847
848,848
849,849
850,850
851,851
852,852
853,853
854,854
855,855
856,856
857,857
858,858
859,859
860,860
861,861
862,862
863,863
864,864
865,865
866,866
867,867
868,868
869,869
870,870
871,871
872,872
873,873
874,874
875,875
876,876
877,877
878,878
879,879
880,880
881,881
882,882
883,883
884,884
885,885
886,886
887,887
888,888
889,889
890,890
891,891
892,892
893,893
894,894
895,895
896,896
897,897
898,898
899,899
900,900
901,901
902,902
903,903
904,904
905,905
906,906
907,907
908,908
909,909
910,910
911,911
912,912
913,913
914,914
915,915
916,916
917,917
918,918
919,919
920,920
921,921
922,922
923,923
924,924
925,925
926,926
927,927
928,928
929,929
930,930
931,931
932,932
933,933
934,934
935,935
936,936
937,937
938,938
939,939
940,940
941,941
942,942
943,943
944,944
945,945
946,946
947,947
948,948
949,949
950,950
951,951
952,952
953,953
954,954
955,955
956,956
957,957
958,958
959,959
960,960
961,961
962,962
963,963
964,964
965,965
966,966
967,967
968,968
969,969
970,970
971,971
972,972
973,973
974,974
975,975
976,976
977,977
978,978
979,979
980,980
981,981
982,982
983,983
984,984
985,985
986,986
987,987
988,988
989,989
990,990
991,991
992,992
993,993
994,994
995,995
996,996
997,997
998,998
999,999
1000,1000
1001,1001
1002,1002
1003,1003
1004,1004
1005,1005
1006,1006
1007,1007
1008,1008
1009,1009
1010,1010
1011,1011
1012,1012
1013,1013
1014,1014
1015,1015
1016,1016
1017,1017
1018,1018
1019,1019
1020,1020
1021,1021
1022,1022
1023,1023

4,170
6,403
7,860
8,211
10,294
10,226
11,70
16,742
16,232
18,337
20,723
21,779
21,461
21,576
22,7
23,116
23,635
25,611
25,758
27,918
27,829
28,518
29,491
29,296
30,490
34,4
37,546
38,165
41,343
41,416
42,779
43,399
43,761
44,738
47,608
47,413
48,513
48,463
48,433
58,151
58,718
58,141
61,985
62,656
63,48
63,405
63,632
64,730
66,351
68,719
68,891
68,789
68,28
70,828
71,166
72,944
73,520
74,880
74,354
74,68
74,566
74,122
75,150
76,477
77,603
77,115
78,924
78,250
79,53
81,825
81,525
81,934
81,622
82,811
82,476
82,889
82,81
82,463
85,528
89,64
90,341
90,441
90,262
93,964
94,642
94,109
94,836
97,273
98,253
98,339
98,1003
99,215
100,399
101,416
102,290
102,711
103,383
103,398
104,704
106,755
106,232
107,276
107,984
107,605
107,366
108,420
112,672
113,760
113,105
113,50
115,342
116,112
116,323
119,666
119,297
121,37
122,937
122,405
123,121
124,534
126,81
126,934
128,160
128,686
128,663
129,222
131,1000
133,758
134,571
134,270
134,429
134,956
134,63
134,775
137,371
137,74
138,739
139,422
139,152
141,443
143,742
143,624
143,914
146,331
147,43
148,517
149,199
150,876
150,609
151,735
155,337
155,846
158,338
158,848
160,822
163,395
164,728
164,686
164,928
164,392
166,759
167,850
168,941
170,119
170,76
170,102
171,951
171,301
172,371
172,871
173,77
173,859
173,990
175,794
175,490
176,500
177,454
178,487
180,820
180,33
182,656
182,79
182,940
183,416
185,23
186,391
186,64
187,449
187,724
187,7
190,369
192,932
192,987
193,1013
194,542
196,18
197,600
197,722
198,213
199,164
200,941
201,406
203,211
204,642
205,899
205,463
205,533
206,175
206,240
208,617
209,555
212,227
213,62
214,558
215,963
216,906
217,192
218,851
219,479
220,525
220,831
223,925
223,760
224,1006
225,342
229,839
229,787
230,174
231,200
232,880
232,526
234,338
236,551
236,88
237,282
239,590
239,678
240,424
240,815
240,296
241,703
241,438
245,739
247,551
247,43
248,354
248,486
249,310
250,777
252,677
253,914
253,339
258,530
258,433
258,63
258,727
259,704
261,126
261,976
261,94
262,773
262,942
262,622
271,611
272,485
274,85
275,329
276,537
276,565
276,984
277,576
277,514
278,182
278,443
279,679
279,661
284,925
287,193
289,68
289,327
290,714
294,799
294,721
294,275
297,955
303,521
306,876
307,44
309,895
310,893
310,28
312,450
314,208
315,340
315,342
317,941
318,461
322,204
323,371
324,462
324,458
325,972
327,782
328,982
329,858
329,393
330,526
330,311
331,41
333,993
334,916
334,249
335,470
336,938
337,276
338,643
338,505
338,361
338,684
339,143
339,113
339,430
340,805
341,993
341,521
342,853
343,903
344,687
345,441
345,497
347,373
348,461
348,250
351,470
351,567
351,886
353,104
354,480
354,842
354,214
354,711
356,331
356,350
356,788
359,837
359,133
359,20
362,105
364,212
364,556
365,134
366,337
368,646
369,653
370,946
370,836
371,75
371,993
373,643
373,581
373,272
374,671
375,610
376,966
381,227
382,577
384,240
385,196
385,989
385,784
391,364
395,952
395,527
395,853
397,877
397,806
398,991
398,243
398,351
399,792
401,266
403,839
405,847
405,862
406,1019
408,825
408,372
408,461
410,642
410,1001
410,349
413,479
413,735
413,363
413,959
413,302
413,341
415,956
416,410
420,225
420,816
420,28
420,249
422,71
422,134
423,555
424,325
424,815
429,126
429,533
430,794
430,896
430,410
431,582
433,279
437,789
437,681
437,325
439,487
441,135
442,106
443,984
443,72
444,178
448,373
449,261
449,115
451,171
451,100
454,962
455,964
455,294
455,275
457,525
457,576
457,562
458,927
460,1011
461,630
462,789
463,526
463,246
463,173
464,73
466,658
468,800
468,631
469,84
469,818
469,617
470,278
470,410
476,348
476,250
476,802
476,895
477,237
478,759
479,206
479,756
480,277
480,720
480,223
481,999
481,74
485,620
485,987
486,296
486,763
487,195
487,498
487,962
488,542
490,430
490,573
492,103
494,531
494,642
495,993
496,353
497,197
498,784
498,926
499,204
501,757
511,812
512,448
512,190
513,122
513,279
514,384
514,481
519,179
520,536
521,583
525,532
525,782
526,382
526,651
526,688
527,776
527,74
528,457
528,21
531,966
533,270
534,817
535,853
536,77
537,705
540,469
541,449
542,107
542,915
546,516
547,810
548,495
549,688
550,742
551,641
552,944
555,103
556,617
556,983
557,660
558,345
558,107
559,534
562,613
562,270
562,99
563,516
565,812
567,376
568,296
570,151
571,224
571,1016
571,602
572,307
573,974
573,422
574,413
576,560
576,880
577,153
577,533
580,667
581,240
583,700
586,797
586,492
588,276
589,437
589,155
590,599
593,991
594,469
596,632
603,186
604,836
605,788
607,10
608,274
608,774
610,882
610,783
611,527
611,354
612,788
613,797
613,949
614,992
617,28
617,680
617,862
617,309
619,168
620,450
620,588
620,934
620,550
620,58
622,407
622,542
623,698
623,937
624,172
624,594
624,824
624,274
633,702
633,528
635,148
636,540
638,501
639,501
641,721
641,121
642,315
642,622
642,370
642,330
643,812
643,828
643,339
643,102
644,359
646,451
647,801
647,477
648,867
649,864
650,1001
650,178
650,926
650,163
651,897
651,81
652,18
654,529
655,661
656,729
656,358
657,339
657,284
658,818
659,284
661,78
661,1020
661,270
661,492
662,577
663,1005
666,752
668,334
668,843
671,82
671,784
672,574
672,203
673,1012
677,463
677,602
677,248
677,941
678,476
679,780
680,742
680,413
680,401
681,217
682,108
682,312
683,165
684,373
686,423
686,264
686,890
687,439
687,311
688,297
689,621
691,57
696,953
697,437
697,426
698,514
698,818
700,324
701,68
702,98
702,623
702,590
703,971
703,789
704,878
704,452
705,540
706,220
708,94
711,540
712,82
714,362
715,430
718,7
718,605
719,96
720,877
720,773
721,882
721,686
724,603
725,531
726,931
728,10
728,601
729,915
731,424
733,161
733,68
734,29
735,323
735,296
738,128
739,137
739,705
742,891
742,335
749,344
750,289
751,158
752,131
752,436
752,578
755,679
756,712
756,92
757,121
757,806
757,247
758,240
760,920
761,82
762,271
768,957
770,230
772,530
773,990
773,789
773,413
773,668
774,963
774,855
776,167
776,952
777,408
780,886
780,470
783,582
784,834
784,652
784,198
787,871
788,957
788,982
789,173
789,880
789,59
789,719
791,25
791,61
794,451
794,467
797,961
799,749
800,216
801,689
802,984
802,250
805,63
806,85
808,187
810,397
810,255
811,1022
812,826
812,677
812,219
815,415
815,540
815,886
816,928
816,962
816,225
817,966
817,431
818,23
819,456
819,847
820,6
822,720
824,408
824,562
825,296
825,854
826,134
828,889
828,642
829,942
830,76
832,784
833,971
834,761
834,34
835,589
836,720
837,210
838,712
839,98
839,893
840,411
842,395
843,858
843,719
844,824
844,430
846,87
846,567
847,1023
847,891
848,356
848,756
850,622
852,247
853,617
853,208
853,314
853,919
856,1018
859,620
859,647
864,720
864,939
864,680
865,791
867,649
867,701
868,993
870,232
871,921
871,556
871,290
875,702
877,909
878,1008
880,733
880,278
880,310
881,985
882,762
882,113
882,335
884,1015
887,956
889,16
890,643
890,882
891,47
892,952
893,935
893,894
893,30
894,141
896,245
897,422
897,927
899,895
899,511
901,323
902,146
902,164
903,779
903,973
904,123
906,32
906,457
907,420
907,155
907,218
908,287
909,353
909,261
911,530
913,372
914,496
915,815
915,766
915,880
916,836
916,241
916,566
916,772
918,20
919,71
920,604
920,51
921,801
921,524
921,624
921,556
923,846
924,30
924,205
924,349
924,155
925,1014
925,1021
927,74
927,289
928,53
928,423
929,919
929,141
930,220
931,907
931,413
934,258
934,467
935,272
936,646
937,573
937,134
938,661
938,633
939,700
939,385
940,74
940,79
941,223
942,918
943,939
944,239
946,866
946,571
951,476
952,27
952,941
952,236
952,252
955,46
955,597
956,133
956,496
957,494
959,384
961,361
962,738
962,943
963,240
963,359
963,274
964,750
964,94
966,58
970,368
972,931
972,974
973,410
974,978
974,512
976,294
977,614
980,67
982,1017
983,650
983,624
983,573
983,901
984,115
984,808
986,131
987,462
989,25
990,948
991,90
991,249
992,369
993,668
993,752
993,79
993,546
995,647
999,221
1004,494
1005,488
1005,848
1008,681
1009,628
1012,897
1013,345
1014,322
1014,787
1014,697
1014,143
1015,415
1016,318
1016,133
1018,455
1018,706
1018,16
1019,610
1019,819
1020,920
1020,720
1021,231
1021,535
1022,577
1022,802
1023,61
